1.860323425632237626e-02
1.910529456290821493e-02
1.951373197482308974e-02
1.869918256247304900e-02
1.956252775646694086e-02
1.803449546475888177e-02
1.840011970618704584e-02
1.892495669409000048e-02
1.904477806137794271e-02
1.803167998774968250e-02
1.784546777894258085e-02
1.766960344407753070e-02
1.744609573575761630e-02
1.765248791264573125e-02
1.737127286914730284e-02
1.716836769612462010e-02
1.705715775932747924e-02
1.683164099355360932e-02
1.681538180432506913e-02
1.658814564428179317e-02
1.641749850788132292e-02
1.615550564276158063e-02
1.606402759273373171e-02
1.578503290517796476e-02
1.585817746406548157e-02
1.555489415607780312e-02
1.528116568499437999e-02
1.516406280060234035e-02
1.486859865015810467e-02
1.473801072161173842e-02
1.441898820511244850e-02
1.433166738965629960e-02
1.399850542378622276e-02
1.395957004800185697e-02
1.362306248982037005e-02
1.347503222030488335e-02
1.311302556243387762e-02
1.313784788407834636e-02
1.276452047539899937e-02
1.240653961328697097e-02
1.204448783404654666e-02
1.162032169570548223e-02
1.162662807631842377e-02
1.123231049386685942e-02
1.082289295922544969e-02
1.077475952393081027e-02
1.036486307156569975e-02
1.029636818973911350e-02
9.884218891781038074e-03
9.756249501252756140e-03
9.331233035158814637e-03
9.288914042766216461e-03
8.869200147328504258e-03
8.386965875344265520e-03
7.895111705744084496e-03
7.929414753155117346e-03
7.709343293116788232e-03
7.295855527893913006e-03
6.818214628797725219e-03
6.344982211421545948e-03
6.419922729316351884e-03
5.954002504013788943e-03
5.533303842310210996e-03
5.391501552343469506e-03
4.979262336431977687e-03
4.886054743821199864e-03
4.495676720388086522e-03
4.341461314264938309e-03
3.972075517618911533e-03
4.114518214661355699e-03
3.536294029696351870e-03
3.238428729372411219e-03
3.198720574622337942e-03
2.967028130632320959e-03
3.026943254269665040e-03
2.723037330003896805e-03
2.633828876785759832e-03
2.619381288011313202e-03
2.590871987612763938e-03
2.610728860012789809e-03
2.677027128940134837e-03
2.849389045556316447e-03
3.192298521535685829e-03
3.326832815541469479e-03
2.887855404994699171e-03
3.822370254656815014e-03
2.886294143862766504e-03
2.975053602161992217e-03
2.799284778848498689e-03
3.222299640161518930e-03
2.746092931127375181e-03
3.286564334891384220e-03
2.700828539750621538e-03
2.765086880863409924e-03
2.935939204107396172e-03
2.718865616933796581e-03
2.971312999392794474e-03
2.685890451216144115e-03
2.815462295860604591e-03
2.674755767261727257e-03
2.760248021784095229e-03
2.669933712765582001e-03
2.751719397168228554e-03
2.656034981229904446e-03
2.752605528092977316e-03
2.645484822483501475e-03
2.747557282201662510e-03
2.638435276344219815e-03
2.722870146362965649e-03
2.635313757430868264e-03
2.706517619527559759e-03
2.635327958506961110e-03
2.666577386870927491e-03
2.633763809789080312e-03
2.625652344811824079e-03
2.664280868077240072e-03
2.620611855680965441e-03
2.658611071269745274e-03
2.617310631070624005e-03
2.653022595449749943e-03
2.615984080719835347e-03
2.636182574506262810e-03
2.617364483753048532e-03
2.602590320547326641e-03
2.630806995371992585e-03
2.612950149732951033e-03
2.643603811165906592e-03
2.609239085585302043e-03
2.620802449452064309e-03
2.608370290299810712e-03
2.604211746528806160e-03
2.632766327537172657e-03
2.604737621486497012e-03
2.596130489491255133e-03
2.608717833913143380e-03
2.576989271722340824e-03
2.574036304401894348e-03
2.611961445185828623e-03
2.598377578175270486e-03
2.608150774682016504e-03
2.580922925463080553e-03
2.616008117391155352e-03
2.595742415941959536e-03
2.574005593112382861e-03
2.573014499181902615e-03
2.595813933631951897e-03
2.599297619542584314e-03
2.589250032450030048e-03
2.571379814591656654e-03
2.570646886690841626e-03
2.569434404390613658e-03
2.569863426798768558e-03
2.608515782914766490e-03
2.583561695122860158e-03
2.564925551069019427e-03
2.564743660441681783e-03
2.546666651850881813e-03
2.541412187644920273e-03
2.560106236420667258e-03
2.545928031297717276e-03
2.541775697261661193e-03
2.532233862597377261e-03
2.528112375233537712e-03
2.538763124202314536e-03
2.524932029730031502e-03
2.522232365734677906e-03
2.522638440648705682e-03
2.510992868366423991e-03
2.508200012026340353e-03
2.521563801451631726e-03
2.499103017377324321e-03
2.493809507866262543e-03
2.499468083645872696e-03
2.482378231770332455e-03
2.476669287905242101e-03
2.489685906748140276e-03
2.477420042948264012e-03
2.513509272562330921e-03
2.470029551331465179e-03
2.468686195063241051e-03
2.457712929254562972e-03
2.452615854500628245e-03
2.495076844177934738e-03
2.453694369671910458e-03
2.464483816137508221e-03
2.505088276287148474e-03
2.479515711067636907e-03
2.456560129469709253e-03
2.445493388779862443e-03
2.442521561001664843e-03
2.481703980236282803e-03
2.467975492914997737e-03
2.446369682119864386e-03
2.443300517634305891e-03
2.435099928596029528e-03
2.432549232736946898e-03
2.457836864278251099e-03
2.428238430979279272e-03
2.425445852376362232e-03
2.465222750698714549e-03
2.446982233007322094e-03
2.436824034535489680e-03
2.428367581089774241e-03
2.433373478903044784e-03
2.433544933900577689e-03
2.413616075910174352e-03
2.410082378120681490e-03
2.432041722511102400e-03
2.410452703956345033e-03
2.412448975104064530e-03
2.415899621080352944e-03
2.423474692934135533e-03
2.403651597049250022e-03
2.401681986259562862e-03
2.415429616665853985e-03
2.397972451611884992e-03
2.396129962613069431e-03
2.390495735123621124e-03
2.387635867145410096e-03
2.423428103415781187e-03
2.412233991904932928e-03
2.391263254644560021e-03
2.403748172688402462e-03
2.387647647947965801e-03
2.420181938621035478e-03
2.402955444996912604e-03
2.383032538855522908e-03
2.380478586741063829e-03
2.374787469126560246e-03
2.371510352950245704e-03
2.388593031844687964e-03
2.375834228340201193e-03
2.364081666015538374e-03
2.360141088675882237e-03
2.372807452672875961e-03
2.361327714432204239e-03
2.368865437525458084e-03
2.357542869301787469e-03
2.355495549394848176e-03
2.345514974240625605e-03
2.340444787758855227e-03
2.343969028826387024e-03
2.345146136031317496e-03
2.342952334393189062e-03
2.327896838287490944e-03
2.322607539709142799e-03
2.336262768146468716e-03
2.322931949073403501e-03
2.318236132211493050e-03
2.316453231397841428e-03
2.309822501361913361e-03
2.305407303024087362e-03
2.315278313652746611e-03
2.299627991142139116e-03
2.294641398164154467e-03
2.296341429083637031e-03
2.282691060833119678e-03
2.276572748168170790e-03
2.285723792002314347e-03
2.276676893420481740e-03
2.274967399723104577e-03
2.275177836924768826e-03
2.274711986412603082e-03
2.273866337303975804e-03
2.261600493409288148e-03
2.260725485972447935e-03
2.250714909125650642e-03
2.246913492073621121e-03
2.245359775422506310e-03
2.240511851070658977e-03
2.235849755382157689e-03
2.232875977279391577e-03
2.249749849133952928e-03
2.229422161023952853e-03
2.224599909780966556e-03
2.223306859227447418e-03
2.218689285193420346e-03
2.204233977732839023e-03
2.198411251200238503e-03
2.269137129007781084e-03
2.249897052049476542e-03
2.199945447234452622e-03
2.235684677963867273e-03
2.207890423425729054e-03
2.195911756211255117e-03
2.193869948378446288e-03
2.185387341749889245e-03
2.180485483434524419e-03
2.207991028486122609e-03
2.176962299327844796e-03
2.171451895071063731e-03
2.176484895107022588e-03
2.163169672498077567e-03
2.157260168566099701e-03
2.189437243375835784e-03
2.159422146722489444e-03
2.158768687774870187e-03
2.153548860563514467e-03
2.151028207645122592e-03
2.138644847742621202e-03
2.132971761705126923e-03
2.164055975535594811e-03
2.140832062514141931e-03
2.126892836586180557e-03
2.121149817610135102e-03
2.121148264081940127e-03
2.115389695572789108e-03
2.156077379243503955e-03
2.129524213081324113e-03
2.110653592146571889e-03
2.105218172632650209e-03
2.102213227336169332e-03
2.095954026903990020e-03
2.119163642524513058e-03
2.092213677555188056e-03
2.087994495691858354e-03
2.081222244354363760e-03
2.074909441905026242e-03
2.083281593629360273e-03
2.088621413151470207e-03
2.070443064644544862e-03
2.065228408485442202e-03
2.062950235481086914e-03
2.058721440687416582e-03
2.049044266240973577e-03
2.042922207154296288e-03
2.048104871717026931e-03
2.046868841391935590e-03
2.042347319980319931e-03
2.039286547293350793e-03
2.037412971072627421e-03
2.034048290938117454e-03
2.019503719383974882e-03
2.013616109770910434e-03
2.015088398032549577e-03
2.005897632373909723e-03
1.999273514030952548e-03
2.014864113689562863e-03
1.998424292102396471e-03
1.993131083674604120e-03
1.996667160176546219e-03
1.977967453059781278e-03
1.970861814780455745e-03
1.979346624942923683e-03
1.961816771461011299e-03
1.956508278207147455e-03
1.956788715946844448e-03
1.954703683856306995e-03
1.950189121049272778e-03
1.947853206373029167e-03
1.945217007672361831e-03
1.939617792173331523e-03
1.937356250681920855e-03
1.930766606400458052e-03
1.927804592209980683e-03
1.923480149844225551e-03
1.919808501257058708e-03
1.913857049242406738e-03
1.908762756293480578e-03
1.901098839620196657e-03
1.894293145936809530e-03
1.903364205039892454e-03
1.894514811543013266e-03
1.906556850219676136e-03
1.910175304399297502e-03
1.876327192134596977e-03
1.873444425170345262e-03
1.874060968104829250e-03
1.865048542146974242e-03
1.860564468743386435e-03
1.895032223714232522e-03
1.869447973124604978e-03
1.875617720351829831e-03
1.851794376921955809e-03
1.847777035111408672e-03
1.873215620683765792e-03
1.854395394577323941e-03
1.836704783268694463e-03
1.830518984080264921e-03
1.899126888801005997e-03
1.861756309452955449e-03
1.836424795862323656e-03
1.833580839326498513e-03
1.842819282473207032e-03
1.820242366543101120e-03
1.808906863156156675e-03
1.818123657032266749e-03
1.795311747771477506e-03
1.786668399937352270e-03
1.812199387227875214e-03
1.789579006523878135e-03
1.798638978630084928e-03
1.776486599579740755e-03
1.770531493501925624e-03
1.771073114429699835e-03
1.749868932084508444e-03
1.744742655894415684e-03
1.766468539029952822e-03
1.805605880005889397e-03
1.749003705004081866e-03
1.787678426841576851e-03
1.771929363595159401e-03
1.765205800001279357e-03
1.792938974987001721e-03
1.775400179193198369e-03
1.748490545741776536e-03
1.784927009732539815e-03
1.764914758368485437e-03
1.766938393067740698e-03
1.755127874517814490e-03
1.758386651024457237e-03
1.756564231091273243e-03
1.738046733901765784e-03
1.734817777540476058e-03
1.735916440350870893e-03
1.818446035820486806e-03
1.757155308412028383e-03
1.751019240065931903e-03
1.723126776934091886e-03
1.722757050818257696e-03
1.746072950692179049e-03
1.739583978162873024e-03
1.801820942165299755e-03
1.745701501567942238e-03
1.723837909448855399e-03
1.725085225122824362e-03
1.730039299869368108e-03
1.735079417425122728e-03
1.710451498693643657e-03
1.707445923716632841e-03
1.708456326158902527e-03
1.700562330056887284e-03
1.697701193332012970e-03
1.743695902735820091e-03
1.721392807240040845e-03
1.712184275324935001e-03
1.717894874469494404e-03
2.004697915497621885e-03
1.718068841331077401e-03
1.700280426308431458e-03
1.690337806226849260e-03
1.687076281801425104e-03
1.687870811636793533e-03
1.782253159831603817e-03
1.712000687353332218e-03
1.700695126937268320e-03
1.706332307956914818e-03
1.685908429631122196e-03
1.690584635586134254e-03
1.684771314685251653e-03
1.683068721590186279e-03
1.674275139954550795e-03
1.670643169001340134e-03
1.702030995530012802e-03
1.685911632548608985e-03
1.693314374445198389e-03
1.667425960052759670e-03
1.664442458660375657e-03
1.660318949426198287e-03
1.656358604693708436e-03
1.684485511919908696e-03
1.661436473432531535e-03
1.655750498623098643e-03
1.653554640206000848e-03
1.660505724337846267e-03
1.652610906106910527e-03
1.650439370155076801e-03
1.652330877999541592e-03
1.633755426720062687e-03
1.629052575654821311e-03
1.635182989101480189e-03
1.628450123058899912e-03
1.626552333947706153e-03
1.626923308997052509e-03
1.631315834107582852e-03
1.625203967661303928e-03
1.624767309400088067e-03
1.614118726029567519e-03
1.610896082050450318e-03
1.622952692640011740e-03
1.625228287435831476e-03
1.616065249274378779e-03
1.642661340785500634e-03
1.623572805353079573e-03
1.614263729217246812e-03
1.610231873796608149e-03
1.607142085857438119e-03
1.606684207399178277e-03
1.602573801845141865e-03
1.602434844053202134e-03
1.599978760649767295e-03
1.596013928683581717e-03
1.592196571041482045e-03
1.610653901915726216e-03
1.595203854599880344e-03
1.596973180634342349e-03
1.592729111757229532e-03
1.602751970713245377e-03
1.594163211714016981e-03
1.584082910646489317e-03
1.578529650595128508e-03
1.578529650595128508e-03
1.578242116427541752e-03
1.577634911362979508e-03
1.578908739894968605e-03
1.578357440804034617e-03
1.578063720996891739e-03
1.576706657944515477e-03
1.577008553240277777e-03
1.578853974621763356e-03
1.576015492266491513e-03
1.575521400824952956e-03
1.576283042375115073e-03
1.576325922555854575e-03
1.576035847992818262e-03
1.574275285070148023e-03
1.573554971876944819e-03
1.573888223138864007e-03
1.573787067776000193e-03
1.573848787648879366e-03
1.573466833540315690e-03
1.573165465218129278e-03
1.572981603308654108e-03
1.572653801571344268e-03
1.572180536710265919e-03
1.571807732976160388e-03
1.571094085271673713e-03
1.570540612650384027e-03
1.570532465054341742e-03
1.570031184620845899e-03
1.570734318381061811e-03
1.570125115324949583e-03
1.569972510114481246e-03
1.569740957590992636e-03
1.570003901179117811e-03
1.568579036134720717e-03
1.568230546811322235e-03
1.568094166908062803e-03
1.567758018600984293e-03
1.567376869669456774e-03
1.566922169027318290e-03
1.567973547604961659e-03
1.568527300645605749e-03
1.568694280117410855e-03
1.568515790712932123e-03
1.566656378796826843e-03
1.566389127493739153e-03
1.567049404495368670e-03
1.566367004817159625e-03
1.566148194061534049e-03
1.565721704434142048e-03
1.565392104064367018e-03
1.566191871387401235e-03
1.564866424558997160e-03
1.564503268177031003e-03
1.564083760354439967e-03
1.563614562865023316e-03
1.563421904363537784e-03
1.562937990384760667e-03
1.564924120267319196e-03
1.562756653626373726e-03
1.562303978417056705e-03
1.563053730985641820e-03
1.562460068519677669e-03
1.560696164948693898e-03
1.560059520114509546e-03
1.560488135374127339e-03
1.562388273090853374e-03
1.559779423478069305e-03
1.559449268579427006e-03
1.558849747919532902e-03
1.558392777523232020e-03
1.562207880973054408e-03
1.558803830660870915e-03
1.558822507326307338e-03
1.558241357597189847e-03
1.558009274499672081e-03
1.558191218076765416e-03
1.558426456589989684e-03
1.556603064393757840e-03
1.556299710185005125e-03
1.556304373258154961e-03
1.555520776886587520e-03
1.555045147003442096e-03
1.555624473985606215e-03
1.554892822227205151e-03
1.554521208949055655e-03
1.558287707904670860e-03
1.556376362094713528e-03
1.556862922616364386e-03
1.554475567426050198e-03
1.554659990666618086e-03
1.554209486424040776e-03
1.554817720227585909e-03
1.555868654201653101e-03
1.555472235778343482e-03
1.552993666200985778e-03
1.552756919207198827e-03
1.552294604126758237e-03
1.552307596275670498e-03
1.557660443139541329e-03
1.554028129138518288e-03
1.552133896932317292e-03
1.552090609000744692e-03
1.553971562851419463e-03
1.552516544161219869e-03
1.552148568312872179e-03
1.554378070049211580e-03
1.553282290182256276e-03
1.551200263707808169e-03
1.550979407841435176e-03
1.552026165302367033e-03
1.550851400370145683e-03
1.551441839595213423e-03
1.553454418226296596e-03
1.552237668535294546e-03
1.551965233958396695e-03
1.551503079094573856e-03
1.550851400370145683e-03
1.550624318057858275e-03
1.551089371421787710e-03
1.552102785639775107e-03
1.552388341350630085e-03
1.551976908592878068e-03
1.553160184354029916e-03
1.551797467231330607e-03
1.551741864099454027e-03
1.550766908545719858e-03
1.550317763973629859e-03
1.550177187442658422e-03
1.551236253057530767e-03
1.549742240034679419e-03
1.549496204973910274e-03
1.550321415154543025e-03
1.550004763586354528e-03
1.549876313928000293e-03
1.549126392376920514e-03
1.548882632048109720e-03
1.549468201831327718e-03
1.548894547416579393e-03
1.548443924524134374e-03
1.548178012332201980e-03
1.548705939538708165e-03
1.547921215021008656e-03
1.547698574077105427e-03
1.548160825902700211e-03
1.547557239668706508e-03
1.547454034111384047e-03
1.547216723653099812e-03
1.546964248222648663e-03
1.546805397282802197e-03
1.546776104381364370e-03
1.546665963822246859e-03
1.546527209449366502e-03
1.546721724943411758e-03
1.545474052498496675e-03
1.545118651760768458e-03
1.546724301579316396e-03
1.546660352960804730e-03
1.545812475518770768e-03
1.545192876358236767e-03
1.546168452593921216e-03
1.545923316011110771e-03
1.545359106643884317e-03
1.544567509786487491e-03
1.544291304199196802e-03
1.544130507150853759e-03
1.543825201999027286e-03
1.544092293011334327e-03
1.544421677329155251e-03
1.543917303801989327e-03
1.543261447146337950e-03
1.543081021984638035e-03
1.544343943327031177e-03
1.542898275599169367e-03
1.542723040004023716e-03
1.542025742224839568e-03
1.541683515238645441e-03
1.542639277261614872e-03
1.543302000939217322e-03
1.542355364115843841e-03
1.543410802989808595e-03
1.540905123494695772e-03
1.540573950230661460e-03
1.540247031567631986e-03
1.539819858362490024e-03
1.542245671727782153e-03
1.542581753642524589e-03
1.540014304529324640e-03
1.540439721938069439e-03
1.538945166697613942e-03
1.538537770356729339e-03
1.541110354689179118e-03
1.539557540660374535e-03
1.538774036096479669e-03
1.537362174170109341e-03
1.536869619516267882e-03
1.539930764839270161e-03
1.537204749106346746e-03
1.537411366352992026e-03
1.536661953716267348e-03
1.536581540313441963e-03
1.538229690356884838e-03
1.536907520745089961e-03
1.536775027313752595e-03
1.535706000870940002e-03
1.535553630810704284e-03
1.535326459251584730e-03
1.535093512471608079e-03
1.537354493321152482e-03
1.535487583109951260e-03
1.537749605717730894e-03
1.536635772067529437e-03
1.535634196540569540e-03
1.535620324936148862e-03
1.537335722598287546e-03
1.536211981340906974e-03
1.535497569510657634e-03
1.535658939645800913e-03
