9.144949347674486972e-01
9.206264080710107045e-01
9.090517158169093559e-01
9.006118253119806960e-01
9.284801094313324121e-01
9.064952753078138192e-01
9.336972033451641506e-01
9.230543787462446303e-01
9.066325759096638404e-01
8.964229167275231669e-01
8.855720234570222393e-01
8.789880368279487932e-01
8.802453229009805646e-01
8.769381684831480950e-01
8.708019672031376279e-01
8.686579815131700855e-01
8.619145684924975903e-01
8.633199629023055044e-01
8.595928867633713111e-01
8.533684091258899596e-01
8.497378323354867202e-01
8.426099506607589440e-01
8.342396877548776679e-01
8.250744559632549047e-01
8.227189309106872628e-01
8.127470939003894612e-01
8.011386432328315710e-01
7.875954892969468935e-01
8.060992189843326772e-01
7.884685362546464127e-01
7.793229061716390182e-01
7.677872940768029064e-01
7.650824633612953729e-01
7.526496349450063628e-01
7.387729170512328247e-01
7.228285146206420153e-01
7.181543214627241767e-01
7.007955364041242863e-01
6.997059515970360799e-01
6.820681959817607165e-01
6.813359575089470432e-01
6.624704172460440521e-01
6.615486062073232532e-01
6.420725402795923742e-01
6.300346235252956006e-01
6.073778686333244359e-01
6.088761706764674875e-01
5.717429272586780353e-01
5.457745764354495766e-01
5.351271544084428289e-01
5.055294467148471194e-01
4.929056926304219433e-01
4.597202086819929256e-01
4.679493132090017937e-01
4.414100430744415382e-01
4.098223954291840831e-01
3.975109524365585401e-01
3.628343473234523220e-01
3.528715227551755262e-01
3.160246574529377295e-01
3.024320614477974400e-01
2.630171930580605943e-01
2.561916005573462440e-01
2.147349849840014535e-01
1.671907127494841605e-01
1.163342436842695893e-01
1.264224792381225537e-01
9.132756698588717637e-02
4.359724991534019711e-02
4.074131868573882542e-02
6.567679703702200555e-03
5.584401278621076159e-02
1.007431290230944576e-01
1.319577780828660174e-01
2.121513860567056931e-01
2.653238367303873968e-01
1.818875081683841710e-01
2.242956177265682527e-01
1.466831965547392702e-01
2.835338083022788114e-01
1.394777922241501322e-01
1.860033937602847409e-01
1.252649530657692356e-01
1.557036302306631370e-01
9.992461336627722623e-02
1.844166879509415713e-01
9.124915623130203102e-02
2.152530623149131461e-01
8.747419708461956489e-02
1.007109812520277092e-01
1.659791796331864244e-01
7.973195293667645345e-02
1.662940790464428886e-01
7.240736171858419556e-02
9.441665055661019323e-02
1.509506890829818149e-01
6.780366889305500244e-02
1.043738384335115565e-01
6.796236306035463581e-02
9.959898700689451267e-02
6.287202155857907204e-02
1.125804151346866400e-01
6.029267888937361874e-02
1.240089541807605222e-01
5.756385885445425288e-02
8.146764692176522438e-02
5.483262039747560657e-02
7.714495914948438227e-02
4.908604759994239508e-02
7.736581518284246783e-02
4.540993406992732684e-02
9.226136277108554218e-02
4.585503755402675630e-02
6.831701922312793940e-02
4.192651199925012673e-02
7.409370586136743153e-02
3.986229733526047703e-02
7.966984105162933094e-02
3.774388090698876930e-02
7.763068057336930394e-02
3.549772803296535884e-02
5.277416650776300955e-02
3.645063980783813662e-02
6.555898461819897882e-02
3.137350398497429360e-02
5.034358794749738131e-02
3.228093176326329861e-02
6.203727836967654063e-02
2.886753823961074605e-02
5.659216051909088385e-02
2.656447052698585054e-02
6.353835218114389782e-02
2.537577946993463396e-02
3.101129410986724899e-02
4.605550588006046553e-02
2.541895984805830899e-02
4.558047673501575137e-02
2.398220971819364777e-02
4.698862862917074779e-02
2.291038738995365698e-02
4.807257644865248203e-02
2.054639342934483359e-02
2.895875837993355795e-02
4.214281196236990823e-02
1.981743636902344452e-02
2.888208050011720207e-02
1.997691171292170775e-02
3.100507359754378633e-02
1.967491293009182574e-02
2.736923767129306739e-02
1.761134897256622089e-02
3.215567390069773435e-02
1.683665528549815882e-02
2.797947191368055364e-02
1.701739184720996167e-02
2.976586718846485624e-02
1.580168037167428707e-02
3.017358969250549805e-02
1.480621433101347861e-02
3.008495604138805568e-02
1.305364432130207142e-02
1.861806572626267808e-02
2.709064609918065969e-02
1.264269850286880992e-02
2.843238096085842770e-02
1.229886305986638284e-02
1.674353469822453810e-02
1.845874726240914754e-02
1.178622915120830505e-02
1.989175566234147041e-02
1.128149531322863997e-02
2.026057311843143527e-02
1.127516711685561113e-02
1.985197447511310997e-02
1.112508302545045513e-02
1.862849331683136267e-02
1.055720241320989849e-02
1.852656586065459798e-02
9.716662143507415195e-03
1.796675319288576489e-02
8.423948619523224934e-03
1.283195087521193933e-02
8.746480091545438817e-03
1.325201587918334312e-02
8.385170711872724780e-03
1.293635444971319437e-02
7.868324801680870451e-03
1.355818889534399219e-02
7.438755498683002898e-03
1.317742339173766375e-02
7.590303509175555519e-03
1.353373359399401288e-02
7.345507628478964435e-03
1.211475875992817919e-02
7.102539788085504568e-03
1.182869036074696290e-02
6.427434131575981979e-03
9.999192086699748572e-03
5.878705912272130796e-03
1.055114162461578964e-02
5.576405141368256935e-03
9.542820042893085386e-03
5.640383676459581608e-03
9.272053393632351259e-03
5.185592840518560287e-03
8.869603815467641539e-03
5.100159173055063278e-03
8.935281859174137864e-03
4.911470538864648461e-03
9.461512730398080606e-03
4.771750677674213570e-03
7.625671860555738313e-03
4.858331488662104292e-03
8.334917222223126032e-03
4.497624996650850804e-03
7.781305623317802400e-03
4.257874475819933835e-03
6.774166639619050301e-03
3.943751494365654864e-03
6.907366813548643236e-03
3.720277725755782861e-03
6.458096760076137421e-03
3.760308818513413698e-03
6.261817369654032461e-03
3.408268795602520385e-03
5.846116662360345551e-03
3.438820190192037884e-03
6.017827999542868511e-03
3.230509255904623345e-03
5.514294677056552629e-03
3.276058627084355024e-03
5.902685079879343988e-03
3.138289847084418938e-03
5.447943544488853540e-03
3.070490733733999278e-03
5.097770940248658178e-03
2.829151904798932193e-03
4.607459866872165577e-03
2.636398453200849978e-03
4.557582692822914616e-03
2.499718376534953990e-03
4.341072153771330377e-03
2.487429174495070505e-03
4.152645581540270747e-03
2.284384270911710146e-03
3.929560831478218219e-03
2.275073106239866583e-03
3.943286048626259976e-03
2.174077337537605459e-03
3.747202689475592763e-03
2.159528086918882650e-03
3.887609994030150062e-03
2.063736176558750302e-03
3.633132191046106740e-03
2.087480404997288375e-03
3.390410343510286140e-03
1.879255139927371587e-03
3.078006215778250620e-03
1.762925451938568422e-03
3.022967915799479321e-03
1.660544624897619670e-03
2.901949975567807982e-03
1.663470629219787611e-03
2.754760120921462274e-03
1.516861406066993823e-03
2.633800499472815915e-03
1.519687872711061871e-03
2.616019753336584763e-03
1.442678079172310390e-03
2.510673298538490528e-03
1.443884721452959319e-03
2.590663559716932518e-03
1.391123776925962119e-03
2.400816310469178205e-03
1.381163050223621624e-03
2.265393924262060210e-03
1.246202061053747201e-03
2.045237187455084538e-03
1.180916864306214009e-03
2.052604266123525534e-03
1.095443497832748747e-03
1.891198539133664980e-03
1.119928057228491980e-03
1.873133281262928662e-03
9.988427951871381438e-04
1.716326216461006027e-03
1.023840041005197321e-03
1.792716924595483263e-03
9.484914585307091528e-04
1.622297547969053788e-03
9.746013362701422267e-04
1.697459683609903180e-03
9.274525596549842987e-04
1.620179611207639425e-03
9.224047546407820874e-04
1.488532508761575279e-03
8.284723018328055133e-04
1.385009617413723859e-03
7.888020925969074781e-04
1.343449585092248988e-03
7.444855085858570476e-04
1.283955887973808885e-03
7.318046478096418284e-04
1.226924749868851805e-03
6.804296563862610725e-04
1.166255038641761388e-03
6.670000563936406834e-04
1.167990789742057167e-03
6.473339982115966507e-04
1.108331955330887908e-03
6.338561368932627005e-04
1.128507234940512305e-03
6.170024428120424176e-04
1.077844412069817182e-03
6.167128385079490016e-04
9.939485747513243652e-04
5.500851039177412360e-04
9.208148567685370267e-04
5.275645712302656776e-04
8.966828023052597629e-04
4.941561823790241448e-04
8.534490842271313937e-04
4.895585481565767338e-04
8.194039450423185045e-04
4.514867568066183168e-04
7.753690108656119406e-04
4.461646489540838090e-04
7.801796739395072677e-04
4.292728147785584980e-04
7.366582563119727922e-04
4.243004252618698402e-04
7.518342233059360780e-04
4.095035856157558385e-04
7.163445002349444479e-04
4.130072232056969384e-04
6.643756022158830987e-04
3.645614011236197882e-04
6.115089430991371700e-04
3.535178630823532231e-04
5.992633272625669250e-04
3.272865390433477017e-04
5.665976051809629155e-04
3.281764695701738788e-04
5.479712706826234125e-04
2.988779178743072862e-04
5.146985075541454790e-04
2.991554282590902503e-04
5.218153734416475231e-04
2.839810171619827628e-04
4.888935495952484445e-04
2.847107535672854794e-04
5.063181267128680219e-04
2.725331104210804156e-04
2.725331104210804156e-04
7.397287313513389861e-02
4.526080757449824077e-02
3.626372664348975761e-02
1.688301450143681048e-02
2.259838970847583006e-02
3.150763415005697343e-02
3.856856146189358014e-04
3.622410343161819313e-02
3.164145782769256510e-02
6.209964804908940650e-02
4.067257627653098062e-02
4.983826850414496690e-02
3.075986052603885135e-02
5.064467840244946117e-02
2.640287765598792191e-02
3.915412919866823049e-02
2.480894324286575525e-02
4.632865186550239045e-02
2.478172741147011138e-02
3.485206632618420564e-02
2.058747948639660930e-02
4.056631661274656686e-02
2.042294518331644326e-02
3.278174513582954308e-02
2.105931473356870143e-02
3.439483519478270246e-02
1.698758322752080829e-02
2.569982241900570230e-02
1.712171523244920834e-02
2.969139459920755453e-02
1.703424775995809881e-02
2.791897307622026592e-02
1.523415864271315812e-02
2.626453926990923726e-02
1.383226157934247524e-02
2.123621035031098003e-02
1.378129157695551221e-02
2.413175299975311994e-02
1.358474170142776050e-02
2.017782351086161441e-02
1.144042773808351399e-02
2.239211633896720510e-02
1.127703562090576206e-02
1.878595848373976196e-02
1.147620042958896747e-02
1.889479855568332312e-02
1.114069484623947393e-02
1.866085831693697905e-02
1.022130651539043811e-02
1.739507746674029409e-02
9.061566507642337953e-03
1.444828839714529245e-02
9.271848173749042132e-03
1.596871180013059721e-02
9.058478776137413035e-03
1.435882355023676560e-02
7.509418004528534141e-03
1.272571237752295747e-02
7.757383687915453407e-03
1.377001515053932756e-02
7.559317704049828279e-03
1.266695615410751152e-02
7.368058499789942317e-03
1.239261887896203618e-02
6.846214375909598360e-03
1.060005890089188441e-02
6.141643236375449177e-03
1.072634364668700879e-02
6.038420417313172806e-03
1.073245752530338493e-02
6.031198954545846647e-03
9.159407997468393958e-03
5.179278867752934445e-03
9.656146801720888462e-03
4.974389786601696173e-03
8.342945895263520484e-03
5.081361505005155266e-03
8.446221088339589400e-03
4.884091280038860283e-03
8.268205804368378153e-03
4.576846864008166094e-03
7.063222041367112070e-03
4.077709966176956691e-03
7.177266837194107296e-03
4.019849083226834097e-03
7.122816235501261417e-03
4.020397678798248720e-03
6.146059518807756028e-03
3.453463509574206114e-03
6.016838034103910715e-03
3.382924612573168233e-03
5.960070047679510985e-03
3.321695600093432788e-03
5.644012589062219476e-03
3.240331399452234251e-03
5.499534644618830903e-03
3.058254008590388651e-03
4.723478102987455074e-03
2.709278128789516238e-03
5.051906700768160619e-03
2.633785128552501575e-03
4.468336459078292577e-03
2.723927384858271239e-03
4.074579042955051023e-03
2.306663485320603613e-03
4.033404323362965727e-03
2.248429091514458911e-03
3.934083155640699658e-03
2.220465579892305641e-03
3.789596366085890011e-03
2.147173974027527521e-03
3.637407809948700610e-03
2.046893163290430806e-03
3.410512133447562988e-03
1.787621893135860063e-03
2.970411732529987248e-03
1.828582808875545140e-03
3.123831364441054248e-03
1.753524650463300638e-03
2.727416626805090338e-03
1.540177931035113801e-03
2.675619026182296523e-03
1.495081120067798253e-03
2.628206778839681235e-03
1.482892780415800971e-03
2.512677455685174976e-03
1.424340050246386546e-03
2.437794524932312967e-03
1.368612352060871729e-03
2.145051379965012828e-03
1.214231258630293908e-03
2.113992103174311410e-03
1.192778415358475286e-03
2.083628290373340519e-03
1.166526719212357399e-03
1.817510054812232489e-03
1.029330360873492722e-03
1.783106106013399028e-03
9.932474474934060993e-04
1.748239707821230837e-03
9.909362624154205434e-04
1.674588603448379232e-03
9.443105462535461569e-04
1.624286180072265218e-03
9.157420779080105433e-04
1.430561754063974789e-03
8.056913033978041483e-04
1.407605979893200576e-03
7.967203821177548662e-04
1.389214598804811018e-03
7.751937805100528323e-04
1.211656228573887439e-03
6.887338378587237742e-04
1.187643160584395119e-03
6.590582523241517166e-04
1.164056509124988814e-03
6.628530585792713481e-04
1.115119823521304454e-03
6.254669761078801571e-04
1.083012755566992169e-03
6.133502668170809358e-04
9.532162879337668926e-04
5.340111824477800084e-04
9.378423215496978216e-04
5.328750979181062775e-04
9.255551887306090464e-04
5.144437449814409646e-04
8.083981336080015012e-04
4.615010510753414508e-04
8.250725588835328139e-04
4.364406949757260179e-04
7.396127096781501820e-04
4.443483718188367959e-04
7.383324460219498064e-04
4.142642070976698676e-04
7.263956589221853832e-04
4.108020442654680693e-04
6.306948533507661381e-04
3.539832999606140618e-04
6.293329668362046547e-04
3.563784044575690757e-04
6.119857619872881571e-04
3.414519211769606599e-04
5.441331374084201755e-04
3.091287190728486678e-04
5.304028241386316012e-04
2.945154458393606234e-04
5.128639510992849537e-04
2.922880634355085050e-04
4.898198187821556360e-04
2.741171331159808489e-04
4.860778230205697881e-04
2.753838698965616061e-04
5.807442397696149783e-04
1.695514739271652971e-04
4.468544978781796573e-04
2.342530245253993115e-04
3.928336376266550189e-04
2.389957005646259347e-04
4.040631967749952480e-04
2.269387577972237224e-04
3.659745532328395612e-04
2.066520416843520280e-04
3.488945818843625091e-04
1.955497231347358422e-04
3.450560865096985452e-04
1.952548032422285473e-04
3.483715659801100983e-04
1.809787942332885535e-04
3.004204304584146001e-04
1.850582151889934579e-04
3.182304025207693954e-04
1.284417687659189511e-04
2.811689170543196781e-04
1.587970416345729774e-04
2.784695700938089047e-04
1.563906638832879281e-04
2.681186158002279996e-04
1.509068927489920497e-04
2.454162544075488839e-04
1.380800132615433995e-04
2.313122452319849032e-04
1.299551117174280179e-04
2.317635036958032302e-04
1.303782115313900647e-04
2.174288241179045400e-04
1.229353030444135797e-04
2.158727235563873137e-04
1.208868626654258094e-04
2.586334270002765834e-04
7.487183402388186693e-05
1.862628945203947950e-04
1.057631034386830038e-04
1.870699653115925898e-04
1.041929107841177427e-04
1.769405563882830990e-04
1.005623573152591987e-04
1.651562831455066771e-04
9.201533899405589523e-05
1.655260690043292016e-04
8.531456998261965907e-05
1.420762917527795821e-04
8.812374310074311268e-05
1.356040755854381885e-04
6.215923795871436397e-05
1.439998258716546076e-04
8.188533658581853558e-05
1.447153365106146339e-04
8.052492737009586676e-05
1.230389884656624133e-04
7.053231960862937910e-05
1.254669982374556625e-04
6.930258961879154356e-05
1.171055964330758314e-04
6.713656852097571459e-05
1.109802807657267465e-04
6.119825708927884023e-05
1.024796672435268619e-04
5.884941440248425693e-05
1.030357512823432131e-04
5.669550272746626263e-05
9.470283995183237380e-05
5.469678377689746185e-05
9.766274976008570974e-05
5.347963586532777924e-05
1.148808651445509810e-04
3.347095369821140309e-05
8.085246442113280807e-05
4.728275805632176088e-05
8.485764413257435024e-05
4.585826913516832803e-05
7.670586367125586946e-05
4.506117555169719679e-05
5.241415757395451180e-05
7.809185751972425038e-05
4.119113521938722045e-05
6.395593971220137064e-05
3.881978564235222251e-05
7.393672196598366497e-05
3.821001078363472914e-05
5.852028219366367523e-05
3.609548146021879234e-05
7.019479728764821402e-05
3.597686506018327179e-05
5.858988581819435382e-05
2.522388826664556660e-05
4.882733521593962678e-05
3.111780746944958764e-05
6.160643458696934971e-05
3.089585706095299145e-05
4.559820600746888886e-05
2.968338870612541314e-05
5.360879246885108529e-05
2.750519185856781235e-05
4.106136538184479434e-05
2.583715854531654088e-05
5.072569483899336262e-05
2.548801725343885494e-05
3.750371638000515873e-05
2.408270612108687203e-05
4.817768594900240231e-05
2.391401027268535984e-05
1.184671929943537094e-05
2.045813882689540009e-05
3.840498702700756439e-05
2.031749076591982117e-05
3.496983859785363080e-05
2.099879824846162535e-05
3.681783366826785198e-05
1.935275495246191468e-05
3.030522070512908783e-05
1.872314888773374264e-05
3.289768279768345849e-05
1.680621396593640071e-05
2.789857159002373521e-05
1.740361829272174532e-05
3.625196947665276781e-05
1.071223975324109290e-05
3.083259057823362070e-05
1.561385380288715652e-05
2.605578423120480380e-05
1.638037810169912234e-05
2.396161387641093654e-05
1.417744015097532895e-05
2.497766494702347018e-05
1.334203003466871706e-05
2.534231298945144317e-05
1.247009107507857095e-05
1.962740031158372034e-05
1.290678916676668564e-05
1.938070006834990977e-05
1.184183705160712918e-05
2.118387597827009472e-05
1.094415616476052122e-05
1.811371065241207390e-05
1.117488376212172341e-05
1.983230084290354966e-05
1.013676750261094384e-05
1.526923388417422700e-05
9.715573417778955445e-06
1.735715538941917657e-05
8.612685175157785977e-06
1.366219336662588546e-05
8.882262912512928210e-06
1.641730961265963629e-05
8.013780483762111828e-06
2.801737267377202301e-05
3.766750822919995301e-06
1.255384225462563563e-05
8.139807981200064546e-06
1.255772715325065292e-05
7.572123474020031608e-06
1.366098850397179376e-05
7.159524431976649339e-06
1.663233948945297414e-05
4.332411582930184579e-06
1.346958012593546528e-05
6.504372026205906820e-06
9.958718264369004203e-06
6.727730253563990459e-06
9.584891271341433594e-06
6.073456549904321378e-06
1.114112381284115827e-05
5.575116199696417141e-06
8.676603616808442609e-06
5.593448740626172366e-06
1.050954712966678528e-05
5.164142648061975649e-06
7.926185074946801024e-06
5.227685612618770961e-06
9.548999797548418655e-06
4.582414101950149643e-06
6.809023625931054369e-06
4.672860207666218457e-06
8.873108577001076469e-06
4.134458787441452898e-06
5.939561711132412825e-06
4.092534756194865508e-06
7.655250577665029255e-06
3.590674970688212397e-06
5.554932307028082050e-06
3.873714701452257714e-06
5.584965272698028116e-06
3.602576319705619312e-06
6.747385530969651768e-06
3.316968259947650211e-06
4.840569511999071040e-06
3.239708922020412274e-06
6.103531428491848487e-06
2.918873692081547233e-06
8.714924747632579738e-06
1.470094550426459534e-06
5.823514076297442443e-06
2.576083285688035573e-06
6.258357341470954793e-06
2.508766961617503455e-06
3.174838443253946707e-06
1.302422240445633150e-05
1.020702874887646772e-06
4.625630393162438736e-06
2.357805441333127305e-06
4.905925260811905275e-06
2.308608841206094553e-06
3.275447534090147883e-06
2.277990316823519379e-06
3.495952028864657279e-06
2.220146212206230985e-06
4.033441121986669486e-06
2.044745770590772338e-06
4.014923087325428241e-06
1.842238770866089226e-06
3.849378302112071992e-06
1.581259802430068362e-06
4.040770039237528977e-06
1.507984168536147251e-06
1.734371340655904703e-06
2.617165365204066063e-06
1.575757474725492102e-06
2.666448192134573958e-06
1.523439510098256733e-06
2.805726748600356757e-06
1.463068429297109674e-06
2.216917106112603619e-06
1.378279491426326331e-06
2.110959817169799635e-06
1.222080859841767619e-06
2.143453011083096271e-06
1.132731777153672681e-06
2.072711860146014828e-06
1.010181092553352755e-06
1.655139977962960529e-06
1.093478645630696633e-06
1.652650555961088230e-06
1.038241582929089191e-06
1.940187560167672132e-06
9.801052226476869578e-07
5.016459322715327573e-06
3.570132335317666161e-07
1.698217972689874955e-06
9.907212161763823133e-07
1.689434261820110805e-06
9.041479517302164481e-07
1.559182277732773514e-06
7.814482747559026166e-07
1.603338051658909080e-06
7.127911425541810786e-07
1.067214592920251448e-06
7.251620174342221503e-07
1.375156010952061081e-06
6.741608009619426412e-07
6.147220955821097732e-06
1.033350630619267463e-07
8.854578428252324329e-07
1.128724743337805592e-06
6.750393632959372781e-07
1.222246936771753667e-06
6.387975487465169522e-07
1.196276606219015548e-06
5.765270632007712948e-07
9.293661004106112955e-07
6.172239543911217652e-07
1.042254036187628685e-06
4.927854262426478726e-07
1.044162039276486098e-06
4.468221707076835969e-07
1.123328097429876493e-06
4.322569219228356019e-07
5.286368206514069357e-07
7.855258110645024772e-07
4.531800037455013808e-07
7.612346970553574010e-07
4.208872689259735012e-07
7.188095988430731609e-07
4.153657853223080565e-07
6.829767411620224493e-07
3.790364473399421286e-07
6.730093027318417853e-07
3.413248698125315173e-07
6.561810936833722963e-07
3.102531708210065631e-07
4.362293201110034602e-07
4.610781947356201727e-07
3.057219926105858576e-07
4.838795617523317105e-07
2.944103401070208292e-07
5.126514830422479463e-07
2.872048008306649081e-07
5.223891546002334962e-07
2.740931319689110524e-07
4.585369879350764677e-07
2.823992875100600486e-07
4.707789547087060100e-07
2.458418619788460546e-07
2.894761382266075600e-06
5.115690027146513330e-08
3.953768785702749256e-07
2.278203828920410956e-07
3.556477794486312405e-07
2.012618729452242405e-07
5.115690027146513330e-08
7.987613151604566752e-03
6.705720107453227996e-02
6.202573944112699245e-02
1.714225079621645165e-02
1.429936309986157283e-02
4.224740618390487867e-02
1.567426002021798936e-02
2.040787680493127976e-02
3.438015558103080238e-02
6.759856735320857180e-02
4.676670379642255959e-02
6.506140958202200064e-02
4.264587243037487596e-02
5.114500906882424314e-02
3.193665390624911282e-02
4.897530932164639861e-02
2.866198726087687554e-02
5.045920440289508591e-02
2.780157221650758625e-02
4.581129643043768684e-02
2.380881103128840159e-02
3.869790071806245013e-02
2.119473674437788446e-02
3.690330124325535976e-02
1.864737651729742041e-02
2.932927275934971156e-02
1.894593035822356164e-02
3.454884947432812492e-02
1.567870527230530442e-02
3.010204991049536538e-02
1.337689724940460678e-02
1.635978134242499493e-02
2.476453290900315629e-02
1.210410940158790360e-02
1.914776573231746770e-02
1.291039176925767862e-02
2.234201209071828842e-02
1.084578588596962767e-02
1.883054300631659128e-02
1.162205031374696773e-02
1.836660080660745820e-02
1.092525323480475485e-02
2.027348624602676175e-02
1.008453584681900939e-02
1.821868514951252571e-02
8.859827074867543395e-03
1.265063835144464299e-02
1.774616713015697567e-02
8.240172717817628723e-03
1.234275667299677970e-02
8.564058385547301810e-03
1.628789356913817876e-02
7.705379663007105862e-03
1.276961252075947684e-02
8.199230614053032440e-03
1.223272932655372625e-02
7.571613896212525674e-03
1.370709664246105852e-02
6.938244261267323409e-03
1.402899689025338681e-02
6.342006291029211873e-03
1.258529602176072792e-02
5.345122916783906497e-03
7.011996366436012984e-03
1.003176579069486873e-02
5.450140200218278608e-03
1.123145354615329161e-02
5.380703245229323528e-03
1.269429953450340598e-02
5.227762451569084590e-03
7.380663133671694354e-03
8.148812479705891398e-03
5.246268757588934406e-03
8.235741587671263630e-03
5.021060088943318789e-03
8.909687195695292772e-03
4.573194408891256835e-03
9.133423896782177920e-03
4.423147383252779008e-03
9.083718584321331946e-03
3.956715096433693901e-03
4.693249803576327039e-03
7.065457570060607040e-03
3.529567183680804021e-03
5.386492003088161340e-03
3.599997905539220611e-03
6.870565621767577014e-03
3.425399305907017578e-03
7.946263801439701346e-03
3.406907662749203425e-03
7.370338073397708634e-03
3.139639229486901328e-03
4.119776297232924378e-03
5.927462054944543368e-03
2.965143971891404107e-03
5.985530367781155547e-03
2.802051392978066602e-03
3.980304969838033280e-03
2.740489524985734171e-03
4.312416464935520111e-03
2.678479827437629801e-03
4.013399414793950015e-03
2.388074480312196712e-03
4.355106388568619202e-03
2.353635039978874133e-03
4.423790948986150440e-03
2.238162713384728164e-03
4.950624324963959211e-03
2.208585021204800825e-03
4.603101757873817590e-03
1.964024225270755153e-03
2.618945483381596162e-03
3.596176097459435894e-03
1.807606914925208308e-03
3.799849009220368501e-03
1.738767136079677478e-03
3.919345924547457116e-03
1.661670289888506069e-03
2.299322576497120352e-03
2.626721358154560093e-03
1.596906557167709906e-03
2.956983605761798195e-03
1.557719942991253603e-03
2.608004069007963110e-03
1.547825260766466648e-03
2.782300339527310484e-03
1.475543469167561739e-03
3.027906787768430696e-03
1.439162367856461344e-03
2.797231614164119584e-03
1.241600936999764926e-03
1.634935249055669004e-03
2.341100629205783434e-03
1.112640937431574883e-03
2.365611241727627601e-03
1.038913392397033952e-03
1.528943554101158675e-03
1.696219232588225267e-03
1.080655941983255097e-03
2.027742906961838010e-03
1.018476825228820104e-03
1.677070763175247947e-03
1.053823563973987909e-03
1.729292021271033875e-03
1.021794171059964285e-03
1.798916127007665899e-03
9.768494603057398251e-04
1.906449797842491023e-03
9.392112078432379718e-04
1.746207963393531237e-03
7.887602831135875903e-04
1.040870507327484873e-03
1.450519422968366001e-03
6.859031538148929741e-04
1.532368252448845780e-03
6.573755895316057973e-04
9.377700201548266890e-04
1.154422719582770540e-03
7.006373337965499104e-04
1.199709750407507158e-03
6.772534266100693756e-04
1.221113336621115764e-03
6.820970022125560916e-04
1.224425575109489017e-03
6.412111457874125620e-04
1.267031207009439164e-03
6.060816617909914328e-04
9.641939949802669219e-04
6.460701915484978741e-04
1.088214800877396193e-03
5.047246180633901957e-04
6.717767795334506076e-04
9.428958826371847124e-04
4.313783221406852775e-04
6.677664173305730699e-04
6.857508697937220177e-04
4.628567622823043237e-04
8.935421859833647673e-04
4.333524861073190237e-04
6.764232042149043167e-04
4.583586358941627026e-04
7.153304799172310879e-04
4.449952142955293510e-04
7.482583692415278875e-04
4.304061858094732074e-04
7.721154169569865999e-04
4.266177630485312733e-04
7.758953379900512815e-04
3.959858573143737459e-04
7.126853258693222060e-04
3.230134186915645245e-04
4.324190117037662873e-04
6.377732259386093006e-04
2.902941135429770725e-04
6.492853625894579039e-04
2.750057617504353402e-04
3.758323405268493289e-04
5.673481192881579815e-04
2.828695063041841706e-04
4.378417308941173758e-04
2.914619803499052253e-04
4.838877222450577165e-04
2.877362963972229792e-04
5.283658234688237698e-04
2.827368520215145509e-04
5.186896544517871632e-04
2.571761281267015420e-04
3.969085387958148914e-04
2.576180554413332047e-04
4.484482315989524182e-04
2.094150446942943944e-04
2.767576018463113741e-04
4.192017202930831132e-04
1.818425734028128460e-04
4.266694845793672641e-04
1.753592929165659342e-04
2.335548999117253999e-04
3.566244155253084358e-04
1.872571157899294292e-04
3.790670191157197166e-04
1.806675393325463119e-04
2.763134631749153414e-04
1.874199262510423125e-04
2.863501961949399544e-04
1.740957868038295331e-04
3.284264438875306169e-04
1.690804243728027956e-04
2.560909344437867219e-04
1.584553513664932467e-04
2.839695891220239687e-04
1.379260889020628156e-04
1.924424133463720210e-04
1.273921782620757170e-04
2.503118659700209747e-04
1.218718542359553680e-04
1.915199387971799894e-04
1.246378133624714835e-04
2.434050013039312788e-04
1.171096987366837539e-04
1.741571344844317082e-04
1.227459098520622405e-04
2.437048750847381484e-04
1.095125345752512303e-04
1.648490619213793806e-04
1.122979898341425198e-04
1.748390313367487181e-04
1.065200252671205661e-04
1.885701109242132745e-04
9.200232766470861634e-05
1.303658855817957374e-04
8.538575783012536391e-05
1.433487177642245314e-04
8.284284281001585981e-05
1.474910721230848765e-04
8.174743318556387806e-05
1.639757252703821777e-04
8.046155134344701310e-05
1.584261449872892413e-04
7.506655761435609975e-05
1.110600010167939189e-04
7.735259888907997095e-05
1.478314269307556827e-04
6.933571403122673615e-05
1.538469251689544848e-04
6.609703140669775934e-05
8.604709508996943867e-05
5.676242759866667598e-05
9.776433960295705106e-05
5.543487204118235923e-05
1.055800742439938489e-04
5.318340120663567205e-05
8.546514140395089498e-05
5.620201634881638597e-05
9.716627418265844085e-05
5.511247455203260870e-05
9.512823415913640446e-05
5.179453730796979016e-05
9.545867309601607786e-05
4.916873058191661983e-05
7.072144827158233227e-05
4.671855568005867099e-05
7.220665862628372622e-05
4.390332595116674952e-05
6.755884822506885712e-05
3.718542812292113808e-05
6.385209221060339502e-05
3.787366057950158904e-05
6.301771528316457704e-05
3.603052376577320359e-05
6.726308626670007840e-05
3.753967265662794262e-05
6.259487529858276389e-05
3.475430121224754032e-05
6.122919431372775279e-05
3.514184216801830019e-05
6.007775279093241494e-05
3.267764070735701409e-05
5.062901640462413866e-05
3.099149502960862890e-05
5.092374742510230590e-05
2.865814621011431029e-05
4.291726865046641137e-05
2.561236954212731121e-05
4.817043634519624362e-05
2.521407646405293690e-05
4.319868036906093778e-05
2.482533493664007551e-05
4.067880314173599743e-05
2.332841534746776802e-05
4.149136229836258849e-05
2.390076161917775721e-05
4.070041234527366214e-05
2.260782495200341913e-05
3.749798571528462077e-05
2.218842627010886304e-05
3.620439449725232350e-05
2.008439040446230450e-05
3.591134600866574544e-05
1.821421802816747260e-05
2.633955988895486655e-05
1.781325265493016730e-05
2.951141441576154989e-05
1.743785937202702030e-05
3.228580237268907638e-05
1.609970453897435760e-05
2.690143266437239333e-05
1.650957962961996373e-05
2.748996308032936042e-05
1.481379996526310805e-05
2.943580103598186781e-05
1.416123874642405411e-05
2.248943849880724599e-05
1.561154908102935224e-05
2.657637152725378371e-05
1.245033870544975940e-05
2.605852256154506108e-05
1.098558946144301274e-05
1.524302241240338418e-05
2.384509796971023832e-05
1.171230737262440869e-05
2.347547038406005981e-05
1.083553068559339749e-05
1.655160664637556067e-05
1.103401748314691844e-05
2.202881793411659572e-05
1.015766735412704236e-05
1.516406389967528412e-05
1.063805334178269391e-05
1.819217959830865539e-05
9.139940599811602340e-06
1.921920878844574077e-05
8.592540904461820617e-06
1.834717930448981349e-05
7.293989023438030017e-06
9.680063752903755869e-06
1.431469984769506709e-05
7.038820925897582015e-06
1.296257283134316651e-05
6.696942841610820096e-06
1.207225313881732376e-05
7.775395886921998567e-06
1.181437121744455254e-05
7.462887503972837067e-06
1.240496484078423833e-05
7.064764216080376968e-06
1.157138308616190159e-05
6.194058264075152920e-06
9.863195106429856196e-06
5.579782391351706394e-06
1.032758447161441495e-05
5.156527761895901563e-06
7.916180977063369539e-06
5.663006005018900169e-06
7.617464172549048840e-06
5.339593444508849984e-06
8.196817678829404485e-06
4.343366806991433293e-06
7.427716329777567239e-06
5.108419269594932643e-06
9.590727836128465356e-06
4.303250859871710077e-06
8.257796546562445883e-06
3.868024437414518957e-06
1.035054914022559558e-05
3.637034276637862718e-06
4.363248319760870686e-06
5.334888967034601137e-06
4.674919049985071240e-06
6.907050432491956826e-06
3.894326203734976843e-06
2.858013535389503090e-06
7.837875095728641384e-06
4.167943947974706020e-06
7.387353440302391050e-06
2.661603886733310276e-06
8.111630397378277735e-06
2.449732751430566680e-06
2.036373690117443402e-06
3.206526686616584243e-06
5.417415585684537405e-06
4.267227286192110114e-06
2.247376837294368102e-06
5.456769032186059576e-07
1.060727465862498775e-06
3.280932968197092237e-06
3.147342620968274218e-06
1.089057517944524989e-06
5.152657915896696750e-07
4.839593448879853099e-06
6.036427122602106010e-06
4.622445615942716302e-06
1.603451403542344167e-06
5.711874787150961197e-06
2.068262386356600757e-06
5.526138138201019956e-07
2.545065901471410541e-06
1.046911222379875994e-06
1.781189960636808678e-06
3.053324175716909394e-07
3.843178057572060879e-06
7.146882908815044289e-07
5.533760718545721602e-07
3.067527221345400790e-06
1.624492153018408658e-07
4.295578279078782202e-06
2.132347510785947975e-07
4.577924445081649196e-06
1.858657190378920632e-07
4.342723004535642417e-06
6.441072830654093195e-08
1.042310843080151983e-06
6.395976430706440397e-07
1.281863297508678556e-06
1.368780606858521764e-06
9.897147885684631774e-07
8.896521681567293172e-07
2.207031335244025172e-06
1.852953579239979831e-06
8.056280251800274073e-07
1.162178952851533609e-06
1.838394564579459711e-06
1.129019665535579975e-06
2.159278469915371090e-06
2.541524422250418525e-06
1.737173991100959825e-06
1.644749760165709063e-06
1.793540075345489981e-06
1.404057624609933441e-06
1.564415080590464413e-06
2.108289360425175119e-06
2.413583855442880122e-06
3.476721778916669336e-06
3.474394733471442009e-06
1.902617339455403567e-06
5.173031225380597675e-06
3.696792231666634621e-06
1.565689231819433758e-06
1.811649132710257959e-06
2.137957718417737851e-06
2.352163884999924903e-06
2.317505573889988568e-06
1.590793147876468083e-06
2.640792095665034367e-06
3.092360261414128786e-06
4.533483345392497199e-06
4.579445292640649257e-06
4.360909197753670696e-06
1.967267025837493577e-06
1.996040630891648959e-06
2.280408869292926965e-06
4.617744324919570431e-06
2.222654390315881301e-06
4.182235223137986679e-06
2.116524753459358976e-06
2.605825122126148585e-06
1.064537683448385508e-06
2.684052669899017474e-06
1.933494203631980213e-06
3.892078532796716672e-06
1.949014735380671937e-06
2.720522614296783104e-06
1.795978046059687472e-06
2.810800961094983563e-06
9.984523845485426818e-07
3.605570564113591558e-06
1.008195300022940444e-06
1.999546215825098727e-06
1.691135830705903231e-06
1.760495100922021550e-06
2.935778786072873459e-06
1.468638297641433610e-06
2.853503621835784543e-06
1.417148055349315428e-06
1.800304401333718829e-06
9.926182984454356983e-07
2.611574007937988995e-06
1.332714298030168720e-06
2.487907888371054810e-06
9.576270060263070150e-07
