6.360197177307645999e-01
6.262987372573388667e-01
5.977786300153267174e-01
5.851927083551450304e-01
5.534418149455745395e-01
5.124509548410595139e-01
4.370287622659161375e-01
3.745466112515699608e-01
2.401151070614377936e-01
1.081104617519431654e-01
4.842082806952441310e-02
7.164306759720240336e-02
1.606429292354384364e-01
2.241090008246038323e-02
7.553476590581054140e-02
7.351722923774173246e-02
7.479282130735431799e-02
5.349060698773211442e-02
4.050331611165713941e-02
9.694551067958645518e-02
2.786673254575999792e-02
6.498041626597172993e-02
4.741743749524185425e-03
1.156309288237955535e-02
4.443303133196285781e-02
7.911587262041219759e-03
1.400375899789430001e-02
4.810469024150942907e-03
1.839929387629057889e-02
1.687985847656170435e-03
1.754389016696444870e-03
7.945385082956946121e-03
1.480374793432215341e-03
1.549024421274247665e-03
4.775545276776815840e-03
9.437598433459370995e-05
1.607821400335662787e-04
1.721741031503132291e-03
6.742629119564913509e-04
9.268060960758717215e-04
2.725992296402912629e-04
5.279366613260005892e-04
7.211606229129419177e-05
1.407465648428640748e-04
6.440411124708500523e-05
2.307923701536651606e-04
1.320913119107203215e-05
1.976003466985787327e-05
9.772765873394817504e-05
2.383986269061111329e-05
5.722602344215843573e-05
3.565564570151558144e-06
1.106341620682460558e-05
2.740560711844697295e-05
3.057403516359968876e-06
9.643983965412772363e-06
4.846711856520968809e-06
5.507049399167129877e-06
2.353162251500506841e-06
8.933971686664321510e-06
3.945265278915144336e-07
1.360342113509993567e-06
4.057873124518884822e-06
7.619445498985299992e-07
1.516043182547832657e-06
5.582149884553189167e-07
1.687757411716894751e-06
1.498598820592889069e-07
