9.339224284804854559e-01
9.403023775353541724e-01
9.356010390360502971e-01
9.285553377566603261e-01
9.221805937133105147e-01
9.204050120550320013e-01
9.124772936867414641e-01
8.998895841321965516e-01
8.818040453077465868e-01
8.713658289044203809e-01
8.451129469558575913e-01
8.143517124201159474e-01
7.704730304998039792e-01
7.439919533154263354e-01
7.091984094781809134e-01
7.055487385153322855e-01
7.586279548574430542e-01
7.457734283302412948e-01
7.137799084254954352e-01
7.218848540109972234e-01
7.052579146120949716e-01
