5.221193463888140762e-01
5.168504646765315069e-01
5.283151826489037584e-01
5.082097012529160907e-01
4.941559400615264108e-01
4.847801948716583542e-01
4.577527111627263112e-01
4.204130131153740457e-01
3.503850143083332425e-01
2.909054812462285033e-01
1.656505902721103762e-01
5.610694735073029626e-02
2.035829165456726209e-02
5.981698300414772795e-02
3.903661081633481578e-01
2.520252682130075250e-03
1.330570377520865488e-01
8.129811579015600032e-03
1.617345999772856757e-02
1.882400780248993932e-02
2.040778337460968928e-02
1.679576294094520250e-02
1.703457222614812583e-02
2.243744246868017989e-03
3.587698600555266903e-02
9.100105894290333453e-03
1.745577346964510834e-02
3.821654570926424910e-03
9.483859388040083438e-03
8.340624859748402287e-04
1.093524789232969141e-03
3.943864706760447092e-03
6.114956067105881132e-04
8.801535920447411954e-04
3.786312608836661653e-04
1.864564815245994822e-03
1.747648637642207348e-04
4.025168010763913173e-04
1.515647193863767228e-04
6.984088502610674709e-04
1.068947614220050468e-04
