6.217412584639847584e-01
6.128158218983832395e-01
5.982780134992358168e-01
5.875919405033778187e-01
5.675255715787053123e-01
5.490658024153192152e-01
5.110136699983901520e-01
4.726497438778817228e-01
4.041190573282305021e-01
3.502137175150890069e-01
2.882161361383908105e-01
2.949627609593111766e-01
4.269889801126559581e-01
3.133985754052671657e-01
3.272697520046012887e-01
2.891605696799424141e-01
3.473191741315254655e-01
2.831855262722543509e-01
2.834659825224611351e-01
2.956821968199683237e-01
2.835988634003172582e-01
