2.500000000000003331e-01
2.630446482531926256e-01
3.107064435575399575e-01
2.472931158465961898e-01
2.187848758815381656e-01
2.535117405410880487e-01
2.772549632701175604e-01
2.510334104617082396e-01
2.838732596766572192e-01
2.839050426426911189e-01
2.501923679947788415e-01
2.158884076692861864e-01
2.094344543538775305e-01
2.151296069481096751e-01
2.020667215034611663e-01
1.943065042462874814e-01
1.915639050395210319e-01
1.833575902521225043e-01
1.900591961913746797e-01
1.860518215586642876e-01
1.765875870497387590e-01
1.695886989131611955e-01
1.614261699686531104e-01
1.531078213555780998e-01
1.432093557352455138e-01
1.334377073243138145e-01
1.279347491388437286e-01
1.182221318616718531e-01
1.303495102156686514e-01
1.195085045815122982e-01
1.245241036612169117e-01
1.081461487463980520e-01
1.009390813071433524e-01
9.618515934820903723e-02
8.867429017832784144e-02
8.067881567356927075e-02
7.216900407374138293e-02
6.742310661554107298e-02
5.943429531767263629e-02
5.529007469244584527e-02
4.682929640077049260e-02
4.959542783231085661e-02
4.982493269067289621e-02
3.924400287176654789e-02
3.298995720505260021e-02
6.867119434379564957e-02
2.681072682592033907e-02
2.176807622835486011e-02
1.502684994499225990e-02
1.031372146172548909e-02
1.448533150054820418e-02
1.070782369823575220e-02
1.592534964079017623e-02
1.730283294486900658e-02
2.094204595605497765e-03
8.664694899981340015e-04
2.291388555953233208e-03
4.288609670445975297e-03
1.168830918765118021e-02
1.099252650921678232e-02
5.988483287549861700e-03
4.591135834429405094e-02
7.311420771055732182e-03
1.471385760413723709e-03
7.682720747905769088e-03
4.600820006640193860e-03
1.149036807562564544e-02
5.664515891130705860e-03
6.563613562714176730e-03
1.671287290867062847e-02
4.575377254027790386e-03
8.356971584622230331e-03
3.900606842535569996e-03
1.551231765568372722e-02
2.821037892562827665e-03
1.011031048360633289e-02
3.096386922989302626e-03
4.590740185301700471e-03
6.776695910328034422e-03
2.748638883273812894e-03
6.746677837526471322e-03
2.127969470930746176e-03
5.970860797970156675e-03
2.159628255733236912e-03
4.732095020189674983e-03
2.281659797763846420e-03
3.242704067713986227e-03
7.972108555240886574e-03
1.626004099306022077e-03
4.083427484275925501e-03
1.545127023804604427e-03
7.174717275214348433e-03
1.232440253765010318e-03
2.456338238420618936e-03
2.663345085882062868e-03
1.315504268969758250e-03
4.869768012799591261e-03
1.039938451866784241e-03
2.529805965323150829e-03
1.120512045346466756e-03
1.908395900064641104e-03
2.969059886600899922e-03
9.803651290034576249e-04
2.993463544836427737e-03
9.716144173554930319e-04
1.842727841742886064e-03
8.976051227915782249e-04
3.166753663471966185e-03
6.790795328468490766e-04
1.732809691452175116e-03
7.476616685139214624e-04
3.081810001461349202e-03
6.030201883731045598e-04
1.340036166048830246e-03
6.511531156874195148e-04
2.831272919207594718e-03
4.862021122544746277e-04
1.014458062312373343e-03
2.541852537103594933e-03
3.990236426939519632e-04
1.078465598888800336e-03
5.087742790568228202e-04
7.192908798795416558e-04
1.287092731775296706e-03
4.510333121361398412e-04
1.804074707329461624e-03
3.664116332751099492e-04
1.831209232522335029e-03
3.270214313776387272e-04
8.890571834757610148e-04
3.664330408782445758e-04
6.398497249300305612e-04
1.324861019389889094e-03
2.888598050836410636e-04
4.701898371496371354e-04
1.085140131692807763e-03
2.750720533345463181e-04
5.385223713799680567e-04
2.556109168122544517e-04
6.369211570649291332e-04
2.382672066241209308e-04
8.419012189259111878e-04
2.098419797036399359e-04
9.119653434248586876e-04
1.942880152605575006e-04
4.043832250300027908e-04
1.939498438147113646e-04
4.905752982712341392e-04
1.882217714013201260e-04
5.867180393517301695e-04
1.599948587311939008e-04
4.835477059560444602e-04
1.689472883323883678e-04
3.958362788946123700e-04
1.489799043965511771e-04
3.463338180937913791e-04
1.372266314995096437e-04
4.475995419901401817e-04
1.190624277952467835e-04
4.272188556806444382e-04
1.095884335137187193e-04
4.025682858330714708e-04
1.035425440908399608e-04
2.561530461693273253e-04
1.004259551711239595e-04
1.850839953783101066e-04
3.454395620344774542e-04
8.271195896858429819e-05
3.560362818920692618e-04
7.955655275615480804e-05
1.454384896163452012e-04
2.313099534525520085e-04
7.716752136377458271e-05
2.884546564855261508e-04
6.735464476126384881e-05
1.864385872274443301e-04
6.848373679535502134e-05
1.434245153422164520e-04
7.002304400105519022e-05
2.528707436655341922e-04
5.774508315570248129e-05
1.139169297925679558e-04
5.547029348518250913e-05
1.726060631735970574e-04
4.795727232631552539e-05
1.741348555763799766e-04
4.486709926376786228e-05
1.295748546511488186e-04
4.717784851848705330e-05
7.971233838022229179e-05
3.888757687064980928e-05
1.332345931036593711e-04
3.454697700211450950e-05
7.908489930874562646e-05
3.772656841594113075e-05
7.158701371035025574e-05
3.411187738289189753e-05
8.860563563761747474e-05
3.135041803736804411e-05
7.952511117192972989e-05
3.181614800484844352e-05
9.443723882662791169e-05
2.511681349492977944e-05
1.005680327845759336e-04
2.332860532783254115e-05
4.832793409559332787e-05
2.347780194134063692e-05
8.663825451649120879e-05
1.987406257053514480e-05
6.633020265867095588e-05
2.031523596246476160e-05
3.563692412278385291e-05
5.036408693193106245e-05
1.745508228179204480e-05
3.596876751355004842e-05
1.746918843370526275e-05
3.753478070678273326e-05
1.666441602043988723e-05
5.346237037484602439e-05
1.498304912161962932e-05
5.934030087828556788e-05
1.324598847962654702e-05
3.831879992555187187e-05
1.469522276154044960e-05
2.676719292649121229e-05
1.225889485267916967e-05
3.856129544643760454e-05
1.023859480742128625e-05
2.182573317632829912e-05
1.056258480780503106e-05
3.469532411637388236e-05
8.723357070361537069e-06
3.882227962526130227e-05
8.190631646476376204e-06
2.977385186275771645e-05
7.624122490335061286e-06
1.320223169654077822e-05
2.504101806088954163e-05
7.408717437096257186e-06
2.014930490079613890e-05
6.861203830754725175e-06
2.471636732415127824e-05
6.281882047765030563e-06
1.647529387738266848e-05
6.212154273987913200e-06
1.425598526816340694e-05
6.363701893219442240e-06
1.588656187700987488e-05
5.677838343265406706e-06
1.503104513755904037e-05
4.764779663157803213e-06
1.724889318432953900e-05
4.394634089632809548e-06
1.013545364625390022e-05
4.153951470020622594e-06
8.861887993871775393e-06
3.952814788155123438e-06
1.018806585839637791e-05
3.498633955434371501e-06
1.135731736978673467e-05
3.278996523525812279e-06
9.580611700865659941e-06
3.119486966074447309e-06
7.164157687755690063e-06
3.041285459803866331e-06
1.059381816970184076e-05
2.687853108529481005e-06
7.424351004092777373e-06
2.936970319278309205e-06
7.036665271908937314e-06
2.662166284639333469e-06
7.048533546161195318e-06
2.132758592288119814e-06
7.977632012212687584e-06
1.846422589379947965e-06
4.417766011011181604e-06
2.021470955071436038e-06
3.956109706271249138e-06
1.940115941123643495e-06
4.754628989411813222e-06
1.603917842207813749e-06
5.197044945837170360e-06
1.442356280190182360e-06
4.529266806163612102e-06
1.410614205332727522e-06
3.066558565967270056e-06
1.490752006394480134e-06
3.532795748273365177e-06
1.385903240502806000e-06
4.836025872756444244e-06
1.128682543982684194e-06
3.090895010493532880e-06
1.271829504156940516e-06
3.335945285898311852e-06
9.453077118859454231e-07
2.006107165941628523e-06
9.851748133948845521e-07
2.538363582882396940e-06
9.010516196505946596e-07
2.752645688497423748e-06
8.278999739097514521e-07
1.550829165974931811e-06
7.549047817967391438e-07
7.549047817967391438e-07
1.775773674441705197e-04
1.143631041298098783e-02
8.815152207723886413e-03
1.707663853980245783e-03
1.087855229615963815e-03
1.127501142035636228e-03
1.180720564994963695e-04
1.632580168118291652e-04
1.090767509257739576e-03
1.561869655485104147e-03
9.758926204979756491e-03
4.635875578663295471e-03
1.059831933837729334e-02
4.165585675512062380e-03
5.690594108463176148e-03
2.170887669582399759e-03
5.345214895962513424e-03
1.931542957349430267e-03
2.890341372294269462e-03
9.945096041671375175e-04
2.753532287864790540e-03
8.705438903883200297e-04
2.390661550355499543e-03
7.772862426861371077e-04
2.332854225955305338e-03
6.814504198032755866e-04
1.236494115309239028e-03
5.420789006054249626e-04
1.372297136536526629e-03
5.120565553214939669e-04
1.474981614132397922e-03
4.979344700096755005e-04
1.393112369306059861e-03
4.496406234170136074e-04
1.195079514972441359e-03
3.964606657065328221e-04
1.166979676648249864e-03
3.470573292911893759e-04
1.021903692933534558e-03
2.998032250545179522e-04
5.978699952063903922e-04
2.605661647300250294e-04
6.483864970124875171e-04
2.399149874021677675e-04
6.509950710575918009e-04
2.301410073966003722e-04
6.821546223333418979e-04
1.991463050505792864e-04
5.034101182812555919e-04
1.844979865035512034e-04
5.866214684125958811e-04
1.497532932112077830e-04
4.377264103946343354e-04
1.342973160709526326e-04
2.946121074379748350e-04
1.251846792144073461e-04
3.133396209846761593e-04
1.120737587471110075e-04
2.881804814901522960e-04
1.080554188390703274e-04
3.424933404164720585e-04
8.542555406754193115e-05
2.027359754502855438e-04
8.931157223401875456e-05
1.905765243552792754e-04
8.360748937663586844e-05
2.130084136466869893e-04
7.586634703027339555e-05
2.926745681308684510e-04
6.166087432912803479e-05
1.776024567347045391e-04
6.249630162458164051e-05
1.542235727711727122e-04
5.954457437407079112e-05
1.412393860577010329e-04
5.644373664270840862e-05
1.444091299991345778e-04
5.287710337753548373e-05
1.254460848100213965e-04
5.197454406080659339e-05
8.870002434568924343e-05
4.372316761114269923e-05
1.695202993985400752e-04
3.494299741535478177e-05
1.397451642028979535e-04
3.591893162113724003e-05
5.599822115820440871e-05
8.009753438165123640e-05
2.889366202218912605e-05
1.039817607874082839e-04
2.656062549399873518e-05
7.844692888758775240e-05
2.753697516122421973e-05
6.601642921055805857e-05
2.680382217690180369e-05
8.146074668735625579e-05
2.515902404875980380e-05
6.469419999433068114e-05
2.489824490325975859e-05
6.479184240204549639e-05
2.429904276379790673e-05
7.220482395109417695e-05
1.890481756783302103e-05
3.538624102927823145e-05
1.752196695381513791e-05
4.936625857554499675e-05
1.584485049321848749e-05
5.459833316223683397e-05
1.192762118484846923e-05
2.806353294859675884e-05
1.352675180299467428e-05
5.414528028713228025e-05
1.088003937155246348e-05
2.752247644555172457e-05
1.306140694046220574e-05
5.367972854442015773e-05
1.002540885641778345e-05
2.138137736917844478e-05
4.650986836329806806e-05
1.009960616515925835e-05
2.192379530718824299e-05
1.056062023752080137e-05
2.483722533241916608e-05
8.871067900373397208e-06
2.135820333171167817e-05
8.455154973496803450e-06
1.260303043781885179e-05
1.727659578387719108e-05
6.265721841369753520e-06
2.005988076936304765e-05
5.769995871540700705e-06
1.611169333481932142e-05
5.846021839728265945e-06
1.501263745229408642e-05
5.537190706950134711e-06
1.516005943524856292e-05
4.930545892678495079e-06
1.646501942875744362e-05
4.637723231670776158e-06
1.196141488701840672e-05
4.770149630073383662e-06
1.610218851388900418e-05
4.365037304610019930e-06
1.016216963478644431e-05
4.219920958670186906e-06
1.166296024190938141e-05
3.878086973663208425e-06
7.823478723190113726e-06
2.920964439101503274e-06
7.605302853930240303e-06
2.696496462339936784e-06
8.740243157334681712e-06
2.558746164393888023e-06
6.939284091123099074e-06
2.576861556469189907e-06
6.730774399277272835e-06
2.247353529494233726e-06
6.089450121149475592e-06
2.210855191253635610e-06
6.769234673575930117e-06
2.074117876227354884e-06
7.019766496196844230e-06
1.900311209945826363e-06
5.036668989433223942e-06
1.990357495484929018e-06
5.629628149872445420e-06
1.753342961596793259e-06
3.598820725758677952e-06
1.368906076382181425e-06
3.275889019715982897e-06
1.265823150520262175e-06
3.337180390583505130e-06
1.189574071913668263e-06
3.971660160084766744e-06
1.126619533886596969e-06
2.917667791035860603e-06
1.039228698873628787e-06
2.674153849691052187e-06
1.038604952818822369e-06
3.166018978539852924e-06
9.167419054989522920e-07
2.805701862618192877e-06
9.012670232344532906e-07
2.768918313522661379e-06
8.534416124916788249e-07
2.800481532116982919e-06
7.726796650286971158e-07
1.674705215726213225e-06
6.463176062121434029e-07
1.381708317094165750e-06
6.109161514444849672e-07
1.434610075401465679e-06
5.609032014408654732e-07
2.022425032777164233e-06
4.752762161608359293e-07
1.202783926790296221e-06
4.964336024482207677e-07
1.178147975511301127e-06
4.972653103729740565e-07
1.491478199944218375e-06
3.998357118728534942e-07
1.437953389582524721e-06
3.970618890347665797e-07
1.197984745182623101e-06
3.910009154228788475e-07
1.461164382376978210e-06
3.250383341368845436e-07
6.059665276225700836e-07
6.251427429049272178e-07
3.046102089454549855e-07
1.124865105839312207e-06
2.554400756471508771e-07
8.539261461271152598e-07
2.872310508328368428e-07
7.143968776546216759e-07
2.622338050040085022e-07
9.957998774456910951e-07
2.026878445082758162e-07
7.758239084498796956e-07
2.224015930307743361e-07
4.452387847297956114e-07
2.177112805590297739e-07
3.728259003743517042e-07
6.065075307537526328e-07
1.775781769408624200e-07
5.565321892220254085e-07
1.781291074642865624e-07
3.859483940216179576e-07
1.826273844374171063e-07
5.916881866685486102e-07
1.372891395012842963e-07
5.452941219674656281e-07
1.304469087193282917e-07
6.419087833497982842e-07
1.160760516594194769e-07
3.314872850657124559e-07
1.262520327172111934e-07
1.758422432107664690e-07
2.198933555241922022e-07
1.075865443400658705e-07
3.769546687015790098e-07
9.281632773472381359e-08
2.701878003552593555e-07
9.379469034787035753e-08
2.701821415485028410e-07
8.228234116280930266e-08
3.170718091416446782e-07
7.577449290252502578e-08
1.781030756209389665e-07
8.784102345504862797e-08
2.171949927687322202e-07
8.302059573139786153e-08
1.240662964585581562e-07
1.537421560060536763e-07
6.175426336962885898e-08
1.466092182100808827e-07
5.966991467598603549e-08
1.607553860027977066e-07
5.724963425546292228e-08
1.725292143595069660e-07
5.231393895854807852e-08
1.713881031539798983e-07
4.699980193922925764e-08
1.410831356185582308e-07
4.184185564692910475e-08
1.045608809535636397e-07
4.437854861372159121e-08
1.550897648083804370e-07
3.725308861390885795e-08
1.055418173967481721e-07
3.880528376409841940e-08
1.377421714465754121e-07
3.565158934737411300e-08
6.941714414399058342e-08
3.342205956435861935e-08
1.056435507962305564e-07
2.639805962711960774e-08
1.066789996340133939e-07
2.518961927933105471e-08
1.098263925358722304e-07
2.377214292081930580e-08
5.518098511458902067e-08
2.587542480281257440e-08
4.538157050149038696e-08
2.228673545712211990e-08
2.228673545712211990e-08
1.972918250592314848e-05
9.482383088953882933e-03
3.307921502618826892e-04
4.121869960506119313e-04
5.184889119220770226e-04
1.347691108333770593e-03
2.080651174027892125e-04
8.765883169105093131e-04
6.679631501869121024e-04
3.116897940172447257e-03
1.006527470345686126e-02
4.741860309003365082e-03
5.057733319046686660e-03
2.398968962517900039e-03
1.393188631074626649e-03
3.051195470713974345e-03
1.131031254407610653e-03
2.967180317872464279e-03
5.572203512922424551e-04
3.103404547774357702e-03
5.138463039269236532e-04
1.467750164112380240e-03
5.495929992020975874e-04
3.942565607883974366e-04
6.442241507268464673e-04
3.139106935936553100e-04
6.270321045208637756e-04
2.661148107578892308e-04
9.136061365984105009e-04
2.376657699026951676e-04
8.807150717580203292e-04
2.247447868262142379e-04
5.102627946660387437e-04
2.525440901478548383e-04
4.164811030070714182e-04
2.017227941798482860e-04
7.087802657762543035e-04
1.662422527469731293e-04
3.479919856553825852e-04
1.580363432162057435e-04
6.140110750663119177e-04
1.287823613727034910e-04
5.888832104558039404e-04
1.047808910696890194e-04
1.748559723327991478e-04
3.557260832295350284e-04
1.058544262281246873e-04
3.306329362268156657e-04
1.010509495178446571e-04
3.644510212951201922e-04
8.840870150117474680e-05
3.234496244034490431e-04
8.813491544701346214e-05
1.614242049308156624e-04
3.239022074047470667e-04
6.837092754541362893e-05
1.533056435291113573e-04
2.068612731903618496e-04
7.305067622065397615e-05
1.523656560952213468e-04
7.516849092170652114e-05
2.387692289866905071e-04
5.382537985387791934e-05
1.389644487461705324e-04
4.950822206206684228e-05
2.083744580995139373e-04
4.300460418238394311e-05
7.717132240625534934e-05
1.425842052407144678e-04
3.845455494722038736e-05
1.385494563914679844e-04
3.868431712705788783e-05
8.181234168325168810e-05
3.732712698489848435e-05
1.347896834272832578e-04
3.192997596856983478e-05
1.088588264097634095e-04
3.267582411692337985e-05
6.650763302673556865e-05
3.237156047986022855e-05
8.832149659954158238e-05
2.344068273374411149e-05
7.710242147773715971e-05
2.205109602482213660e-05
7.240411327691376187e-05
1.871719788681946994e-05
3.069795524224261385e-05
6.382705772300933944e-05
1.660400833614072980e-05
4.187607780736790630e-05
1.784966606366289454e-05
4.348938578480066042e-05
1.487264153920975218e-05
5.538847580521810698e-05
1.382526219195767681e-05
6.243045473852681937e-05
1.315490060216362167e-05
2.930618229513015649e-05
1.425266467569574758e-05
3.331639902826033506e-05
1.067079898087186507e-05
3.934203785360690375e-05
9.408173058389479593e-06
2.397851876267953486e-05
9.269502260433881702e-06
2.864617238906852492e-05
8.411564435872875833e-06
3.620912181756530401e-05
7.320318207160170232e-06
2.576689469679926958e-05
7.553272196703098018e-06
9.238176070347492441e-06
1.710639753338405455e-05
6.686435372826871060e-06
1.808223469790259941e-05
6.370832034363616003e-06
1.874682330638144379e-05
5.993385189473343644e-06
1.451613608938195910e-05
4.860368833736750105e-06
1.205961453132342598e-05
4.382394464430561243e-06
1.319874599592374409e-05
4.152681796210089260e-06
1.208522594420280427e-05
4.301495576508607144e-06
1.293923065681656936e-05
3.692429113577588851e-06
8.873763016614688581e-06
3.572964475284656771e-06
1.164678999487911426e-05
3.203185352962378829e-06
8.100536041388828323e-06
3.134163301443670946e-06
8.317294654114348873e-06
2.939357309772461235e-06
8.333372757518553442e-06
2.741965133501444996e-06
6.785254420660358221e-06
2.201033295623489039e-06
5.369455764903108275e-06
2.061034630629343667e-06
5.651960849895054650e-06
1.991533846612547620e-06
5.907237295876832661e-06
1.863569413007581943e-06
5.874167979147415508e-06
1.606541594756372149e-06
4.053571624140772656e-06
1.703956809651074877e-06
5.189855487808259227e-06
1.394003660171172498e-06
3.835089153358950398e-06
1.467670658228392710e-06
3.830717902109093131e-06
1.358155131248039993e-06
3.718376577976911790e-06
1.261194757851136217e-06
3.156852025898437830e-06
9.908019624749186960e-07
2.405229382107521019e-06
9.797586159043802922e-07
2.508969225600843345e-06
9.291418324730571499e-07
2.777309405899153205e-06
8.272992655378175186e-07
2.088784604170612624e-06
7.978108647055393021e-07
2.408099623374404530e-06
7.110292067347145917e-07
2.003901452662937288e-06
6.684253563982167634e-07
2.110016041001472331e-06
6.196210772246857346e-07
1.791190864630642920e-06
6.266163928847490183e-07
1.686465718742091724e-06
5.822989591619531780e-07
1.445745961059508033e-06
4.448744868046361489e-07
1.088007040350724708e-06
4.710664409657283613e-07
1.103208917441200754e-06
4.390214928262636818e-07
1.285686721641532415e-06
3.635109422361892939e-07
9.390899884387238217e-07
3.773910225435272991e-07
1.102847096756676137e-06
3.119639150339637013e-07
9.463795859199208849e-07
3.021362766641999542e-07
9.357166741441602653e-07
2.800861135243692956e-07
8.473567031375139891e-07
2.841155909427683923e-07
7.756188633578631197e-07
2.696719069161801485e-07
5.454965411599843605e-07
2.249889319294595680e-07
5.982960824546523781e-07
2.042233242516289238e-07
4.775902943121579369e-07
2.114720568657801891e-07
4.857434435789897975e-07
1.749566728159734907e-07
5.290826703419071464e-07
1.629849137874117559e-07
4.927777615959527679e-07
1.364694273142674774e-07
4.599513697689516789e-07
1.342507471857601331e-07
4.135194012766518767e-07
1.284941517631921215e-07
4.012896478444716308e-07
1.273444246718824502e-07
3.647549634555602438e-07
1.249597064711949201e-07
2.450248530738718955e-07
1.093651056383038167e-07
2.044243828658309781e-07
9.941139522684494523e-08
2.783440395948133528e-07
9.330621109082670728e-08
2.760040356264426009e-07
7.701032689322317992e-08
1.985542908977677712e-07
7.679980773556138729e-08
1.944857083158169075e-07
6.175381550566072519e-08
1.410287857606107309e-07
6.506221117419386246e-08
2.141515212938926993e-07
5.558598858979024726e-08
1.393913802161250715e-07
6.135546848362594119e-08
1.725036514743649718e-07
5.717203799271430853e-08
1.960034767822804724e-07
4.630023120455462049e-08
9.451134075355582809e-08
4.589115698561130330e-08
1.176040043127102308e-07
4.341088311043961312e-08
1.049817432985378218e-07
3.527182435014708517e-08
1.071599666779832205e-07
3.488432798182117267e-08
1.113871259672549741e-07
2.781560215492362431e-08
8.797998796161721202e-08
2.797931153430965878e-08
1.059581355988825635e-07
2.639173424245910837e-08
9.594684591274216245e-08
2.505596186086478383e-08
5.567160432651263591e-08
2.755024663958494102e-08
5.545743386736745606e-08
2.223720152461083899e-08
4.177032064678343204e-08
5.042698691948288570e-08
2.067619986334534588e-08
4.491621108382304328e-08
2.016371247748338646e-08
6.258623597155121843e-08
1.496288337676787705e-08
3.548558880073215960e-08
1.704765761889603937e-08
3.212924903905900464e-08
1.329313836784251635e-08
3.728005804060074979e-08
1.274652927651942491e-08
3.646463231365970614e-08
1.269889582378169735e-08
3.791529767926959948e-08
1.190265153105940499e-08
4.365480288370804374e-08
1.071105715233500177e-08
2.337205828872868096e-08
1.047017317290510618e-08
4.278420995262877113e-08
9.188567240414613480e-09
2.254779529753392353e-08
1.003428551360485699e-08
1.983846664721511388e-08
9.717615712112603887e-09
2.297228574033027826e-08
7.846460037264080256e-09
2.151551270479501454e-08
6.797141072212298241e-09
1.662002380165006343e-08
6.233319638226930692e-09
2.472894311544848733e-08
5.241658995736031557e-09
1.287978579345150365e-08
6.260881479924762516e-09
2.270821941596778970e-08
4.959158750317271824e-09
1.994717913067489690e-08
4.561419464366167631e-09
7.977730809294314440e-09
1.920338921213016192e-08
4.206086701152855767e-09
9.119539678970056684e-09
1.173687103062093229e-08
4.358284955152669227e-09
8.776742443927787463e-09
4.335316772241526451e-09
9.414094948034801291e-09
4.031819544891845908e-09
1.579251829308958577e-08
3.188471264792269722e-09
5.274617076445053954e-09
7.380488109554050880e-09
2.955318323394351410e-09
8.529405404189560613e-09
2.836234691550032494e-09
8.221957226162146526e-09
2.316296376925208733e-09
7.467846674380496097e-09
2.367787743651206256e-09
7.351370179264904436e-09
2.218476957693837903e-09
6.665926588489412552e-09
2.055094761033160466e-09
5.786953694020269268e-09
2.014831190777499614e-09
5.052231522029160260e-09
2.068799798138343249e-09
4.714566848029733137e-09
2.010856037237829241e-09
7.354193698461131135e-09
1.778593605727962768e-09
3.665930115026583280e-09
1.517814096629876985e-09
3.284851279872214036e-09
1.415111583469297329e-09
3.806782888915449803e-09
1.299048868474983465e-09
3.785440627623870569e-09
1.034079599726567267e-09
3.468342502088717083e-09
1.034463292803877721e-09
3.536037129769908915e-09
9.751476293118344074e-10
1.991340647933270702e-09
3.353411326401101178e-09
8.979372800865803583e-10
4.034066414249082300e-09
8.205057744348209781e-10
2.426418066470148460e-09
9.599072647858974960e-10
1.762999302101775356e-09
3.338470278002603209e-09
7.677397606542513131e-10
1.993046172543699868e-09
8.483497238032100540e-10
1.620432343862887592e-09
7.356261155777588101e-10
1.463578480631611001e-09
6.883883463260076496e-10
1.606345279014931293e-09
6.075071556921329829e-10
1.482176936740131623e-09
4.663341934829645652e-10
1.676445648968183377e-09
4.503443173931032106e-10
1.651175640660085264e-09
4.205262804646281438e-10
1.185568310191342789e-09
4.528083463739562831e-10
1.370442204162714006e-09
4.014029109100647474e-10
7.934549683952241139e-10
1.547085792807934013e-09
3.407499837848604329e-10
7.768833354404591773e-10
3.812236082367803647e-10
1.503105195865828136e-09
3.237716761361753015e-10
7.468374807473310284e-10
3.617095511998513757e-10
6.441167599291475199e-10
3.112603508270694874e-10
3.112603508270694874e-10
1.308861191848809113e-03
8.281829133940710186e-03
7.408952355976272663e-03
2.969857081264182241e-03
8.611261534821057495e-04
6.020128314865313968e-04
1.573325759336219321e-03
7.318097347905894168e-04
1.075235340791347305e-03
1.249731921493024700e-03
1.361312756695676196e-02
3.736496153981527790e-03
6.323651569810406770e-03
2.996602023373706736e-03
7.631609324375232539e-03
1.529271812157451116e-03
3.743131741174132721e-03
1.422311968435674423e-03
2.597630304802422962e-03
1.266226965724537301e-03
1.312268040989272855e-03
1.780019526154696941e-03
7.335338447532757655e-04
1.983306329840006654e-03
