2.146784277073126024e-01
2.076496880611806706e-01
1.614086446218265802e-01
1.597983725695815149e-01
1.228624475372805946e-01
3.519397116222600097e-02
1.095684234720433192e-01
1.390483548317678064e-02
1.270687633499405500e-01
1.328480490834459404e-01
7.259636048446505008e-02
5.674847983102815352e-02
2.125346450543519339e-02
7.645440657492008629e-02
1.014545972553482223e-02
1.674158950747739460e-02
7.981751886830368292e-03
3.041538622276962478e-02
1.990392644760530239e-03
6.400142461741920030e-03
1.626583295038919186e-02
2.112044464830153956e-03
4.783106695156469357e-03
2.671932495628137616e-03
2.933110970354424474e-03
1.441077670685242396e-03
2.959748229551917298e-03
9.581691083639931605e-04
4.393861962650680297e-03
3.867000451839297526e-04
9.081582308884117438e-04
2.233668443500591572e-03
1.621162097531492208e-04
6.397946161975642809e-04
2.721618180139273591e-04
8.248481094152992910e-04
8.150996573430546732e-05
