1.634339397448826281e-01
1.634351621173079083e-01
1.634343340814130574e-01
1.634352666842988633e-01
1.634349167891108179e-01
1.634358147638267367e-01
1.634353190853727877e-01
1.634353129721096698e-01
1.634392521586620628e-01
1.634379317801362141e-01
1.634357929959822098e-01
1.634339397448826281e-01
1.634343238160596012e-01
1.634363157304442593e-01
1.634424673966067276e-01
1.634345101058850558e-01
1.634351465156209660e-01
1.634354964949715772e-01
1.634343703601791598e-01
1.634342302691454973e-01
1.634413863107172515e-01
1.634373802120249186e-01
1.634339397448826281e-01
1.634395225473093127e-01
1.634359443090185326e-01
1.634359665953727392e-01
1.634344575391837306e-01
1.634351821136140748e-01
1.634343150380737075e-01
1.634372758287269134e-01
1.634344021978132444e-01
1.634365520781949632e-01
1.634339397448826281e-01
1.634347226250202345e-01
1.634407466277729704e-01
1.634380114948860152e-01
1.634342595431322875e-01
1.634345833498760392e-01
1.634350097187401429e-01
1.634347460755971593e-01
1.634342745593883039e-01
1.634404900400978633e-01
1.634370336297009674e-01
1.634339397448826281e-01
1.634344498851587613e-01
1.634367814002932739e-01
1.634378589757841116e-01
1.634342702813337267e-01
1.634350945321048076e-01
1.634371202478797080e-01
1.634343481400495346e-01
1.634347823814634726e-01
1.634367532843258308e-01
