4.785086816692400991e-01
4.618629457126292026e-01
4.730305176043455573e-01
4.556237616247035271e-01
4.429328565801360362e-01
4.303715501140520372e-01
4.063741438391631489e-01
3.829005761496206972e-01
3.365863347730977395e-01
2.928070185034826745e-01
2.097273265436933043e-01
1.350621197549028984e-01
2.690751999682217122e-02
1.906025436305780474e-02
5.485073031191789461e-02
4.513595758766675292e-02
1.692865671885335210e-02
3.398151562374329693e-02
9.613377476717310799e-03
2.068035799633527461e-02
1.993021284745366550e-02
2.049157767324505386e-02
1.523068844082331452e-02
4.595181844157858464e-03
3.047851679621238485e-02
1.496121054448806831e-02
5.141739901230346632e-03
2.479454413426429582e-02
3.081659412906612161e-03
3.549657355888191645e-03
9.810569614590924914e-03
4.651981128065418858e-04
9.746441129618865773e-04
4.867412242438584613e-03
1.225294492723350004e-03
2.750084561352394985e-03
2.641263063833942937e-04
7.601740720948324537e-04
3.328521076613188967e-04
1.048630350289458946e-03
8.151227212405132150e-05
1.509582552381427689e-04
4.996688622233014243e-04
7.448336932447396919e-05
1.431606680502017781e-04
7.004320691605947502e-05
2.254755280426401498e-04
4.487857721890975427e-06
9.486467102637341497e-06
8.402591091871691731e-05
3.159530098595375591e-05
4.543926348843374541e-05
1.235400290111599020e-05
2.616328002769119365e-05
2.729017885449991354e-06
7.348647916849415651e-06
3.296436888788889519e-06
1.056172598468130275e-05
7.184709049923299062e-07
1.385877158699422296e-06
4.770988888513905124e-06
8.557627928507116621e-07
1.406126446834576882e-06
6.359970725622332566e-07
2.198605781655871283e-06
9.813848844686390294e-08
