9.674566088432686728e-01
9.658619999172035619e-01
9.686326173326903488e-01
9.625612446977869219e-01
9.595895349806323749e-01
9.680929850576496243e-01
9.679768350474081684e-01
9.687627914900587278e-01
9.669692247570421673e-01
9.637271263449541658e-01
9.646911340201375085e-01
9.629849295042098856e-01
9.421387177691291637e-01
9.336840507695982616e-01
9.515095347487575461e-01
9.470043965109479212e-01
9.438908187764528668e-01
9.392025632469970242e-01
9.330654837394137813e-01
9.274683825598623033e-01
9.212179768626145293e-01
9.132474127344711867e-01
9.058283545879135534e-01
8.950614534431829972e-01
8.906731477203281289e-01
8.777582650416704269e-01
8.865133700603043954e-01
8.754625737923625861e-01
8.634414477693839185e-01
8.555873850643646028e-01
8.407035024629445630e-01
8.353582195518340914e-01
8.185141308499614965e-01
8.076595689984475968e-01
7.869065836561555116e-01
7.752849547173235045e-01
7.504967314670287770e-01
7.526910991592516975e-01
7.390412963750050412e-01
7.154997178257238577e-01
7.023947065178319793e-01
6.749909297624436810e-01
6.581457239111487834e-01
6.263889600580713202e-01
6.124301988026030763e-01
5.771973857187313595e-01
5.746284701158099750e-01
5.395677494362404181e-01
5.231959356443749432e-01
4.836721115441819929e-01
4.864788301868192555e-01
4.561440025305480983e-01
4.195354001650036802e-01
3.833795352787175981e-01
3.431841270653008813e-01
3.350349632505098540e-01
2.976271515205014540e-01
2.899719796894580925e-01
2.560797433784510746e-01
2.459572455656841017e-01
2.138675479408286284e-01
2.110367062906688407e-01
1.840823070608408329e-01
1.589017439286896094e-01
1.312937607229042181e-01
1.449139054732224707e-01
1.537441334569596973e-01
1.580619880748440620e-01
1.383777352362031143e-01
1.377169345588111771e-01
1.481746744174290420e-01
1.834193308864929817e-01
2.082092771615431381e-01
1.510906283342791090e-01
2.018184130722595615e-01
1.541625407024608263e-01
9.889418063430366335e-02
9.348571643984315838e-02
1.589868535533298655e-01
1.365855027806621713e-01
8.370970857373383200e-02
7.613668191438605071e-02
1.174010114260155557e-01
1.219144784744802257e-01
1.168870449958392399e-01
6.710494359458418767e-02
6.075770128301416495e-02
7.404891727036500004e-02
7.074583018063418383e-02
7.434202824605762316e-02
8.282385599059938208e-02
5.920730365666726502e-02
6.557860436407159099e-02
8.223153414302108999e-02
2.419468285393122642e-02
1.868990714904295025e-02
1.540876039997561842e-01
5.970362595471101486e-02
9.110978174549044795e-02
6.391961346475771855e-02
3.062559900146766267e-02
1.141176829039398655e-01
5.582117834055755345e-02
2.302715969799906670e-02
3.739275388601936978e-02
5.536603418205021665e-02
2.123859372177538951e-02
1.635772933886059377e-02
1.678473901106947164e-02
4.807924107698058336e-02
4.980791738778633793e-03
3.918474126707760519e-03
1.434382632637576371e-02
6.086160748384439323e-02
2.909830667394441850e-02
1.348777735098671826e-02
1.224006159796509063e-02
2.750225734537503630e-02
1.694792855614879468e-02
6.968832193039897760e-03
3.251685306214702198e-02
1.241027740493749754e-02
7.575096012805371259e-03
6.850589019280928227e-03
1.135399969639139250e-02
1.925124748442630374e-02
8.071526356960179172e-03
1.959605585979407039e-02
7.561626143286592772e-03
1.629480596989552055e-02
7.284604720958376411e-03
1.600197718596541030e-02
7.237082252029236606e-03
1.319462317683750552e-02
6.928659808616455251e-03
1.085680028879809633e-02
5.342742267106848075e-03
9.233464243797340210e-03
5.230336517076716873e-03
1.082513965285492041e-02
5.062121010178555203e-03
9.267052080546456239e-03
5.056381585858527039e-03
8.587935389889111981e-03
5.093913299353713953e-03
9.046877337433367749e-03
4.898696643394484518e-03
6.987599511221520565e-03
5.042604613807899483e-03
7.610862458940492736e-03
4.969071779961087287e-03
7.059474732881931835e-03
4.158861684921966173e-03
6.062790301575415874e-03
4.191904519067701784e-03
5.444931767009331125e-03
4.163317384661247011e-03
6.543126175058922023e-03
4.049158976403011145e-03
6.058666407169233104e-03
4.092685401488438401e-03
4.855287440908240271e-03
6.161270277757258107e-03
4.037128079125040792e-03
5.718890303455959057e-03
4.031834533625544559e-03
4.825836776433112263e-03
4.056379626871331467e-03
4.593440155129191460e-03
3.730456257590941682e-03
4.282544675738519935e-03
3.739289718966531950e-03
4.975980205230268183e-03
3.677309592654665060e-03
4.391176053921808098e-03
3.692570008036910600e-03
4.011919004789699095e-03
4.179461052572164270e-03
3.683419348450289732e-03
4.312517277869742927e-03
3.667028120262538771e-03
4.530032438475384282e-03
3.644623578524242014e-03
4.051309834364746898e-03
3.674818459146633742e-03
4.301688304377604410e-03
3.600895744571896984e-03
4.020676365171338418e-03
3.526737938695290175e-03
4.078517499624068066e-03
3.517956121960263971e-03
3.717504416328232253e-03
3.527644325607481868e-03
3.654944067488008486e-03
4.066002182850358970e-03
3.488236707411274118e-03
3.879884932619259708e-03
3.504621696708509759e-03
3.483607803096866462e-03
3.574069876617791408e-03
3.815861827573652221e-03
3.488462409983461576e-03
3.893687993650862822e-03
3.476557009145841981e-03
3.746802174528052198e-03
3.465483195575158604e-03
3.458607672306546199e-03
3.522364299465174931e-03
3.734801816956401233e-03
3.422181574873395249e-03
3.518850585100707917e-03
3.435759980037977890e-03
3.444822348361409325e-03
3.715041848184719164e-03
3.399697951862568068e-03
3.458781514319664296e-03
3.694964145180112958e-03
3.398044638750263857e-03
3.489750158528925894e-03
3.412000780184665238e-03
3.623647696314180600e-03
3.394734111874631033e-03
3.461120333483003186e-03
3.405166405004100838e-03
3.487069832855071994e-03
3.402585958744208661e-03
3.410545838718692657e-03
3.391742377644724193e-03
3.421757780790679604e-03
3.368384868039253632e-03
3.389743330544647826e-03
3.393901725952552795e-03
3.361867010255648047e-03
3.382924953762245224e-03
3.373322394049971251e-03
3.475135611641699818e-03
3.359159850829351868e-03
3.343188847960920640e-03
3.360064233121740074e-03
3.400031410189630066e-03
3.359632411027990706e-03
3.372386606207089521e-03
3.493675102437365787e-03
3.348249390297874939e-03
3.483761216198755228e-03
3.348360639055636412e-03
3.369640736732404385e-03
3.376548073546703499e-03
3.346683046442922027e-03
3.371388374679984423e-03
3.345484753428440428e-03
3.322150313024518908e-03
3.329713504827802595e-03
3.420451702121907189e-03
3.334363075106372420e-03
3.323273427530692992e-03
3.311572489013148157e-03
3.318293993915366613e-03
3.327119161088076815e-03
3.358882210242608579e-03
3.325982307507135971e-03
3.368989115306475490e-03
3.324225830657057124e-03
3.312995478490177170e-03
3.384482076646877502e-03
3.319164055559098436e-03
3.312289167670900980e-03
3.387895419052822099e-03
3.308990173086279185e-03
3.289142082142038070e-03
3.288257063216226683e-03
3.324339553436916894e-03
3.310496518156624823e-03
3.322213046659583391e-03
3.309334442506250973e-03
3.304956054107965890e-03
3.286757380125515660e-03
3.287588687087339423e-03
3.310700600899441071e-03
3.302735662167211039e-03
3.367890268339057691e-03
3.296173376881927908e-03
3.296183563591403853e-03
3.274159400500353811e-03
3.271895568761618023e-03
3.285907349296235402e-03
3.279690169335047756e-03
3.314659688533727611e-03
3.290819636401876025e-03
3.312679214446445641e-03
3.289763094705966395e-03
3.269393404674469927e-03
3.268528199991238559e-03
3.270583356930978347e-03
3.272919376340444053e-03
3.266445686180619035e-03
3.267878979578586751e-03
3.266369838826332916e-03
3.268954138571422696e-03
3.256027625975876916e-03
3.255795742359235412e-03
3.263286961103784023e-03
3.258490343120645782e-03
3.258669932377333822e-03
3.246164065805912102e-03
3.245210968335854318e-03
3.251277092012339054e-03
3.246452619588002797e-03
3.241676633435330857e-03
3.242422597425909103e-03
3.258489975726419630e-03
3.253016141258835425e-03
3.249372932884631027e-03
3.234073867748210596e-03
3.233735293628692276e-03
3.253975322001445569e-03
3.230363250106726980e-03
3.230102114073263309e-03
3.248449360489291671e-03
3.251794589877565755e-03
3.242982418360185193e-03
3.238021820655467842e-03
3.259656693635148983e-03
3.240275515117185812e-03
3.241043798813181276e-03
3.239665766631261157e-03
3.232091961687832971e-03
3.240387257819277167e-03
3.226047748967175721e-03
3.226408975124051004e-03
3.246632112207437082e-03
3.234132642697007398e-03
3.238795574055486348e-03
3.233476032501680919e-03
3.250911615069740357e-03
3.232510230711027610e-03
3.229855364406009066e-03
3.241701800406837641e-03
3.231870795696978327e-03
3.232917461598594500e-03
3.223913829658808794e-03
3.224084183213515864e-03
3.240193223482346063e-03
3.228836681539615228e-03
3.232073457151041218e-03
3.231909983601233272e-03
3.220666193333721061e-03
3.219985511723866267e-03
3.226902202039583223e-03
3.236141523445867918e-03
3.227183800004640446e-03
3.226619090857418826e-03
3.227685535333701949e-03
3.226728672662604325e-03
3.225685342085227170e-03
3.229088751874997776e-03
3.224616220335652095e-03
3.221855082628399813e-03
3.227285542617752689e-03
3.224011979269691963e-03
3.233196534975002479e-03
3.223420502510454533e-03
3.229943014239955446e-03
3.223657659414902454e-03
3.220282269403740294e-03
3.225681563279181319e-03
3.223154117170112798e-03
3.219231977517278409e-03
3.219303167304010671e-03
3.217571393914653299e-03
3.217238522220555730e-03
3.215406323466396543e-03
3.214691393346402748e-03
3.218965939983164937e-03
3.219502894397874293e-03
3.213332960143033823e-03
3.212836691481091300e-03
3.212159984665730050e-03
3.211666086136211185e-03
3.214674690165675308e-03
3.211231506730860552e-03
3.211070871124710457e-03
3.217310638910952925e-03
3.206328552962101064e-03
3.204922621749539680e-03
3.213139368855810751e-03
3.211273728130903393e-03
3.204378462545620643e-03
3.203522978244999209e-03
3.205328695192299904e-03
3.202725084492152874e-03
3.202250199376699413e-03
3.216712643996033627e-03
3.209088032859130912e-03
3.202463648772857496e-03
3.198331175487956202e-03
3.197117872770327551e-03
3.198931568839880057e-03
3.196458684764369451e-03
3.196141466528024111e-03
3.196141466528024111e-03
3.177806960510731749e-03
4.648684786347834219e-03
6.595240915686528815e-03
5.723926451381200486e-03
3.968606163982091317e-03
6.007136222527464930e-03
6.338413676312604217e-03
3.858695729403893715e-03
5.959276501309340723e-03
7.615336087292479128e-03
4.557093518047672376e-03
6.957440101038381286e-03
4.431661682620435805e-03
7.314442356153860736e-03
4.355188928063857823e-03
6.785426947712114298e-03
4.283933504335424303e-03
5.401177195993089875e-03
3.793583402394773429e-03
5.473722907684885897e-03
3.746290714302435987e-03
4.843308056520001514e-03
3.731412903936526249e-03
5.261768898214835843e-03
3.649334845750029643e-03
4.430583917041097664e-03
3.684577385025700202e-03
4.124220001042511186e-03
3.535475564540480065e-03
4.158702927413382433e-03
3.467260535603977623e-03
4.129040386234295035e-03
3.432290220740541464e-03
4.188897793572787798e-03
3.404326318528161366e-03
3.916856078110764194e-03
3.419667963244665820e-03
3.813033655705955205e-03
3.401805744149166699e-03
3.964057125676156978e-03
3.368251697104529541e-03
3.561238307999037289e-03
3.340900303279714656e-03
3.593843410054309295e-03
3.298724261786345480e-03
3.578096323279322810e-03
3.280315940311862022e-03
3.507493080164847399e-03
3.280034720082980471e-03
3.613700104070804997e-03
3.262799830830442893e-03
3.437204254244652368e-03
3.276538969568587589e-03
3.524189405938682462e-03
3.250211525516522038e-03
3.325408772797633361e-03
3.240850392451810613e-03
3.405522936625660080e-03
3.220939006751688538e-03
3.362313380850467937e-03
3.214610127729167210e-03
3.279129662343005513e-03
3.220979658393519074e-03
3.417445939619345729e-03
3.208229239354265516e-03
3.236820523282890605e-03
3.314665356752621861e-03
3.201027514553644870e-03
3.342341638393420133e-03
3.193861805354747396e-03
3.241249359703601840e-03
3.200440953339378503e-03
3.229974286814374373e-03
3.192512147427994940e-03
3.281059564961386066e-03
3.188244299774600776e-03
3.213991869727483852e-03
3.190081568085645358e-03
3.209722393556435627e-03
3.187247852365238110e-03
3.243254359079239535e-03
3.180361636837769623e-03
3.187047431057576929e-03
3.144852515180818209e-03
3.141673253932553145e-03
3.196190413952026965e-03
3.176288831367557464e-03
3.212712436583942122e-03
3.174099804142294090e-03
3.170890760450850721e-03
3.206181885357595185e-03
3.171218275085485594e-03
3.200039471279003678e-03
3.171252264746127203e-03
3.165197860154345122e-03
3.167557384482488914e-03
3.160397418900284805e-03
3.175397252218492561e-03
3.163498606152392867e-03
3.156771703795580031e-03
3.131555972756383532e-03
3.127985858454307433e-03
3.128887491897103246e-03
3.189479846206766389e-03
3.153722332505215498e-03
3.146844762091149938e-03
3.134895451064045879e-03
3.157369875858462294e-03
3.119283431417207986e-03
3.118048277116591827e-03
3.155966920527997210e-03
3.138861749352961361e-03
3.164014946488435953e-03
3.140392613884768203e-03
3.117900409256857408e-03
3.119052969904223538e-03
3.125666115929237598e-03
3.113009284140599853e-03
3.113575542376345595e-03
3.114954452689278064e-03
3.120182317796982296e-03
3.132414719358433963e-03
3.122099627816177225e-03
3.112786785294918701e-03
3.115645788427379159e-03
3.101529653721901703e-03
3.100940016917852482e-03
3.104672863907365077e-03
3.112574904427289901e-03
3.116821979378014973e-03
3.092715012278257625e-03
3.090932245755628749e-03
3.101698382246498298e-03
3.095705280040106366e-03
3.088918504992155256e-03
3.089257686088919819e-03
3.123416928317412911e-03
3.102125870201644098e-03
3.080918985676861510e-03
3.079434576346073982e-03
3.089071630494100162e-03
3.091179298758683913e-03
3.075983692093942068e-03
3.075200618284812393e-03
3.086675825474616275e-03
3.066857545536816332e-03
3.065190578684040545e-03
3.066758254794410554e-03
3.082243242348958745e-03
3.073494380617547428e-03
3.069701984336203893e-03
3.051588835080387696e-03
3.048976518536306024e-03
3.065133778959117095e-03
3.066423168384013742e-03
3.045130624842462552e-03
3.043276071352796208e-03
3.048400695361830337e-03
3.070878347877892267e-03
3.060769766845883311e-03
3.064972466295556863e-03
3.044587995296721417e-03
3.051582769866834077e-03
3.043015600076137694e-03
3.044614858693894810e-03
3.030943439123245930e-03
3.029363745320257095e-03
3.056795912522392022e-03
3.032153498256029422e-03
3.054880815403282490e-03
3.045020448564805804e-03
3.046644260155328965e-03
3.025755414452935277e-03
3.024337473138016819e-03
3.025243536537880473e-03
3.033578036076511886e-03
3.026764906647994025e-03
3.024416854722766779e-03
3.018477129625551925e-03
3.019554950132397053e-03
3.029469957788188950e-03
3.028932547420315480e-03
3.014343403056951587e-03
3.014471984053135323e-03
3.038359883022589969e-03
3.022686492709536488e-03
3.014789756851321556e-03
3.024141154910342522e-03
3.024391344110255453e-03
3.012385492826230582e-03
3.012919342566533487e-03
3.015879223962514288e-03
3.023577554826406555e-03
3.012954126764166851e-03
3.021004025988482944e-03
3.021025995617376836e-03
3.017419819983158114e-03
3.019762608453824271e-03
3.025156799232986415e-03
3.015152570671641996e-03
3.019986174457756078e-03
3.014854223945540035e-03
3.009245732349619118e-03
3.010240384047402351e-03
3.022299912946335709e-03
3.012842819769989688e-03
3.015337864319511674e-03
3.012181924528012367e-03
3.015106669100986458e-03
3.012089961733188659e-03
3.017160942894947517e-03
3.011764629586410891e-03
3.009554757362531419e-03
3.015077366899099331e-03
3.011373889152291206e-03
3.015513646459244690e-03
3.010543754362604574e-03
3.016450436526429968e-03
3.010420023084714458e-03
3.010742619701245459e-03
3.009245732349619118e-03
3.807466838122941510e-03
4.718665619842798975e-03
4.375927242049160171e-03
7.573206377015417878e-03
8.530573704758515063e-03
3.034700826939351614e-03
5.349734015722695801e-03
4.918653481913892733e-03
7.954336640537018610e-03
5.470064704924726406e-03
1.163222582042133801e-02
5.002139851317033425e-03
5.314634650385507975e-03
5.863186439303058606e-03
4.262649116915206982e-03
5.121880562973246676e-03
4.161715978126645510e-03
6.788087667483178045e-03
3.973761194813518749e-03
3.219905566761327442e-03
3.614469276833176536e-03
4.817616781819467064e-03
3.632354680830451876e-03
4.009398802262920114e-03
5.030749393297728744e-03
3.481436614075406055e-03
4.065474315308126307e-03
3.479443209094656986e-03
4.778375847818150390e-03
3.399689820565265919e-03
3.868578238192754704e-03
3.380782426462891621e-03
4.377323334257332554e-03
3.243653658704270804e-03
3.535961066244208695e-03
3.251114314097303115e-03
3.742500366980427984e-03
3.210621068982510984e-03
3.737891958009331717e-03
3.210843477948643887e-03
3.506455920584072850e-03
3.185841066455696868e-03
3.665975596719550644e-03
3.160749978402321858e-03
3.263168708974362175e-03
3.124153294522868940e-03
3.315981871637618816e-03
3.115315937206042385e-03
3.313116529319315440e-03
3.100723631931812108e-03
3.371130171050173985e-03
3.092890942186898862e-03
3.290658027926385287e-03
3.099636034821995345e-03
3.217793263297186179e-03
3.091964491510279522e-03
3.307462798097349221e-03
3.070247379613366689e-03
3.114511579232259741e-03
3.243199934103713211e-03
3.050944843109748561e-03
3.105057460204174724e-03
3.055767893097693921e-03
3.143436544854716352e-03
3.050433045243883257e-03
3.150430952761129610e-03
3.049756573507034219e-03
3.149603488965091458e-03
3.046266106816020169e-03
3.101505082246380773e-03
3.049783122344051911e-03
3.140807507899801010e-03
3.034410156186329033e-03
3.046011090254374665e-03
3.092228500303884076e-03
3.027644096988857392e-03
3.038598902787792433e-03
3.053686710007830207e-03
3.029667022647286601e-03
3.068419096975971705e-03
3.028348679166903423e-03
3.065487904148955778e-03
3.026691159193406477e-03
3.081858871128329014e-03
3.025252476320461348e-03
3.045760613027193031e-03
3.024364385023070589e-03
3.009508682729089557e-03
3.052987487876190897e-03
3.019832686396606292e-03
3.024725889207213747e-03
3.030706717162212627e-03
3.018100320718586360e-03
3.044428612918204102e-03
3.016564184637249291e-03
3.026855638513126223e-03
3.017505888513460910e-03
3.021806422137118808e-03
3.034596441741199691e-03
3.015552159022938383e-03
3.019475691689033070e-03
3.036975332068925226e-03
3.013532396079487974e-03
3.011396192077908651e-03
3.029642746846805679e-03
3.012389481661714719e-03
3.016231691078785637e-03
3.012266237097382948e-03
3.017950102540023494e-03
3.011400628819549397e-03
3.021513171644119033e-03
3.010865438133003558e-03
3.019822657478909989e-03
3.010639307836293632e-03
3.011416058562477183e-03
3.017642295741085334e-03
3.008957305188020293e-03
3.021489369740004705e-03
3.008625940254194830e-03
