4.362650139000208149e-01
4.417308084584802286e-01
4.311463137607529639e-01
4.284546821132005912e-01
4.306997065622351073e-01
4.272508171570363888e-01
4.359008935677646246e-01
4.362348794309409694e-01
4.376631328931770426e-01
4.247636414033064689e-01
4.226923763989948180e-01
4.251534169334034718e-01
4.238340496838224336e-01
4.203761546093185419e-01
4.183864637084668825e-01
4.167906031213877149e-01
4.145133550195949645e-01
4.161278960939928107e-01
4.130679621761150777e-01
4.107146285061915592e-01
4.116385621350189261e-01
4.096208212423657624e-01
4.076124501357452079e-01
4.072438811373075840e-01
4.051872780904347549e-01
4.040425014872939258e-01
4.018032671223810137e-01
3.993925716184105745e-01
3.966159522908323520e-01
3.987404063444562885e-01
3.949542613004530800e-01
3.921614277880871580e-01
3.932759315573249870e-01
3.897310145708037243e-01
3.869679016910440028e-01
3.867853803154090997e-01
3.842481973940428119e-01
3.839793339525336968e-01
3.815106001199040087e-01
3.801470926258316840e-01
3.774846663680477832e-01
3.778439899068505303e-01
3.735951852704755272e-01
3.705753837287322217e-01
3.724896858500610364e-01
3.682635509851359679e-01
3.655123863418432428e-01
3.666391953058331099e-01
3.658763867810392867e-01
3.593026523133021621e-01
3.562464451974058921e-01
3.594086450967830526e-01
3.582929006217302481e-01
3.560615625759973035e-01
3.547844173693670555e-01
3.532398793656735814e-01
3.515345528298349231e-01
3.552619904583584898e-01
3.493584491124073210e-01
3.474225904289768296e-01
3.431982129972970252e-01
3.401469954906121140e-01
3.501218146982333357e-01
3.470453375870568014e-01
3.457033886979472559e-01
3.517893388179212932e-01
3.379256784204556219e-01
3.351804580636204012e-01
3.393250759629921065e-01
3.396236650551093250e-01
3.374605031158823820e-01
3.269935064953586323e-01
3.230182871246634058e-01
3.306808306045680990e-01
3.198064714741777337e-01
3.153903284944417074e-01
3.119351159375893801e-01
3.061972071519012406e-01
3.179253880452950209e-01
3.289576139894698770e-01
3.039404063004440548e-01
2.984228537949933369e-01
2.952542073823871682e-01
2.886621388886876360e-01
2.869670296359401185e-01
2.802727261145696591e-01
2.764357812339586218e-01
2.681340453454257311e-01
2.838644737930964279e-01
2.653002693936279410e-01
2.590056285627491128e-01
2.482474556660769771e-01
2.381140796278864435e-01
2.292661682293219982e-01
2.169690487895420405e-01
2.201624265285548887e-01
2.058531083389057992e-01
1.934206845474064629e-01
1.929826177898691375e-01
1.806501043349439950e-01
2.137145328474143735e-01
1.594965418621333564e-01
1.442246326449386773e-01
1.486587951011081321e-01
1.240215751351616547e-01
1.080969831343879806e-01
1.410479790276200074e-01
1.213321229822070801e-01
1.181852940135394991e-01
7.159961896027278172e-02
5.908959364319377183e-02
7.892050817531726103e-02
7.086589248420416265e-02
6.164690344477929962e-02
6.713019614246729105e-02
2.757403528111312951e-02
1.866886617054519526e-02
2.889063492025512048e-02
9.800698469941471203e-03
4.425593208327249783e-03
3.665394702339974664e-02
6.877418510669697227e-03
9.365260079324810860e-04
1.462039866434450275e-04
1.010911935773706194e-02
6.945474345500746161e-03
1.540763836268321807e-02
3.007395712741645077e-02
1.155800428592879125e-02
2.617002759358100228e-02
1.159974349935266602e-02
3.195437001415324385e-02
7.743034982032659386e-03
7.601063346780234653e-02
9.242158036627423634e-03
1.212850227036199602e-02
5.325986920410308301e-03
9.290709445083478180e-03
1.310016313035988755e-02
3.482940967378556074e-03
9.434422153043908743e-03
5.219462953465425770e-03
2.411362054159549295e-02
5.595454338652272597e-03
9.041281863944039543e-03
3.507507387299213519e-03
1.229684580133416638e-02
2.828514152447003660e-03
7.064420049377351241e-03
3.401872304688469129e-03
1.142744181005039827e-02
3.236408600871598651e-03
1.042027361563735433e-02
2.032179714800186332e-03
6.181812341252479470e-03
2.788985945801791821e-03
4.889127604081555667e-03
1.963636348457753478e-03
4.165207261099812541e-03
1.608145818170370056e-03
5.531459756725420895e-03
1.241161852539085508e-03
3.491762759551320094e-03
1.669024055086842928e-03
4.782145868804987821e-03
1.847538504354817590e-03
4.924800009816321378e-03
1.176901443867617303e-03
2.805288231178204583e-03
1.470672945456663605e-03
4.250515506973306934e-03
7.709860150840741611e-04
2.552567870924726812e-03
8.799538920462035563e-04
2.400159272652024889e-03
1.030158894668953273e-03
1.458331137947022071e-03
3.403249897333315843e-03
6.173300110898782833e-04
2.964911971733541485e-03
6.331699449051431117e-04
1.188030676334883573e-03
2.193335956317654656e-03
4.651313577704874191e-04
1.268643963710291978e-03
5.671132924039978818e-04
1.864557402072364312e-03
5.024895500289616734e-04
1.212154267792975304e-03
5.464694622427934689e-04
1.283691230987482612e-03
3.846801291829127223e-04
1.443379054532401007e-03
3.081943787349716857e-04
5.083434802792829998e-04
9.230592125146763749e-04
2.660087119281673296e-04
1.099059961013004738e-03
2.266931829016938238e-04
1.224850277659839115e-03
2.173438243678882387e-04
4.138509314831617658e-04
7.417546418035936284e-04
2.155997883643845370e-04
8.760680444952484436e-04
1.809447224238036611e-04
4.229187664180900086e-04
1.956222703960452947e-04
5.480511947720811960e-04
1.679636735323342123e-04
5.299510525886841350e-04
1.265304280261281278e-04
3.343072399647484261e-04
1.207441262138786442e-04
2.604714030632893085e-04
1.052236378732418487e-04
2.302438244404791945e-04
1.014245542912961540e-04
3.206845645608025208e-04
9.238915624720789310e-05
2.400935392440350924e-04
8.832351355403389448e-05
3.155398612990634177e-04
7.303068955943903262e-05
2.330307926105001926e-04
7.373612133731999307e-05
2.521990794372985789e-04
5.596446879030381183e-05
2.298876537060179359e-04
5.162345126963341357e-05
1.439908282631074954e-04
5.599964063462969932e-05
1.059529994639207828e-04
5.046584379653218377e-05
9.318874672026300487e-05
4.320659149426031576e-05
1.688766336268576751e-04
3.704639563550937709e-05
1.687611542094957784e-04
3.518153972748017111e-05
8.557985554569214059e-05
3.422495096883082510e-05
7.951276064754875250e-05
3.400009131815373564e-05
7.950392297140229658e-05
2.465196599144015011e-05
5.811717066106503182e-05
2.613475354640293347e-05
9.393979429628274147e-05
2.083350249015847311e-05
8.298009733986866365e-05
2.133486676891838130e-05
3.966242105601924806e-05
1.841603065488861546e-05
6.304649022803587854e-05
1.525944116953503737e-05
4.206773195780666441e-05
1.603249872894618733e-05
4.177020129458863806e-05
1.545466337959933156e-05
6.107278339018140656e-05
1.365182923096508461e-05
5.466298312406525639e-05
9.936629636331240079e-06
2.880790567749702547e-05
1.142575820012314836e-05
2.207573345647251273e-05
1.011353076885157520e-05
3.491719946768778726e-05
8.705062854996725719e-06
1.779237498067409717e-05
8.385381379039102967e-06
2.944627685663725458e-05
6.480409218023730489e-06
1.751948134554037750e-05
7.174363416573292795e-06
3.030753266752839181e-05
5.988919773991518980e-06
1.570710843645795052e-05
6.346656881039969278e-06
1.379886675956232267e-05
5.266532391967615467e-06
1.806608232735040787e-05
4.185303352555180822e-06
8.979344645942965997e-06
4.198590084936171252e-06
1.924863119184827553e-05
3.256863399969667228e-06
1.371205544087317207e-05
3.582044607042256246e-06
6.638009238724151828e-06
3.137307934664157472e-06
6.041748997431817259e-06
7.326750420921790408e-06
2.918640483962064991e-06
7.545674198916607622e-06
2.719327539035809593e-06
7.007194330332922050e-06
2.726639361960714325e-06
9.551734204138462303e-06
2.113595514385835372e-06
7.860063149456308906e-06
1.684730592699246188e-06
9.633724538993249098e-06
1.544677682874251445e-06
5.687591700720417975e-06
1.559118060101560843e-06
2.339188560296356911e-06
5.906562588808839109e-06
1.247208313626124720e-06
3.398364468720771470e-06
1.340682682093863320e-06
5.633754644462918293e-06
1.048774280199005204e-06
4.156027734958378517e-06
1.176529190627384480e-06
1.959969812115325283e-06
4.219280773432032561e-06
8.206213177874843723e-07
1.968877412439340446e-06
9.274406006509750000e-07
3.275675753644513577e-06
6.655390824006346406e-07
2.189346710035344756e-06
6.898360366269784549e-07
3.581508566163904561e-06
5.691696506326948679e-07
1.538911084564276166e-06
6.326651867949451002e-07
1.170681813933427406e-06
1.009603355583976736e-06
1.542280322786027114e-06
5.222015698747028978e-07
2.084285464443169644e-06
4.102200382716247873e-07
1.037240972556752183e-06
4.782159067628910520e-07
2.066464805383638748e-06
3.463565290129366758e-07
6.322585306417494166e-07
1.057571666795986687e-06
2.924924630276493076e-07
1.031401958062616586e-06
2.820182990470598838e-07
8.831755112792549767e-07
2.761633475234503976e-07
8.035898522162909785e-07
2.821801534658163746e-07
8.897389180972936629e-07
2.399323381085949336e-07
9.769135397297290524e-07
2.075520970645783336e-07
8.341402911726802927e-07
1.968029587073871767e-07
3.788541799165656698e-07
1.759290955138936852e-07
6.616834349326694564e-07
1.366720412399047291e-07
3.657676179713575948e-07
1.323910151507234900e-07
6.093190939582271426e-07
1.065622753371187059e-07
4.261388325543791211e-07
1.229278214776030609e-07
4.621132754234480444e-07
1.168426994047067069e-07
2.542761491364231574e-07
1.144226875471332505e-07
1.780712519661165061e-07
2.092034164791201079e-07
9.201176287554346800e-08
2.130370073682996690e-07
8.084293690036048474e-08
2.797161740009102004e-07
7.392035217268499991e-08
1.905623981945936407e-07
5.984601225694774485e-08
2.673053778323719598e-07
5.121892610038258908e-08
1.191363001584733183e-07
5.600432240182584565e-08
5.121892610038258908e-08
4.442079061731663003e-04
1.043823052905179516e-03
1.490629392996711822e-03
1.124239011048855374e-03
6.575311248846471557e-05
1.654070945168450990e-04
1.478677943410611206e-04
3.438111087366024776e-04
1.749556630179061045e-03
7.109435964837151900e-04
1.852026349216440160e-03
4.427963701316706135e-04
1.304748211532702484e-03
4.794425269041280302e-04
8.979462283402739331e-04
3.248993123081689305e-04
7.539615636461549641e-04
2.076101837323873767e-04
4.633073226807393752e-04
2.302722960118019913e-04
8.759568754147517566e-04
1.715272662825562122e-04
2.853778437530429812e-04
4.766215626028635910e-04
1.408375061694444597e-04
3.394499752195079267e-04
1.294467133744481302e-04
4.218464614974548610e-04
9.314199233845243953e-05
3.538445486334085288e-04
8.640516345137516652e-05
1.693917504071995594e-04
7.973247922299364632e-05
3.091247209298098042e-04
6.498755109685117048e-05
2.136042520886061169e-04
6.445198778359806369e-05
1.427070989655776501e-04
6.680300016781437478e-05
2.373997584617093537e-04
5.217665415668815143e-05
9.270078792356084563e-05
4.397916290554970686e-05
9.978806999833000901e-05
3.991442017592383706e-05
1.481197614334739399e-04
3.196310459141482596e-05
1.070664389996034416e-04
2.859256067011539670e-05
7.227323573577582039e-05
3.080867208471449459e-05
9.776271347960996394e-05
2.798366664402696102e-05
1.525357553915362985e-04
2.343030555451708352e-05
3.695420801164139846e-05
7.672069286679406019e-05
1.793827194407349168e-05
5.166628810426843188e-05
1.793044199027704622e-05
4.147538451337862142e-05
1.702834836503352989e-05
3.825978760341186558e-05
1.446353407830169857e-05
5.400559219492784280e-05
1.249950664761190211e-05
3.717481844733860896e-05
1.275154368840514252e-05
4.923355490160652437e-05
1.133138258246901842e-05
3.105107220624514497e-05
1.041552296920933429e-05
3.375073999944966374e-05
7.167270300700856467e-06
2.206123177184160511e-05
8.195276492428682502e-06
1.761041217385184154e-05
8.015117439863495008e-06
1.538921894039813054e-05
6.736853764732764205e-06
1.724340329078977163e-05
5.617426475090780968e-06
2.229786120067078770e-05
5.051355783547428757e-06
2.178954901344010153e-05
4.470827706382074496e-06
1.293395582513401365e-05
4.740118635715440121e-06
9.060695962959108840e-06
3.829173821356945950e-06
8.925915010005169847e-06
3.715023489392343947e-06
1.339510801023902076e-05
2.865544919683493674e-06
6.324884113451112455e-06
2.946873311260311823e-06
1.040317305489590893e-05
2.245854680782422008e-06
5.207947417873448615e-06
2.371568213144215065e-06
7.914095609740101622e-06
1.965057609965015217e-06
5.266624116928575461e-06
2.037125233056436002e-06
6.571675239430696536e-06
1.576080275178526335e-06
7.692187716457077329e-06
1.428559754379499225e-06
2.427674452687433870e-06
4.847972838728509259e-06
1.180720368809673460e-06
2.593750025758900790e-06
1.129880572769970115e-06
4.555034657793832764e-06
9.332830815944603842e-07
2.695822318266039019e-06
1.024138868044310868e-06
3.943880825585388550e-06
8.023826258973798531e-07
2.471381929991522952e-06
8.911815230217001726e-07
1.721657262199194349e-06
7.368283717612555961e-07
1.620147164427265807e-06
6.596051884688591826e-07
2.146505887923311207e-06
4.775924978828172129e-07
1.067952263400506752e-06
4.983203014674586484e-07
1.922585789349007257e-06
4.070018088109250698e-07
9.634306858963270770e-07
4.381707804368417669e-07
1.457929543091651681e-06
3.719732124540797713e-07
9.269866003691618062e-07
3.672900970030923418e-07
1.286923002274953376e-06
3.010271185655000181e-07
1.351821009132336826e-06
2.550007648371988012e-07
4.005583290611625102e-07
7.742327642334956295e-07
1.993930248689324003e-07
8.958201775932650435e-07
1.686711592618905797e-07
4.558870070336951130e-07
1.893229999438972300e-07
4.158823586619675439e-07
1.879482246502917064e-07
4.650167808595284669e-07
1.670353473315344672e-07
6.845726927551254448e-07
1.459066294451361046e-07
3.435055340172965543e-07
1.387234044303298219e-07
3.072325984732060533e-07
1.157173716848092226e-07
3.367273323506836391e-07
8.237686666134891311e-08
2.325900375632627970e-07
8.572483545243869685e-08
2.246986012810481270e-07
8.525841144191304011e-08
2.957557093674623161e-07
6.857235912427483981e-08
2.018983594753720467e-07
7.567519588747018133e-08
2.761494063419078770e-07
5.770806499327818528e-08
1.603201378319596415e-07
6.376702887944674103e-08
1.346710307714715782e-07
5.292485349972508857e-08
1.041617279096129778e-07
3.873498466422375941e-08
1.115458544420633302e-07
3.771214096559560858e-08
1.355851110274031157e-07
3.408145221595049179e-08
9.526532174231050476e-08
3.381145652348038766e-08
1.108954483797219837e-07
2.853569991412285844e-08
9.028852998582692635e-08
2.768333939862088755e-08
9.183852622829391521e-08
2.417775679663947130e-08
6.390380391518846181e-08
2.392524489636116414e-08
8.719204069862485085e-08
2.045605562717156545e-08
4.564594213718464744e-08
1.766940160852215058e-08
4.607921622046262655e-08
1.698921425763444404e-08
5.956621618175006461e-08
1.383906378382704361e-08
3.987668895089058196e-08
1.536638805088585968e-08
4.948595666576238727e-08
1.162717044866923288e-08
3.802940506947294352e-08
1.215657963182792400e-08
4.065476422177027871e-08
9.996445116122743002e-09
2.625923611887515108e-08
1.107799108002183175e-08
3.852972496609652353e-08
7.967149051602007148e-09
1.985111719449150769e-08
8.185961686280052163e-09
1.867945509381740976e-08
7.863144690922752034e-09
1.936509241851069874e-08
6.873222546666113431e-09
2.329545367718566240e-08
5.695303340047530583e-09
1.776652935880917994e-08
5.248896872700470340e-09
2.023540335294171655e-08
4.758146876504554257e-09
1.146414696506781183e-08
5.195348373732144864e-09
1.702318885854481323e-08
4.114733886950716624e-09
1.003890437445420503e-08
3.712714580217379989e-09
1.528419102392319928e-08
3.112645474701025705e-09
7.769993648487627524e-09
3.671917769842991675e-09
1.091101908823333133e-08
2.908065122042557960e-09
8.334300471979361191e-09
2.479513705466729334e-09
1.204938393506438388e-08
1.935108184802913911e-09
1.043550856838493246e-08
2.070546845089893395e-09
3.189797204150579546e-09
6.305845845488988743e-09
1.742664679227345914e-09
5.052465334998146318e-09
1.628010060095164135e-09
6.150377207525536960e-09
1.513636993522027296e-09
4.004879539110106634e-09
1.430126461698932872e-09
5.206488795650443535e-09
1.275875738393494885e-09
3.527888647880672579e-09
1.315350828257066951e-09
4.409602682997615375e-09
1.003918614905785489e-09
2.221188788453787311e-09
9.638881914852959198e-10
2.660658915409896963e-09
8.482184954416993605e-10
2.782971852965943071e-09
7.314314709461200437e-10
2.110796537557746433e-09
7.254411515944525490e-10
2.757233441563755605e-09
6.084059922528695097e-10
6.084059922528695097e-10
4.228379565881512647e-04
1.677656390033921419e-03
5.512408619642306107e-04
1.332355169300081243e-03
2.131528875235488840e-04
1.544717660252326041e-04
3.305611360249205433e-05
2.414676705808638246e-06
2.288298286284851102e-03
7.540219049232410597e-04
1.680949137977671981e-03
5.752548064630325086e-04
9.555213125893580184e-04
3.414514842928761951e-04
8.340427591645438454e-04
2.463346082957063032e-04
6.431610827050127099e-04
2.531531699877520580e-04
7.688265202032695811e-04
1.925998954711571898e-04
4.662870958657139298e-04
1.514394011746800217e-04
3.162597057192462202e-04
1.145483866343832702e-04
3.126018381899298149e-04
1.101115775237193617e-04
2.715623048938908823e-04
9.371885129649815127e-05
3.063229487917373817e-04
8.079953714756893390e-05
2.678785812765260843e-04
6.253577650916497532e-05
2.038472379198852380e-04
6.725631481641070053e-05
1.422141717907221548e-04
5.177017388868776493e-05
1.402012221988213625e-04
4.915223798562795565e-05
1.259758519974729651e-04
4.108623092058394377e-05
1.266745085823917094e-04
3.397940485527772836e-05
1.020673358271828590e-04
2.872235167117320742e-05
9.543447699300600107e-05
2.646793590055374068e-05
6.679450382873763914e-05
2.310953746176291901e-05
6.346036130622234595e-05
2.183559274604451872e-05
5.829753281094696149e-05
1.774781096064437236e-05
5.038035614746139146e-05
1.451851873446319274e-05
5.657919947521516946e-05
1.353694863637233681e-05
4.442817845751179107e-05
1.222097466624383344e-05
4.118164941802060497e-05
1.120084443972935162e-05
2.848042760128510764e-05
1.046477075239415910e-05
2.569293938847749814e-05
9.940458846502409074e-06
2.242264420282413795e-05
7.913157384131785932e-06
2.436273934702803956e-05
5.972383690600047146e-06
2.609770889205886846e-05
5.329478231730355731e-06
1.965243515200665314e-05
5.179871099270094703e-06
1.786251229329849366e-05
4.760218560218021366e-06
1.204941260868341857e-05
4.856514038142911716e-06
9.967265210408804421e-06
4.709620404996783805e-06
8.174344207967365605e-06
3.709007116992069086e-06
1.219947005270949347e-05
2.298869244854451210e-06
1.247340915877526157e-05
1.956613563836029357e-06
8.932122639415673859e-06
2.196928471032144614e-06
5.967117090666107515e-06
2.269422683554012110e-06
6.876744075956509050e-06
2.130396159039094073e-06
3.579825367583389095e-06
5.402654951858210097e-06
1.609380404166138590e-06
4.122374990478405721e-06
1.645905852831752725e-06
4.020484455025119530e-06
9.954098448838877289e-07
3.342687438290248281e-06
1.003961531909070004e-06
2.555436304008118498e-06
1.051655346695490323e-06
2.366596064562465074e-06
1.022406955764054715e-06
4.112604802708474949e-06
8.355895717571115711e-07
3.291657970083683438e-06
8.174586832998542718e-07
1.962828514390224655e-06
7.580056907707799496e-07
2.086950953494870475e-06
7.238212229587759339e-07
1.101916513701617362e-06
4.973498769489381743e-07
9.928468868158901728e-07
1.466709088071560529e-06
4.367577778330300475e-07
1.471819768061877198e-06
4.296939168924041041e-07
1.006968159300569710e-06
4.677948933773379281e-07
9.712093220759498990e-07
3.811903199757438188e-07
1.076126497578933083e-06
3.621745895410199978e-07
1.284780403287832939e-06
3.110862650812507013e-07
1.104564759657478135e-06
3.080729605864362952e-07
1.022964088659428228e-06
1.915202307856134212e-07
4.237456870948008714e-07
6.402885162071214609e-07
1.891096563788607909e-07
7.073295574810956055e-07
1.790781104515914990e-07
4.352378729644001965e-07
1.993577961600934145e-07
7.693952788212499172e-07
1.473270427876371969e-07
6.075088860857391637e-07
1.520583143843623475e-07
3.509793724543186499e-07
1.453965075004504115e-07
4.023278097342597448e-07
1.387220532889088531e-07
1.624420653545399773e-07
3.550921418016272924e-07
7.635780296944005840e-08
2.752505624536993878e-07
8.213111102328696234e-08
2.635383313798200788e-07
7.745409458248531109e-08
1.704124799051243144e-07
7.600666485085838531e-08
2.011402334689549321e-07
6.746705383253726040e-08
1.809047274203834377e-07
6.616996628405757974e-08
2.448374247787654667e-07
5.976361139303776326e-08
2.081177277180046303e-07
5.929553803518672339e-08
1.281158681365468510e-07
3.492701716734103456e-08
1.015509765167621481e-07
3.454712116379710096e-08
1.537748161029028893e-07
2.965788681308367813e-08
7.113456790275307640e-08
3.314737162529723946e-08
1.024694303852768940e-07
2.880983551722948732e-08
1.333428945038406255e-07
2.556488876148677036e-08
7.002021196189645025e-08
2.751988936733340552e-08
7.629041243184531140e-08
2.660464049064614755e-08
5.866872054838268014e-08
1.465136245659692804e-08
5.709903594386389614e-08
1.461857168649771666e-08
2.740715643323454742e-08
5.351730081315508869e-08
1.195591281533125994e-08
4.096657990615426570e-08
1.260815329917619465e-08
5.776887945785347256e-08
1.051749631830745102e-08
2.542870647381789695e-08
3.168949602727622050e-08
1.213786871012700885e-08
5.323470586571232843e-08
9.761286445808536882e-09
2.337051108192156335e-08
1.083126721646010537e-08
2.455193437445046811e-08
6.073816227747386165e-09
1.790800363554723162e-08
6.612312364318029267e-09
2.002018206770372899e-08
5.323912866117552767e-09
1.719238995612215604e-08
5.297874583476414045e-09
2.221280115399792976e-08
4.791664287573382808e-09
1.026020046701603405e-08
1.279894779049328690e-08
4.773654471712518443e-09
1.207384969781344353e-08
4.669557296388404666e-09
1.743145838783988211e-08
3.933101844211250864e-09
1.012660422183842002e-08
2.833977608140969551e-09
1.008101657706816923e-08
2.550213706875581465e-09
1.123375958922423479e-08
2.055881576090712315e-09
5.438587358241875336e-09
2.534117138353053633e-09
4.335329650828612102e-09
5.591364926615938202e-09
2.196451909242114198e-09
8.148263286322787735e-09
1.919260861349414427e-09
4.131776254467922627e-09
1.930857362886229112e-09
7.218940778486171439e-09
1.572883046030426613e-09
3.986049601500951667e-09
1.248039893653185572e-09
4.483130866539397630e-09
1.053805598338897198e-09
2.745133897974483261e-09
1.189197407214237501e-09
2.778610341813703144e-09
9.966506508973793643e-10
4.372812223429889400e-09
7.879796815046802294e-10
1.563884022282024944e-09
2.988540526160932131e-09
8.134544149385192213e-10
2.191469228307596495e-09
6.870727320418268391e-10
1.862847542888346197e-09
7.108637012365193186e-10
2.408570121126274444e-09
4.894754601636464031e-10
2.493438122641578047e-09
4.550456678131808985e-10
8.696010578290724879e-10
1.833031948450525306e-09
4.006579512605412674e-10
9.234096820520676374e-10
4.044826695803749317e-10
1.487443501702045978e-09
3.274130966346433524e-10
1.505433111503862165e-09
3.156224170908217275e-10
1.410971894877377508e-09
2.817109878705537085e-10
9.160813219111219041e-10
3.105760093546905409e-10
3.516819058191344993e-10
7.663983891958991990e-10
2.087009454143640141e-10
6.572743460608876376e-10
1.991983245019923743e-10
7.952331015914637646e-10
1.572824093187819017e-10
3.229355671763300961e-10
8.640967941175858869e-10
1.457252096770389471e-10
6.800373597570796846e-10
1.261943882724381183e-10
2.796066711496791868e-10
4.108383633294465653e-10
1.404051319653376595e-10
5.912893508153160838e-10
1.226040380331028246e-10
4.989759716522712552e-10
1.155400219943203410e-10
3.076587873351854796e-10
1.307877139922197784e-10
3.195954612067453127e-10
8.991130062696583991e-11
2.737445825573558977e-10
8.857048428012603836e-11
3.092421874129058779e-10
6.191969159630161812e-11
1.475773947490210958e-10
7.549438851839340714e-11
1.961423246044091684e-10
6.243461303512276572e-11
1.200672894441368044e-10
2.201534510248848164e-10
5.205058606350121408e-11
1.533505544770719098e-10
5.570055527925887873e-11
1.270582528078989526e-10
5.622047272169083953e-11
2.386313369129311468e-10
4.453482027599875437e-11
7.571432369957165065e-11
1.623450263110726155e-10
3.552780292181978439e-11
7.617362296485907791e-11
3.574474050083153998e-11
1.107663960553395555e-10
3.428068939825834605e-11
7.805434076857409309e-11
2.796562981188799313e-11
1.025431961565459460e-10
2.543720789560666162e-11
9.768019726408283532e-11
2.295952317155069977e-11
9.217226981661497121e-11
2.325195591623696600e-11
7.584333161503309384e-11
2.269218146722096208e-11
4.720246415956808050e-11
2.090594364290154772e-11
3.698041872723933920e-11
1.677546990208611533e-11
6.536782226618242930e-11
1.423827722391024508e-11
4.445110945994201757e-11
1.584188336067882119e-11
1.423827722391024508e-11
1.387921859861140916e-04
1.782932109592128000e-03
1.468139760331999000e-03
3.826792640119203170e-04
5.722091936199991125e-04
2.470094771348518847e-04
2.951960492136862513e-05
2.866292160974559522e-05
1.601233423276893220e-03
7.313719328523315966e-04
2.834216253396970586e-03
6.102608657271302306e-04
6.978566349634673927e-04
3.342680879673265437e-04
7.638040919473176871e-04
2.809930432483564999e-04
5.913611481730418618e-04
2.697857160680605659e-04
4.609744650803104804e-04
1.768209365404782574e-04
3.492496753443319335e-04
1.591246881422758719e-04
