5.936875247790299737e-01
5.796390514281506423e-01
5.485153716337897167e-01
5.313092303043349673e-01
4.942206379539428873e-01
4.537697078240463533e-01
3.769863148966335897e-01
3.077457397212725043e-01
1.746406285115826851e-01
6.042818242932690431e-02
6.537101093691366493e-02
5.718767182141415439e-02
4.536717939022261170e-02
2.773588080369249198e-02
3.646512338669709585e-01
4.635842131625603768e-01
7.287839534963236332e-02
1.364517476819737674e-02
7.636563737675472474e-02
2.359428012063690128e-01
5.911562993786811937e-02
1.091551916872187666e-01
3.211864545335707533e-02
5.358523682480398342e-02
1.440101765136314604e-02
4.594413865134194808e-02
5.707954310570917400e-03
6.548795222742986866e-03
2.819118593580738352e-02
4.056457005570557328e-03
4.853568538674579713e-03
1.402423033319566414e-02
5.527393845593531196e-04
1.374232636918715222e-03
6.127251692133905969e-03
1.565477648192592497e-03
3.526717871983220398e-03
3.061449367318669346e-04
1.118212842284860287e-03
4.992466521429594906e-04
1.353044414324378053e-03
7.414753934031903526e-05
2.684579588835278585e-04
6.495401592470084751e-04
6.775936102032531494e-05
2.608269658253004053e-04
1.290684293828725515e-04
1.355741449102776386e-04
6.304845258364721872e-05
2.046394009151963900e-04
4.280702011416614994e-06
9.486506430289587399e-06
7.679144869099374660e-05
2.813104674825872564e-05
4.178889530614959824e-05
1.066170414110167997e-05
2.429826581396010710e-05
1.924372448058875307e-06
6.827336474835021818e-06
2.872919818486252552e-06
9.117947009862348295e-06
9.266487391856870204e-07
1.954222306199682180e-06
7.104003821867266311e-07
3.556778402802329708e-06
5.606423407744642873e-07
