9.736910538037644169e-01
9.736565843648157248e-01
9.741055496241841638e-01
9.735453171256825966e-01
9.736645082025755515e-01
9.736471342117967165e-01
9.736284057219721788e-01
9.737291940029728643e-01
9.737165274747114907e-01
9.732098152248305212e-01
9.730966276491082034e-01
9.730966276491082034e-01
9.730447423763842751e-01
9.732182730157962203e-01
9.730179160362206758e-01
9.728935172555075450e-01
9.730460652184442782e-01
9.731476517090997813e-01
9.730850537948749768e-01
9.730694375259543172e-01
9.728815372000561013e-01
9.728392949880806384e-01
9.728392949880806384e-01
9.729762023668284687e-01
9.727990004797438806e-01
9.728113392541433146e-01
9.729471846298636262e-01
9.728189847523704969e-01
9.727897164403339625e-01
9.727498522913057277e-01
9.729522118361489946e-01
9.727004047182045143e-01
9.726658252628006540e-01
