5.000000000000001110e-01
5.000000000000001110e-01
5.000000000000001110e-01
5.000000000000001110e-01
5.000000000000001110e-01
5.000000000000001110e-01
5.000000000000001110e-01
5.000000000000001110e-01
5.000000000000001110e-01
5.000000000000001110e-01
5.000000000000001110e-01
5.000000000000001110e-01
5.000000000000001110e-01
5.000000000000001110e-01
5.000000000000001110e-01
5.000000000000001110e-01
5.000000000000001110e-01
5.000000000000001110e-01
5.000000000000001110e-01
5.000000000000001110e-01
5.000000000000001110e-01
