1.860323425632237626e-02
1.907924202983124484e-02
2.027616149906930065e-02
1.865843821869106467e-02
1.830423446270779131e-02
1.831555848699406575e-02
1.851136405781761418e-02
1.850381457183269962e-02
1.882677622709527654e-02
1.700449759788658088e-02
1.661859541530741335e-02
1.751203439311488363e-02
1.743146317084964814e-02
1.729242470285019539e-02
1.702575042756848678e-02
1.675203839271421913e-02
1.633710392020371049e-02
1.607741154214337165e-02
1.597138443481926906e-02
1.569154964308716593e-02
1.535853176498436223e-02
1.501160412013702317e-02
1.547774276421409745e-02
1.508436513986222138e-02
1.468576052219972006e-02
1.437759574476649149e-02
1.429509560666764045e-02
1.397362333606344542e-02
1.388034170697716174e-02
1.354391960644518722e-02
1.327795156518596364e-02
1.289250611199010965e-02
1.299779587267912984e-02
1.270716580629860371e-02
1.236093961717454892e-02
1.216536814707624981e-02
1.178564304051443745e-02
1.173502147093963277e-02
1.135285888441739388e-02
1.096045495147413007e-02
1.050971994490068617e-02
1.059704570232566923e-02
1.016920342012506140e-02
9.747868023497918699e-03
9.659830129449042957e-03
9.234119093256554223e-03
9.248592886460182960e-03
8.535327666927328139e-03
8.073161156916031089e-03
8.005918099018960454e-03
7.551449363011442095e-03
7.515385247969907923e-03
7.074748360064719854e-03
6.920180272623643880e-03
6.475036173848147669e-03
6.577529092220868456e-03
5.861087955374322256e-03
5.423324000071838569e-03
5.475645448108967805e-03
5.062247359808647040e-03
4.681358298346260938e-03
4.259760731755823926e-03
3.869802089951690505e-03
4.104847395881794370e-03
3.783361122142947508e-03
3.494753051244026132e-03
3.420638318387014820e-03
3.170610544830587685e-03
3.114759825821100669e-03
2.912576511485465147e-03
2.756465850407008311e-03
2.644028769010264845e-03
2.686855161520007584e-03
2.602761060837788243e-03
2.669388939214756284e-03
2.653578844624471245e-03
2.691995381660206021e-03
2.964942695067418477e-03
3.227151935631833446e-03
2.874965583668287472e-03
3.436675622574103528e-03
2.848151455393188591e-03
3.084063233154576977e-03
2.764591511690062120e-03
3.066640497351169614e-03
2.736821394667243723e-03
2.977158906802279681e-03
2.723764517463034274e-03
2.972535759598549099e-03
2.709181843911223631e-03
2.801557213971350713e-03
2.677523494022948647e-03
2.810350702479258445e-03
2.661293635020656190e-03
2.758685919164616251e-03
2.658490210208919180e-03
2.769233232591261640e-03
2.649477087426244104e-03
2.756950182485118361e-03
2.641205450734651627e-03
2.734659836596042837e-03
2.640371061481405768e-03
2.685753231876697456e-03
2.639337996419022225e-03
2.698016740556141713e-03
2.629265165793426284e-03
2.669417629717507623e-03
2.630153541840596354e-03
2.644790229242799384e-03
2.628663772727635184e-03
2.696335976142383295e-03
2.618611353557342980e-03
2.662713779974290595e-03
2.621174296682737825e-03
2.663015266408552684e-03
2.619617352025982449e-03
2.661518443628163588e-03
2.619311300211535354e-03
2.627519957028034980e-03
2.652949707004137458e-03
2.613755939332440548e-03
2.611701866881421807e-03
2.642595087341215176e-03
2.612817884290130621e-03
2.651109816789620766e-03
2.611507104285926140e-03
2.617031078964493496e-03
2.611566858534031255e-03
2.615509492356671295e-03
2.667537235961803255e-03
2.604441226717435498e-03
2.613528741089110596e-03
2.634785256704241796e-03
2.605505754184833656e-03
2.601455010858289008e-03
2.604712548981424902e-03
2.599994392876281424e-03
2.603433045690883851e-03
2.605017491668415452e-03
2.631138577642855303e-03
2.601815020456976768e-03
2.597230747847789623e-03
2.600497869528872741e-03
2.611369637680271971e-03
2.602460773186598963e-03
2.599033655652949193e-03
2.620089645579581905e-03
2.597846176151108466e-03
2.604559179728460627e-03
2.598867076690658529e-03
2.586804714653445636e-03
2.585787549117868345e-03
2.608022303722590252e-03
2.596409681990374807e-03
2.596089255957889641e-03
2.593800140397228837e-03
2.605009543130587524e-03
2.594516448521488883e-03
2.593377257921414270e-03
2.589141929818294940e-03
2.605224903254543811e-03
2.592415373955159197e-03
2.586623686599454075e-03
2.584196808724792405e-03
2.584559754094883921e-03
2.602800907162361455e-03
2.590321774548764999e-03
2.583862812491233285e-03
2.584491500209118442e-03
2.590640961556589517e-03
2.605008865502189686e-03
2.587857884594479962e-03
2.575746670761547286e-03
2.573714969538842823e-03
2.588774482320310710e-03
2.581366548831010022e-03
2.590773406091928521e-03
2.584999617693317653e-03
2.584245855374422973e-03
2.581551098190804083e-03
2.572908525992567697e-03
2.571266655868598150e-03
2.570944350978154880e-03
2.569375618700520114e-03
2.583364456124059849e-03
2.571571093629376747e-03
2.565162353927563643e-03
2.563063198297022005e-03
2.562749369838135394e-03
2.561026972025537418e-03
2.583682801684639152e-03
2.576331196223913267e-03
2.571995455463826907e-03
2.560607551063243115e-03
2.559745504008836825e-03
2.570395543956882634e-03
2.558567949827561527e-03
2.557311176095145022e-03
2.564818549138148107e-03
2.552641425519919238e-03
2.550261453487800978e-03
2.548638166506744795e-03
2.546033997498642343e-03
2.559677997710285702e-03
2.541407564112696527e-03
2.537995144028193373e-03
2.544140036680686556e-03
2.535788147609907561e-03
2.532341752784272870e-03
2.533673025600369222e-03
2.534683879023225117e-03
2.542490349924708681e-03
2.520918765556268148e-03
2.517095479624753551e-03
2.517076252093852773e-03
2.513036554149805646e-03
2.512879564327663573e-03
2.508805495847310496e-03
2.506994360111036713e-03
2.502692399703354553e-03
2.528954321169174513e-03
2.499735872002917247e-03
2.495012269644103498e-03
2.507499798764190047e-03
2.487522119468565940e-03
2.481796953966108887e-03
2.476634150536005663e-03
2.469823246122881955e-03
2.487126712066967116e-03
2.469192555944021983e-03
2.463260943597611607e-03
2.466022797619094042e-03
2.454417489060167767e-03
2.447698098607564710e-03
2.458340112061696558e-03
2.434957989005948065e-03
2.426812913977283159e-03
2.425705909144038053e-03
2.417917821133430678e-03
2.433638111666192039e-03
2.409248893162740934e-03
2.400685206562669372e-03
2.406421095969890622e-03
2.398950960353252171e-03
2.392391718874398165e-03
2.380383677697217593e-03
2.371153590682184564e-03
2.382883076495589947e-03
2.361338947335589467e-03
2.353639388375849961e-03
2.361260139080334497e-03
2.346527682250965086e-03
2.339958171783007579e-03
2.329542943981466330e-03
2.320078595263397325e-03
2.334258808239342287e-03
2.316489651881914469e-03
2.312301483942569291e-03
2.345822320963919516e-03
2.298586292565407696e-03
2.291984931596879882e-03
2.302752257504092626e-03
2.363559441292628627e-03
2.341598818370926871e-03
2.296922451437088952e-03
2.312246039335885683e-03
2.310087911841396391e-03
2.283650239924606140e-03
2.283463435529986540e-03
2.266249329839986615e-03
2.261440192027786011e-03
2.307693654010067874e-03
2.272280949722982335e-03
2.409217240425975959e-03
2.293557750386865379e-03
2.262018765480489080e-03
2.291650084182084157e-03
2.256160672708840131e-03
2.253253763554452505e-03
2.256726941417319665e-03
2.259844469575278403e-03
2.234585932079813375e-03
2.229345967549756224e-03
2.269878130964797514e-03
2.224312598931854623e-03
2.218974570420972903e-03
2.229594519729372060e-03
2.281914308437493766e-03
2.252914348453538551e-03
2.220607872804425398e-03
2.214028788906974299e-03
2.210227382900997739e-03
2.222860401644211059e-03
2.210714692713833252e-03
2.204970648660098398e-03
2.205259747367516177e-03
2.205002498847252745e-03
2.195813020368198032e-03
2.193963563893230884e-03
2.186612131014675775e-03
2.183148636501597295e-03
2.203428785674699242e-03
2.175151915590367580e-03
2.170036486299320444e-03
2.175766604679552074e-03
2.169742450650491428e-03
2.166492159692445796e-03
2.156986358898937972e-03
2.152074481578281073e-03
2.201156926173841732e-03
2.146495606319964722e-03
2.140708583062700399e-03
2.142925367797920977e-03
2.200502967681150501e-03
2.181635545225102391e-03
2.142575024900894576e-03
2.127441389952799966e-03
2.121366658809353822e-03
2.145983372453752480e-03
2.123850270795979434e-03
2.103302599849365961e-03
2.095777662038500466e-03
2.095135731404074164e-03
2.090039709852886674e-03
2.102755734586181369e-03
2.133560058253491931e-03
2.083344357478034148e-03
2.076179614198814249e-03
2.078070981500035330e-03
2.059298398105813277e-03
2.053164216455516389e-03
2.100614077788831580e-03
2.075077921925072566e-03
2.046859594536543092e-03
2.040768945745563556e-03
2.077548926440297983e-03
2.053421367270491515e-03
2.038141103847035396e-03
2.033293484463127854e-03
2.025151405512626290e-03
2.018494121239777783e-03
2.021170844298314506e-03
2.043728972763059204e-03
2.013275647209766817e-03
2.008954246982774805e-03
2.002375099911080092e-03
1.997650743478462942e-03
2.000283133332780849e-03
1.986818812618418306e-03
1.981944551409209332e-03
2.018362144287300097e-03
1.970515975869613357e-03
1.963948547897276242e-03
1.961424866317562632e-03
1.954650680253244843e-03
1.957697144658876454e-03
1.959115070690575777e-03
1.950770071645901993e-03
1.950120405285193925e-03
1.929055769823495581e-03
1.921525009308644449e-03
1.917825272400697223e-03
1.913071863312909571e-03
1.957519439670041272e-03
1.913423166049366131e-03
1.908894290933327298e-03
1.904979363504422096e-03
1.909500141260123129e-03
1.898926779838827628e-03
1.895259813318728170e-03
1.976001609191868624e-03
1.934808642496732567e-03
1.886563960508569338e-03
1.881458160464921647e-03
1.890494887049509742e-03
1.898953043924289652e-03
1.881747593425742160e-03
1.881824653460872909e-03
1.875754475993973713e-03
1.873306267678898074e-03
1.868511612279077916e-03
1.864812419613670613e-03
1.861232959745717785e-03
1.857611624135668826e-03
1.867337119297096670e-03
1.850261153840904171e-03
1.846171132233953571e-03
1.867357021500981595e-03
1.849717281967810933e-03
1.844868744328986843e-03
1.841700440672111583e-03
1.832398542083391035e-03
1.828058721207059811e-03
1.832178519280747153e-03
1.848168790261173200e-03
1.829433400451718761e-03
1.814435197987629422e-03
1.810635357177847737e-03
1.824130962918557586e-03
1.812674157333216129e-03
1.819722127266221179e-03
1.813592186140633444e-03
1.814592489938093856e-03
1.806714344224746860e-03
1.804828919872214499e-03
1.807441261231779173e-03
1.800260359374417085e-03
1.797524670443473305e-03
1.807187874599103239e-03
1.803466736607806098e-03
1.801319733894746200e-03
1.794987577720674743e-03
1.793023900479639998e-03
1.791785561357617240e-03
1.788936009683772532e-03
1.788727779212462288e-03
1.786600887076272848e-03
1.789321650597641700e-03
1.791740913380746036e-03
1.781181882928972726e-03
1.779336918102503162e-03
1.781808364832104807e-03
1.778343374689184131e-03
1.777139481019762712e-03
1.774605158378350644e-03
1.772422422781971818e-03
1.771327606042261138e-03
1.768971982462064219e-03
1.768279398698613392e-03
1.766298534179311375e-03
1.771438583523687882e-03
1.767026432582863293e-03
1.762545643378632398e-03
1.761682819384713383e-03
1.776815027080269616e-03
1.761476021635455247e-03
1.760284858794536333e-03
1.758865376251139701e-03
1.757047503951114642e-03
1.763801266164710668e-03
1.757818290606616429e-03
1.750036852678604760e-03
1.747454367343803661e-03
1.747588983150083486e-03
1.745867518332833157e-03
1.743786437800820543e-03
1.749370855020915272e-03
1.752875567732625761e-03
1.739615042249620380e-03
1.737402587774439233e-03
1.736406978903648479e-03
1.733889338133676183e-03
1.730928478053006536e-03
1.727830444716138558e-03
1.725010786513658800e-03
1.721753774943990400e-03
1.740838554964097007e-03
1.738134688324954880e-03
1.722646414607620358e-03
1.718260391885384486e-03
1.716365308667255896e-03
1.716543356370725526e-03
1.722297908258174637e-03
1.725872214165424801e-03
1.710469511998713443e-03
1.708685894640460390e-03
1.714039444329684692e-03
1.709077714505347068e-03
1.718126071303727187e-03
1.709613772600260262e-03
1.712411814506098473e-03
1.704425739938231210e-03
1.702483920156927510e-03
1.711468560170903430e-03
1.701273454194907053e-03
1.698610198948680150e-03
1.699143519215073894e-03
1.698746834313369369e-03
1.700182428260643697e-03
1.696718339091796146e-03
1.695967401681874875e-03
1.694678753597522736e-03
1.693357824174901438e-03
1.687811113203152580e-03
1.685207349691908441e-03
1.680628413185836223e-03
1.677472843814253878e-03
1.681695776008407250e-03
1.691847576575811196e-03
1.689270740571346963e-03
1.678720262286992337e-03
1.681711588751966246e-03
1.678781123803263498e-03
1.678088281301115536e-03
1.671232395861643738e-03
1.669681473044914988e-03
1.673850284516831266e-03
1.670147512629505115e-03
1.675278835904681074e-03
1.679557605265058484e-03
1.676335140768592247e-03
1.669681473044914988e-03
1.671194646256757288e-03
1.671049803023016977e-03
1.668914766855267295e-03
1.668620475924198487e-03
1.669134580692399616e-03
1.670328583121216681e-03
1.669550311833245537e-03
1.670303909027892608e-03
1.668178715718893201e-03
1.667802608987689617e-03
1.667508129253758575e-03
1.667065435626113867e-03
1.667515321888912716e-03
1.666759695327257873e-03
1.666321394683700774e-03
1.666559680551626954e-03
1.666044490645335330e-03
1.665641345297230735e-03
1.665439855354278187e-03
1.664977846471682454e-03
1.664744608059431918e-03
1.664240669721595012e-03
1.663877566892013604e-03
1.663286207444047982e-03
1.663652015299943443e-03
1.662881562805029745e-03
1.662302354819789052e-03
1.662306627238430146e-03
1.661622053965472467e-03
1.661022032667158754e-03
1.660918248444276379e-03
1.660132593160001946e-03
1.659537397570298722e-03
1.658483745810013232e-03
1.659761067888121389e-03
1.658185430912784142e-03
1.657272363178030616e-03
1.656671147079791240e-03
1.655632083439773083e-03
1.657197468302729071e-03
1.654863037207521259e-03
1.653824802454240128e-03
1.654013893329531193e-03
1.652496046155804699e-03
1.651352115229598461e-03
1.651979412799264857e-03
1.649341836188034094e-03
1.648026978509964380e-03
1.648912167244054316e-03
1.647891351072794386e-03
1.646736460151676518e-03
1.645891528061382836e-03
1.644633850407695164e-03
1.644247205840998483e-03
1.642871936465617466e-03
1.643395080678455855e-03
1.640601742117442363e-03
1.638984255700304260e-03
1.639630791858914804e-03
1.637404389833729823e-03
1.636450322053839557e-03
1.636579175755215054e-03
1.636592773125111755e-03
1.634446093259911414e-03
1.633698905418645708e-03
1.634562549614027027e-03
1.633752268840105160e-03
1.632174832695287847e-03
1.631573169906030962e-03
1.632381461591614347e-03
1.632396083072529258e-03
1.631239135852391442e-03
1.630794069864216489e-03
1.631876614594629515e-03
1.630744879779988388e-03
1.630719721154805235e-03
1.631006762480624595e-03
1.631226116318607033e-03
1.631514968372660412e-03
1.629760538711888529e-03
1.629511560151786220e-03
1.631849275912866659e-03
1.629845921676698062e-03
1.631213042694312776e-03
1.631398467267897168e-03
1.629916612710280432e-03
1.632000854351001173e-03
1.630711038293264359e-03
1.629271786221742069e-03
1.629115312607565258e-03
1.630589979562779845e-03
1.628495844067545661e-03
1.628181935358852250e-03
1.630439184776233397e-03
1.628104453801015872e-03
1.627788834361765247e-03
1.627681367403988055e-03
1.627390209169909951e-03
1.628062093148807676e-03
1.629986301168062646e-03
1.629157124497737641e-03
1.627202213438372347e-03
1.626983353344879646e-03
1.627328505386160806e-03
1.626310875457726013e-03
1.626029137653861589e-03
1.626508410802363080e-03
1.625226336686602657e-03
1.624853320176367077e-03
1.624937705723139558e-03
1.625006391464345334e-03
1.624439916204978296e-03
1.624192590735318298e-03
1.623335744784015766e-03
1.622883246804374124e-03
1.624052142445986391e-03
1.622231116961914132e-03
1.621727593684063606e-03
1.621698430680940106e-03
1.621240258975586990e-03
1.622252209528385336e-03
1.621340984215957626e-03
1.620264798321113808e-03
1.620034678762261038e-03
1.620512721827283009e-03
1.620250947873991265e-03
1.620245115345642084e-03
1.619125575490376612e-03
1.618964617136176010e-03
1.621308178618163787e-03
1.619967374074660071e-03
1.620547475962075268e-03
1.621106819339468430e-03
1.623105122606438577e-03
1.620331064316693492e-03
1.620937249494858179e-03
1.619371731043761642e-03
1.618964617136176010e-03
1.619398828254348111e-03
1.619020510426616433e-03
1.618648792878318865e-03
1.617473107564992851e-03
1.618879788748528448e-03
1.617865655587524820e-03
1.618866769907523206e-03
1.618148206077973938e-03
1.617546171054917714e-03
