2.146784277073126024e-01
1.634321109947238782e-01
2.146012744334624411e-01
1.729155823495585054e-01
8.781983165976092742e-02
2.513751672098152312e-02
6.501758824339942677e-02
3.375492360143584891e-01
7.472444540829314974e-02
1.845812654036018685e-01
1.866478996440212867e-02
4.847713213672655286e-02
2.425849052632766956e-02
6.509044914041650642e-02
1.268565223337847492e-03
8.435802960928051597e-03
2.860610645806227481e-02
7.162089611926436561e-03
1.295299491103674150e-02
2.515045487868294849e-03
1.090838940440908011e-02
2.713534368207648484e-03
6.322459389565548982e-03
4.717554805306889421e-04
1.331551090657079328e-03
5.412645120210779481e-04
2.314769346675182859e-03
3.513874978182673914e-04
5.329535518554529006e-04
2.060538048405113898e-04
1.034489284531425746e-03
1.125252443252566792e-04
1.324991433000466401e-04
4.806155806800216368e-04
3.001843568029016751e-05
1.537815706348366618e-04
1.019969204731907553e-04
