5.936875247790299737e-01
5.458175065237458323e-01
5.921189764703880254e-01
5.437120400187634983e-01
5.144951630102477802e-01
4.545296248652470616e-01
3.684185560556605399e-01
3.271990284354078238e-01
2.044972681054548769e-01
5.865857180430167350e-02
6.888290130545238199e-02
4.344210458275199471e-02
6.565420226685847460e-02
7.703187561301194641e-02
5.830925356936655923e-02
7.377738959782575989e-02
5.938234310106427216e-03
1.975860894736736206e-02
7.467367388296830555e-02
2.101776122307108530e-02
3.855632276773990341e-02
7.876982280222044608e-03
2.966289005704680903e-02
5.955234456003322130e-03
8.044352647814667634e-03
4.031502177653134567e-03
1.523095012266195702e-02
3.972439140799144397e-04
2.385578639348295837e-03
6.978536708254656773e-03
1.343540404864507209e-03
3.283840788121272780e-03
9.486131683711374052e-04
2.711522484098782826e-03
3.384441987501762839e-04
8.844731990897969354e-04
4.285184565966382308e-04
4.880264114647259177e-04
1.999613471994621250e-04
9.331879572453960492e-04
6.367252321981542451e-05
2.027064763040486994e-04
6.717304841641347224e-05
3.311776671647281844e-04
6.732555991995070599e-05
1.982439968890581383e-04
9.704091952222881901e-07
