9.674566088432686728e-01
9.652550896614198184e-01
9.656752712450122900e-01
9.673477409124560111e-01
9.551818181302097477e-01
9.554518884077354279e-01
9.683031656794063302e-01
9.679621556791527803e-01
9.687738308331513837e-01
9.521743730372397296e-01
9.474908456197962403e-01
9.522973013505142692e-01
9.464464524859681482e-01
9.416633169071448872e-01
9.394549830744770569e-01
9.335013447311204526e-01
9.297540340745084064e-01
9.221888128376002358e-01
9.180886319361772907e-01
9.085419683120821155e-01
8.962800972914535258e-01
8.820137149412006217e-01
9.012660927778706199e-01
8.829957352197733700e-01
8.665315530885681072e-01
8.516228637158314019e-01
8.441302145720578354e-01
8.261153183069371853e-01
8.202839009543291260e-01
7.998383377937990923e-01
7.955928854803878680e-01
7.732464529123338481e-01
7.688149273317259613e-01
7.441372678915272321e-01
7.433908782751061928e-01
7.176402464990701002e-01
7.013650995749739492e-01
6.708748654710161574e-01
6.728920188300497873e-01
6.085707685293821889e-01
5.689475635659712038e-01
5.740113745643831145e-01
5.439249666691108320e-01
5.071399013509174658e-01
4.959185388658723381e-01
4.565279165530479188e-01
4.445884766962849843e-01
4.029717110664399193e-01
4.028498755259674047e-01
3.654138039658930692e-01
3.503925588637889499e-01
3.144151347807609964e-01
2.936706766299550520e-01
2.530917461792613343e-01
2.215474615839715389e-01
1.852706720690521225e-01
2.181131448604211043e-01
1.601235411957893096e-01
1.365341468342875508e-01
1.221821446669566491e-01
1.011263379099031079e-01
1.191520258502754004e-01
1.572947492691287863e-01
1.027022928698991810e-01
8.961415907199776765e-02
9.926829305820605853e-02
1.873874927350432928e-01
1.571715612169830578e-01
1.526772921850763076e-01
1.437308245400018558e-01
4.615452637695793836e-02
3.665284370603638653e-02
1.759972762197608009e-01
1.198194614082310760e-01
1.921548299506861124e-01
1.134146888157575583e-01
1.608626968338590091e-01
1.132682439450689582e-01
8.976443825429847312e-02
8.593382183079356640e-02
4.928437488693948598e-02
1.191389520465495622e-01
8.940729006840864024e-02
6.531476822906234769e-02
3.999106527728746308e-02
3.204548076558877412e-02
3.107631303373914466e-02
9.357305099557278183e-02
6.815941211885478968e-02
4.481714028733807531e-02
1.576285760552131876e-02
1.451263827651727567e-02
2.651660104270070484e-02
2.166588802878144371e-02
2.540885965544859015e-02
8.567330749536972156e-03
1.116252007645623934e-02
4.217395060687301189e-02
2.669823915208158205e-02
3.951009712581654565e-02
2.531220922740229362e-02
8.567330749536972156e-03
1.706568411237086025e-02
4.003622070664403232e-03
7.013112424192224914e-03
3.837209887996295699e-03
6.066605361672139374e-03
1.970668180983614626e-02
9.062007285353002040e-03
8.751967275165806193e-03
3.712477626061305713e-03
4.544661652656656337e-03
6.302057889374101940e-03
4.812737263566901902e-03
4.657064347372008584e-03
6.575198508981250356e-03
7.574280886825879300e-03
5.077462411271715936e-03
8.004855731745252889e-03
4.806206143797453478e-03
9.387467039313590611e-03
4.531013099941860744e-03
6.614484591601632602e-03
4.644187595627902176e-03
5.130873253702539216e-03
4.220909822856278026e-03
4.231117627131464332e-03
5.720170466151697219e-03
3.986547180611532681e-03
5.881484948179305228e-03
3.889890914640647956e-03
5.097057432777885033e-03
3.954626899640989457e-03
4.730147994196798322e-03
3.920759343313373613e-03
4.650015199497481433e-03
3.760692029718404328e-03
4.458194826170602809e-03
3.772271221217038395e-03
4.004007715354140906e-03
3.689867534242829983e-03
4.503023871344824514e-03
3.637727259945378044e-03
4.150714569631119844e-03
3.650385350476570423e-03
3.971396881750299812e-03
3.645816311259708620e-03
4.481082488943521902e-03
3.585779613438311308e-03
3.974420360193353652e-03
3.601400934007403798e-03
3.974436448034968095e-03
3.565782835799669037e-03
3.882285671152896356e-03
3.566836671991202579e-03
3.741572178434515727e-03
3.552077197089720251e-03
3.631148058344413343e-03
3.922427317979204631e-03
3.498874106707572373e-03
3.636574228163658162e-03
3.655051663292607778e-03
3.514701301786993248e-03
3.632837402773536617e-03
3.512410621161032864e-03
3.686451840118065704e-03
3.506643101486073277e-03
3.808310182823904100e-03
3.479983650078510848e-03
3.639748160343847516e-03
3.486132199231106732e-03
3.773801810938226531e-03
3.464716984919347098e-03
3.676675202163526279e-03
3.473052885947791601e-03
3.462729822170995675e-03
3.509849980697588023e-03
3.554125649674944043e-03
3.450235307629778703e-03
3.585751167097583902e-03
3.446207356017527701e-03
3.572708466037632924e-03
3.444361108781657244e-03
3.468325507463787538e-03
3.461791301883510030e-03
3.479278212127123737e-03
3.433839984749997853e-03
3.491799844657195173e-03
3.429030361226326207e-03
3.473823862524816342e-03
3.427879809974276881e-03
3.538841037900475328e-03
3.420406620454174984e-03
3.629015511603328470e-03
3.412396904642012174e-03
3.571386512376317768e-03
3.417489198319745292e-03
3.418097123653485170e-03
3.389062687330746115e-03
3.397713905501031917e-03
3.444535703820750250e-03
3.413558081726497662e-03
3.389062687330746115e-03
3.481558818824281865e-03
6.518655456448030350e-03
5.377453699883294469e-03
8.757903775841180405e-03
6.293098316690559635e-03
5.210493632860080382e-03
4.294123857309095627e-03
3.943218984690965989e-03
9.217928934689090248e-03
5.966651177823467656e-03
6.339458075731663200e-03
4.834694574417985891e-03
4.686437721439840054e-03
6.128912444976375440e-03
4.561939027257433388e-03
6.532888502751243998e-03
4.184555230266284731e-03
5.622615559639609906e-03
4.181399288930243152e-03
4.959145756053939813e-03
4.020317673460116481e-03
5.256988955333774527e-03
3.911059606084843487e-03
4.986503401803510371e-03
3.867805103300092640e-03
4.957587115549277890e-03
3.717064884996346130e-03
4.688075407001113248e-03
3.681772993167631292e-03
4.515155676419135844e-03
3.698676487444485517e-03
4.201018641989961999e-03
3.633628687733647666e-03
4.455042817197663041e-03
3.571142408493876985e-03
4.099602201094065812e-03
3.582965223028033996e-03
4.113362780790330575e-03
3.558573203769621607e-03
3.996312558775194645e-03
3.483825597343837011e-03
3.865122860412184558e-03
3.486609327410294945e-03
3.980505712483206615e-03
3.466853978248751744e-03
3.729373723553530695e-03
3.462524481880668858e-03
3.608189985114473863e-03
3.444391145719705172e-03
3.818202696623251846e-03
3.420469773092404964e-03
3.724611755084317188e-03
3.422217875314825797e-03
3.638164705467850091e-03
3.390201117417279697e-03
3.574265210704696827e-03
3.394003119315591732e-03
3.380336242602699492e-03
3.426654828813657794e-03
3.524669179416073383e-03
3.383388917530205653e-03
3.440122692267344462e-03
3.529007394408756326e-03
3.369467889221433587e-03
3.460942596834049034e-03
3.372873951452026731e-03
3.497252105588488647e-03
3.359767814398506580e-03
3.467716198619075207e-03
3.361419193994796828e-03
3.521827953762102226e-03
3.342574570148748592e-03
3.423727773696039201e-03
3.349140326225241715e-03
3.273997628548075411e-03
3.270650911310735154e-03
3.327518807137108681e-03
3.468662820122925261e-03
3.329670985094623781e-03
3.399641047966417418e-03
3.331092609442976027e-03
3.335779289521445534e-03
3.422510239468601334e-03
3.320872234356730957e-03
3.287701211756810515e-03
3.286692642954003318e-03
3.294597690344125418e-03
3.340589050315645459e-03
3.302988857376343290e-03
3.266646621424396102e-03
3.274355214748392306e-03
3.268459384134336787e-03
3.304252029183274431e-03
3.239894918567909343e-03
3.244778568176398537e-03
3.306290811943002339e-03
3.274673805817807093e-03
3.230891259624724121e-03
3.234512586667070977e-03
3.230891259624724121e-03
4.227356426522277388e-03
4.921694625551031876e-03
5.744299385903706145e-03
8.683905542716807702e-03
7.113513990735009784e-03
4.612866518362568335e-03
3.277048634422019546e-03
4.555412566627614623e-03
8.249608442630673721e-03
5.559630775343382680e-03
9.149679995488990691e-03
4.892581577516152969e-03
7.398438836285770037e-03
4.276473698584415395e-03
5.221753088194835968e-03
4.114055743657529796e-03
5.960135895443197107e-03
3.907806705355176824e-03
5.670564219781182302e-03
3.928009411486521607e-03
4.864107255637240002e-03
3.840344438103882041e-03
5.220783003607287753e-03
3.765287402283656881e-03
4.699584658412914173e-03
3.664339583379971899e-03
5.100983148199955686e-03
3.602134780224530708e-03
4.234277737130143215e-03
3.614412430532509823e-03
4.228441092341772567e-03
3.512383778607519602e-03
4.524200713816317609e-03
3.473760388587709969e-03
3.882726200686414941e-03
3.494447657126920070e-03
4.007993714743252056e-03
3.438116488676423721e-03
3.904460194894321390e-03
3.393604827795271284e-03
3.730323506690114144e-03
3.380143198479568234e-03
3.902331949789727972e-03
3.358695929720378892e-03
3.696118167665574106e-03
3.327917530706159255e-03
3.527993635524140359e-03
3.332010522138273423e-03
3.738884768057948449e-03
3.301886409821097601e-03
3.501620605722011170e-03
3.302734586504207925e-03
3.547999857442363236e-03
3.274916901967350746e-03
3.444108223551567427e-03
3.276320004592325752e-03
3.480881037626781804e-03
3.261399261544339900e-03
3.329603235438738373e-03
3.257760101626816507e-03
3.411484148123866689e-03
3.250139765888726551e-03
3.351305038877705478e-03
3.241190918904734986e-03
3.333561537649964990e-03
3.242188867769058014e-03
3.281791494899488626e-03
3.232715270483965675e-03
3.368403821191190417e-03
3.225065921333758467e-03
3.325515730261408009e-03
3.228260844915342709e-03
3.338387691538158286e-03
3.219821118362720114e-03
3.254797042349988345e-03
3.223044403115826739e-03
3.311217219655993027e-03
3.215979170686500410e-03
3.314128888065925871e-03
3.211585639720571095e-03
3.236907973474423272e-03
3.214848020227090153e-03
3.236728834106306074e-03
3.212757725031156752e-03
3.208088891216820393e-03
3.219365260434758902e-03
3.210487944358630941e-03
3.210216499787477140e-03
3.220210716309179766e-03
3.203481284825837605e-03
3.264384257053110083e-03
3.199826622585444369e-03
3.212334517738502093e-03
3.231479343796639370e-03
3.199812368906762572e-03
3.188533155261907837e-03
3.192740307646824149e-03
