5.936875247790295296e-01
5.558233454428133102e-01
5.668020301195402233e-01
5.238386810220486689e-01
4.817932927962705891e-01
4.680535499149434120e-01
4.102132816903405477e-01
3.169371573103193507e-01
1.828093875230519805e-01
1.098222511971266302e-01
2.781252589426497224e-02
7.349060354581737897e-02
5.651065332277149800e-02
6.464630697794571113e-02
6.735983423067648523e-02
6.973985751795130916e-02
6.889622923349891792e-02
6.151882053699764263e-02
1.625422272039508398e-01
3.909743074855187572e-02
7.474454460934221167e-02
8.038239869837537910e-03
2.393681990226792511e-02
7.097267287401631819e-02
7.551501909974778215e-03
2.092615556571431057e-02
1.080659327777544476e-02
1.165468798297519815e-02
5.463671260531377527e-03
1.979758908032347442e-02
6.090462560730536268e-04
2.812896723618063533e-03
9.184329594910556338e-03
1.917327853022676720e-03
4.055093681823773721e-03
1.067740351320844994e-03
3.637528139491474910e-03
5.451645464964460785e-04
9.983898727770057491e-04
4.846147145589618788e-04
1.631730302007916578e-03
4.615591853918132870e-05
1.070265980556150964e-04
6.394923598620483318e-04
2.042612429347112624e-04
3.577927589407670084e-04
6.391603774980048058e-05
1.245570085175451425e-04
4.902752361701789852e-05
1.591511104562792767e-04
8.182984728710707145e-06
1.100457809544153065e-05
6.535930132689493632e-05
1.826867922316566251e-05
3.748893113786344600e-05
4.327168019568894408e-06
7.218740497472175832e-06
1.969197636231267978e-05
1.214771587321195057e-06
4.033037217521240336e-06
9.612937477809779807e-06
8.420098571715328717e-07
3.735246259628510757e-06
1.761302660829855427e-06
2.122834651396843242e-06
7.823004269935651678e-07
