5.936875247790295296e-01
5.919287079698996035e-01
6.298296823455102889e-01
5.434834357558491202e-01
4.837156840917680167e-01
4.808895785009270618e-01
4.102325615195755448e-01
2.623353128396167522e-01
8.271110201202647172e-02
1.982989432740644986e-02
7.682636251421826046e-02
6.967797577339451820e-02
4.327007434706287015e-02
2.932319121248272431e-02
3.305495387136654362e-01
7.536965146476237720e-02
6.653502378336728640e-03
7.270943526836837201e-02
1.618896030168271993e-01
4.496777924600281473e-02
7.679834402128338233e-02
2.213592239205386392e-02
3.931516004816004717e-02
8.650128471062057400e-03
3.099867550345125622e-02
5.594253026974471688e-03
7.761765679395238315e-03
3.514853624928981901e-03
1.646503618939576530e-02
1.141487104799443486e-03
3.143786011431393135e-03
7.624578199691089964e-03
6.620872558429358179e-04
2.709281549335251782e-03
1.227469998196450973e-03
1.699134464129725686e-03
4.911782528500552303e-04
2.311422607066182522e-03
2.845484674791620705e-04
4.544332635776360263e-04
1.226040242121362311e-03
6.029856325651117288e-05
2.307783415761432977e-04
5.765914856422638124e-04
6.965683922666165984e-05
2.397566115872606929e-04
1.129899203859974222e-04
1.222775828335631587e-04
5.413437218781957938e-05
