5.936875247790295296e-01
5.482259467774799333e-01
6.059935908890048406e-01
5.319454516503878683e-01
4.860508286503107955e-01
4.232469008266936950e-01
3.161420625396921258e-01
2.370781697951968026e-01
8.002097540897046279e-02
3.809260010708870325e-02
4.857430890652358890e-02
6.561700796358493903e-02
1.798945758137882045e-02
2.883298203686035510e-01
7.567638563215584036e-02
6.933618032617783200e-02
7.225719757278392663e-02
3.382633577942373293e-02
1.156539843199307915e-01
5.053221991666601021e-02
4.624863073124130253e-02
1.617087264113692413e-02
8.409718621563688767e-02
1.061897161640734666e-02
1.214846961527449309e-02
3.444184474429112797e-02
1.855703634421557169e-03
3.538730051102612073e-03
1.707760623542953216e-02
4.099357546935467056e-03
9.755912797568044859e-03
7.362650968270045837e-04
2.373551483072056101e-03
9.162025002185103517e-04
3.467500078841334599e-03
5.095251152775759351e-04
6.920532763081688188e-04
1.947651969298691554e-03
6.911899525996467730e-05
2.499484338607249612e-04
8.264357070373318237e-04
1.745749972721366561e-04
3.566583547499613260e-04
9.882297362651115691e-05
3.422493823739269914e-04
4.521866553941489286e-05
7.515642664235322457e-05
3.154896628265735359e-05
1.459365657524580584e-04
1.539487934931749180e-05
2.890046105985533131e-05
7.587394929187141202e-05
4.683292555207607677e-06
1.832708114390957377e-05
6.464919933280022235e-06
2.652755024190600608e-05
4.915947045880386668e-06
6.663742396106897559e-06
3.167507384604917320e-06
