1.860323425632237626e-02
1.867306175987337724e-02
1.868858985723120814e-02
1.861174717954361402e-02
1.866181109303444163e-02
1.862852429981698421e-02
1.871280140163500416e-02
1.864826234681993267e-02
1.863435547065828146e-02
1.857472942424609474e-02
1.855751031415076024e-02
1.856602257356154695e-02
1.855488282454109683e-02
1.854013826892308980e-02
1.853573596182600536e-02
1.852001118104285027e-02
1.851721561046359987e-02
1.850086972671272090e-02
1.849775978796897036e-02
1.848072446386228584e-02
1.846669931986544277e-02
1.844652729455187323e-02
1.844218402303476889e-02
1.842105105944247256e-02
1.840522244067155366e-02
1.838055494781820620e-02
1.839587269345399623e-02
1.836409349113909961e-02
1.833998569130890210e-02
1.833151576353786449e-02
1.830553352959229940e-02
1.829804357761311007e-02
1.827040367314136660e-02
1.825963644879402548e-02
1.822961149486190813e-02
1.821707501326386147e-02
1.818427340828399075e-02
1.818563878346113327e-02
1.815229850046473636e-02
1.811885923210876381e-02
1.810816315498198215e-02
1.807234765597420800e-02
1.804676220449463742e-02
1.800527896224390911e-02
1.800365382587898466e-02
1.796186651049858085e-02
1.795221478723840747e-02
1.790832485324389545e-02
1.789691576161644981e-02
1.785054313020129069e-02
1.784293163008476846e-02
1.779492526247128392e-02
1.778922603446786432e-02
1.774002153811904403e-02
1.768028551971645435e-02
1.761784518964171209e-02
1.762027330973303663e-02
1.755396857048219239e-02
1.748976806729773958e-02
1.749204970182960395e-02
1.741817002416456983e-02
1.735085154093762849e-02
1.733265915719583994e-02
1.726146067339839885e-02
1.724330289325426424e-02
1.716823377030807229e-02
1.714265796489566895e-02
1.706211122285683501e-02
1.702859857020766476e-02
1.694084293514697137e-02
1.697737140932087385e-02
1.682186321213663405e-02
1.672387280824672029e-02
1.675429625591795535e-02
1.657524894852446806e-02
1.646283438461226822e-02
1.649131419365812423e-02
1.638829907692707089e-02
1.632314504243159714e-02
1.627957725866835403e-02
1.616975941515164106e-02
1.625528028755351961e-02
1.609697712144131376e-02
1.601913462450954562e-02
1.606136126355450777e-02
1.609147634705021535e-02
1.592839733471174135e-02
1.585283461614850342e-02
1.592297029339440062e-02
1.579603659518113989e-02
1.573495590569584657e-02
1.562030902610112015e-02
1.552693246076342071e-02
1.574283537196941030e-02
1.540122208324246067e-02
1.527581998327698365e-02
1.548092288373104086e-02
1.541557161380135987e-02
1.526762856803820512e-02
1.521146917678206645e-02
1.516510955300287566e-02
1.508200194787556736e-02
1.507743965768193473e-02
1.499790706283665731e-02
1.505699293444617837e-02
1.491213677526226355e-02
1.484904662312636070e-02
1.473308193411837497e-02
1.454942644501011628e-02
1.463979460914033304e-02
1.459964119972467778e-02
1.444287159579582536e-02
1.438888968038987137e-02
1.461781007615070571e-02
1.462414751527996160e-02
1.435784552589924878e-02
1.424406959456081534e-02
1.418204297821357152e-02
1.412352619410173205e-02
1.412484148006643014e-02
1.406563313568609530e-02
1.398732212116071683e-02
1.405443862001021227e-02
1.376082363220731963e-02
1.364336025028645150e-02
1.361676440701653501e-02
1.346296786793033107e-02
1.340214572361742018e-02
1.326221673607252960e-02
1.331042379080282778e-02
1.332190655818910052e-02
1.333207652434753587e-02
1.314792669410891346e-02
1.313492048170095128e-02
1.305745404750247030e-02
1.298442544971178947e-02
1.289318667321559531e-02
1.283832440910359640e-02
1.258946776829106273e-02
1.246923926026610729e-02
1.271781006185435103e-02
1.272190180911003665e-02
1.262068373115277087e-02
1.259804763795302485e-02
1.248852120204990701e-02
1.224325574793105886e-02
1.217077012002210079e-02
1.226759679243072387e-02
1.215484165963132135e-02
1.208953286295455509e-02
1.211564637853979054e-02
1.202692575151498300e-02
1.196510187593258223e-02
1.205476600871435711e-02
1.188669167028599816e-02
1.183225199552451201e-02
1.182263548225992444e-02
1.176654105680430273e-02
1.177484963116171013e-02
1.175980047238978088e-02
1.171596295235033391e-02
1.168676440591587262e-02
1.165416760870308099e-02
1.159321338736041263e-02
1.155475754853008130e-02
1.135212896916493186e-02
1.128901301659135381e-02
1.147360960735166469e-02
1.143034854966673564e-02
1.167607063071984808e-02
1.132726883651746785e-02
1.137839419413366748e-02
1.138075618212452955e-02
1.130618049436782346e-02
1.113289808769779565e-02
1.110547487078172857e-02
1.117779798083662346e-02
1.113108518081984410e-02
1.106885630273601873e-02
1.104106092848189391e-02
1.110718918485575912e-02
1.105793442948865835e-02
1.104756343853396938e-02
1.109267587558415702e-02
1.106551295380175937e-02
1.092135552655393305e-02
1.087391148973138044e-02
1.092269104134724333e-02
1.105778172432647644e-02
1.087817347184316663e-02
1.086906239401153051e-02
1.084816109362007897e-02
1.098034989667751038e-02
1.076261654804466783e-02
1.072564221606542301e-02
1.080310046846089111e-02
1.070894189507676231e-02
1.067968800080287828e-02
1.074180421845216671e-02
1.067333851925666988e-02
1.065346050877524764e-02
1.060226096602323587e-02
1.058958132354315129e-02
1.054507051597453060e-02
1.053492078015383360e-02
1.042803025514349446e-02
1.039403786071402269e-02
1.040630601309611158e-02
1.049345481166796823e-02
1.050678400202320617e-02
1.037159151935562740e-02
1.037778144686740678e-02
1.034943755893902306e-02
1.033144121726659037e-02
1.061173758071565221e-02
1.047043534499403350e-02
1.036544699071229036e-02
1.040562472529837912e-02
1.028983113670689509e-02
1.032312825532022416e-02
1.038526348964297075e-02
1.026913900058401552e-02
1.025742836825915827e-02
1.031587923622268033e-02
1.053151991993894754e-02
1.036326698971890004e-02
1.024495140248504743e-02
1.022901365304995647e-02
1.035930034501220121e-02
1.023874568104976568e-02
1.023556453600737992e-02
1.021029081597280008e-02
1.022978144117581145e-02
1.022924641598987883e-02
1.014070589194682181e-02
1.013264579453421188e-02
1.017704581069234226e-02
1.011187264544977094e-02
1.009650023000507879e-02
1.006765297398692915e-02
1.004584995613910792e-02
1.020716876857452604e-02
1.017186151194149346e-02
1.004239568930553883e-02
1.003584907895449518e-02
1.009211104081486621e-02
9.960225784623522038e-03
9.929272055777205175e-03
1.001707515341210275e-02
9.987443281345931290e-03
1.000461655400830541e-02
9.909597758008259483e-03
9.894566581155950225e-03
9.840703069676548509e-03
9.819948880156470494e-03
9.933211694430843508e-03
9.828734580036080359e-03
9.773214971630639347e-03
9.745717673886100663e-03
9.721344475587478939e-03
9.688476676220192374e-03
9.748421667279738578e-03
9.757486934833248249e-03
9.743866379563259628e-03
9.589529720356537723e-03
9.554549018953806261e-03
9.560908354417252397e-03
9.550464154556959073e-03
9.529014348177211602e-03
9.458688565447181951e-03
9.420006472571018641e-03
9.628496162978228412e-03
9.441419778837945032e-03
9.473830444025277409e-03
9.356006991237508785e-03
9.326634142262091309e-03
9.313985047293082964e-03
9.290793341120817672e-03
9.351476086217558326e-03
9.416933939949911903e-03
9.270583006977473062e-03
9.256312056913573727e-03
9.188546815720011196e-03
9.162351676249902432e-03
9.230897508053281797e-03
9.175149555437855931e-03
9.095649325065791047e-03
9.095649325065791047e-03
9.145233842705491334e-03
9.305622139093472356e-03
9.109888924588749326e-03
9.233831591542340789e-03
9.095649325065791047e-03
9.100019167644024520e-03
9.186492150917713317e-03
9.096110880620789096e-03
9.124682506694181683e-03
9.095649325065791047e-03
9.095649325065791047e-03
9.095649325065791047e-03
9.095649325065791047e-03
9.095649325065791047e-03
9.095649325065791047e-03
9.095649325065791047e-03
9.095649325065791047e-03
9.095649325065791047e-03
9.095649325065791047e-03
9.095649325065791047e-03
9.095649325065791047e-03
9.095649325065791047e-03
9.095649325065791047e-03
9.095649325065791047e-03
9.095649325065791047e-03
9.095649325065791047e-03
9.095649325065791047e-03
9.095649325065791047e-03
9.095649325065791047e-03
9.095649325065791047e-03
9.095649325065791047e-03
9.095649325065791047e-03
9.095649325065791047e-03
9.095649325065791047e-03
9.095649325065791047e-03
9.095649325065791047e-03
9.095649325065791047e-03
9.095649325065791047e-03
9.095649325065791047e-03
9.095649325065791047e-03
9.095649325065791047e-03
9.095649325065791047e-03
9.095649325065791047e-03
9.095649325065791047e-03
9.095649325065791047e-03
9.095649325065791047e-03
9.095649325065791047e-03
9.095649325065791047e-03
9.095649325065791047e-03
9.095649325065791047e-03
9.095649325065791047e-03
9.095649325065791047e-03
