9.674566088432686728e-01
9.672738585982639803e-01
9.677652977726717287e-01
9.671787453080749053e-01
9.564286824464264258e-01
9.615961102465456767e-01
9.684557456844349321e-01
9.686730470137220328e-01
9.681899368893149838e-01
9.616604594151704211e-01
9.623165004894043140e-01
9.440928192185047418e-01
9.364306370575834482e-01
9.533768478641875266e-01
9.461189466304322782e-01
9.377775073373142423e-01
9.274861577209182473e-01
9.192774979957073489e-01
9.297930574455015584e-01
9.170426318009435862e-01
9.087565451898846902e-01
8.977364483389062011e-01
8.854571100947579154e-01
8.880446409714101152e-01
8.724747808498093393e-01
8.581052539899628462e-01
8.604123319064927999e-01
8.524768620069630432e-01
8.388868880356525892e-01
8.243762175496019973e-01
8.063582564119997631e-01
7.963879055888793967e-01
7.746439673997435049e-01
7.711201687032298580e-01
7.475919041388349173e-01
7.402095629415925693e-01
7.139176171865395659e-01
7.238572395820879191e-01
6.803848422594483969e-01
6.503182275359928877e-01
6.572455678034698767e-01
6.082364597182918775e-01
5.747739372883444720e-01
5.555911581606460814e-01
5.166161697067128689e-01
5.203763662749953944e-01
4.989110814822723672e-01
4.654787994571184528e-01
4.552566009493118626e-01
4.202749303437979256e-01
4.058404207188197610e-01
3.694300735336906172e-01
3.413258844623239252e-01
3.040784090243695559e-01
3.110000265347175885e-01
2.455995518406389744e-01
2.108641573688171400e-01
2.114743834764866159e-01
2.316803040603955255e-01
1.906650352626964029e-01
1.813402267494672593e-01
1.443690986752841354e-01
1.299180019622575566e-01
1.391760670281488865e-01
1.428502577511888694e-01
1.358367971987278766e-01
1.491025220508459537e-01
1.021035769807415727e-01
1.017228616051043533e-01
2.537285380575802218e-01
1.638790332896163937e-01
1.816656431563129503e-01
1.522957555665913620e-01
9.505286394735923405e-02
9.303842714383991908e-02
2.514254719803454829e-01
1.298736070307253687e-01
1.170593097595291621e-01
1.202146780666775161e-01
7.907266330292683776e-02
7.319250758058137851e-02
6.420529676158170940e-02
5.661699096775052453e-02
6.286573317635346658e-02
4.191719739612720375e-02
3.434474644292806467e-02
4.827628359526481283e-02
6.395588047031453005e-02
5.920921704909598571e-02
1.571735334256985084e-02
1.155778848678645776e-02
2.210283751496122662e-02
2.744798277695392752e-02
3.301872816805673239e-02
3.366497755499653355e-02
4.955232483683658096e-02
3.635086576316060025e-03
4.878339684418975253e-03
5.053536586296014654e-02
3.030027202390639385e-02
1.426033822776096027e-02
5.608124076547538195e-03
6.935232304625571498e-02
1.693060669979140620e-02
1.292494132115673544e-02
2.526137631933866867e-02
1.820717648406044997e-02
4.290012027058964783e-02
1.221242457112969859e-02
2.427083259218165701e-02
1.210449970484139826e-02
2.596673094701740236e-02
9.629051518982745250e-03
2.182331157001282662e-02
9.323162766999737450e-03
1.849906709431869967e-02
8.034044496296854909e-03
2.024583794178658191e-02
7.255252687239255316e-03
2.155364405979165454e-02
6.748201390233021790e-03
1.134434351150626075e-02
2.014813506653545527e-02
6.567589630188108707e-03
1.070690949570130002e-02
6.745336441840388275e-03
1.255526491257730193e-02
5.997807894539075591e-03
1.167818618768790007e-02
5.916055093345140570e-03
9.620532298788231351e-03
5.352633165978559759e-03
1.037229301083553157e-02
4.891852869336577037e-03
1.043958463006688930e-02
4.611504701877100487e-03
6.476948970438711761e-03
1.004372000336406501e-02
4.560116462124175207e-03
6.203348049690027288e-03
4.629676092824941414e-03
6.942245632375221298e-03
4.461002314831929993e-03
7.241706579582563030e-03
4.393647863436322965e-03
6.972284568618092315e-03
4.252096757325185550e-03
6.129022425021335430e-03
4.173386341301377200e-03
6.162667279494438155e-03
3.926599915673234520e-03
4.780991933113654113e-03
3.896430393170779993e-03
5.733636592318958058e-03
3.806385395259570537e-03
4.653758056113233010e-03
3.871160054357836167e-03
4.966802098125944198e-03
3.782556098508305098e-03
4.858193976241875767e-03
3.755485267193825472e-03
4.974927326033995456e-03
3.669632304911352172e-03
4.577803234422916923e-03
3.657883427243380225e-03
4.476826205184969432e-03
3.533884848725632466e-03
3.965801336533014698e-03
3.559965834422196274e-03
3.928317527521762997e-03
3.548421858109995775e-03
4.190749562874795942e-03
3.489270021293400248e-03
4.094307295680499337e-03
3.483997764631818761e-03
3.878405158108444439e-03
3.487741806045163706e-03
4.081399194436952094e-03
3.424059823777581002e-03
3.908754834537342404e-03
3.432423000324535955e-03
3.574778104557752023e-03
3.404683262830943136e-03
3.397259447023293077e-03
3.502717021106382944e-03
3.578445321751444475e-03
3.386442007941914412e-03
3.718696506832874782e-03
3.366239472720411463e-03
3.648688099807340102e-03
3.347922426994109912e-03
3.617581675705472399e-03
3.349774022319507161e-03
3.466779886078130701e-03
3.348285032911069159e-03
3.576313641960204848e-03
3.321189926751233479e-03
3.639647756559005742e-03
3.312292317879661496e-03
3.770793717688958324e-03
3.291048648772165741e-03
3.446103512872111807e-03
3.316311362312474031e-03
3.414139609084987370e-03
3.313060786275467962e-03
3.324701237444549484e-03
3.312344886685192336e-03
3.497832343763218610e-03
3.280396322261625031e-03
3.468581580387652963e-03
3.283427876394573453e-03
3.274173305336747219e-03
3.299669240773073220e-03
3.311864788932972203e-03
3.279707365980266687e-03
3.309932124580527990e-03
3.332793672173761657e-03
3.269527880924383290e-03
3.270614323266252121e-03
3.285770432763568394e-03
3.378371787837397555e-03
3.260316073851243779e-03
3.367245518278605410e-03
3.251140098514793131e-03
3.322313698769008283e-03
3.252266944125059567e-03
3.238487714071425216e-03
3.252732808973757272e-03
3.300826844578885755e-03
3.248558397066503289e-03
3.258470072433738984e-03
3.252218336203149818e-03
3.378273193697989285e-03
3.234220980418034408e-03
3.229088731804719004e-03
3.242007639528421414e-03
3.296060645335385786e-03
3.233485335653041304e-03
3.330704354596258909e-03
3.229805876568958567e-03
3.212267166984417166e-03
3.217473273144588752e-03
3.288091990216068794e-03
3.227872529737552121e-03
3.256614200861984720e-03
3.229985810860758200e-03
3.202435389889402018e-03
3.205769689935800137e-03
3.253293099073073513e-03
3.220487077346345650e-03
3.202435389889402018e-03
3.557225522023199638e-03
4.029219377376991318e-03
4.795148644039404218e-03
5.954173373960980342e-03
7.016484864551086886e-03
6.655142386746581984e-03
5.546314079582059797e-03
3.291249142105101555e-03
6.230459621639150569e-03
8.622808366833489835e-03
4.658915123525897428e-03
6.992497015336107680e-03
4.535186915377908967e-03
7.878717460297557373e-03
4.323027558490122324e-03
5.928559885211126534e-03
4.258280879374298777e-03
6.048375624389423777e-03
3.829447302437394285e-03
5.517451263543970974e-03
3.803231787133043440e-03
4.689424915227280444e-03
3.797023128510601531e-03
5.339882334467471736e-03
3.629066461045438174e-03
4.256121879123497820e-03
3.678381890776627472e-03
4.816476321621410150e-03
3.503372047465314054e-03
4.241800886448765517e-03
3.448144488539583996e-03
3.707820359045932435e-03
4.498538103906546404e-03
3.403431208339080527e-03
3.796433911721353027e-03
3.414403894902218184e-03
3.739067919115490746e-03
3.402062924061532989e-03
3.592951692347856607e-03
3.360080060687331560e-03
3.651564530799511488e-03
3.337375597781577774e-03
3.579238830180409003e-03
3.313459944196739393e-03
3.670120872237281340e-03
3.276300989391689455e-03
3.635101408935192957e-03
3.260716071942559857e-03
3.412815681560710246e-03
3.273859255867539453e-03
3.609951226566265881e-03
3.256076236371918675e-03
3.339272569878537489e-03
3.241952318208229933e-03
3.426495503524695785e-03
3.234589278482191688e-03
3.361574021028879145e-03
3.226920017369017124e-03
3.516526997865643267e-03
3.202323417262675775e-03
3.267231748415588832e-03
3.296793548793974793e-03
3.211258789654669599e-03
3.292424701070606474e-03
3.207685478224808762e-03
3.366178870140568158e-03
3.197941750335164812e-03
3.302404405738590398e-03
3.201065464139896122e-03
3.335237328200624241e-03
3.190838461116785041e-03
3.198440654650358539e-03
3.232916684921538497e-03
3.189068476061929225e-03
3.240716528269071972e-03
3.179729550041754393e-03
3.249727746162722752e-03
3.177048427474016279e-03
3.151009742042965023e-03
3.157417425973307878e-03
3.341879984513296264e-03
3.163836063250768937e-03
3.195027901426561456e-03
3.166708845042776055e-03
3.166808924432662486e-03
3.228838220500684919e-03
3.165719901527142000e-03
3.202735287403779552e-03
3.165677871499905649e-03
3.180267475562326140e-03
3.160398506519945805e-03
3.144804458113825696e-03
3.151818568513764518e-03
3.135140000388503267e-03
3.140186116093013347e-03
3.158796601752444921e-03
3.188404869627126104e-03
3.147910962504996135e-03
3.222392220694203502e-03
3.144676809047286525e-03
3.112703106583514234e-03
3.109854005417300726e-03
3.133495211647296941e-03
3.180840541717522285e-03
3.140153285007496464e-03
3.130196050694200594e-03
3.162212491885640908e-03
3.134871997794941301e-03
3.119868191564845183e-03
3.113293980187892274e-03
3.118005544931468087e-03
3.114328201786142891e-03
3.092614191442466520e-03
3.090853247931124592e-03
3.083394850692644518e-03
3.081108372170349163e-03
3.108282760973191117e-03
3.092168699938002696e-03
3.082512554711147601e-03
3.097208346479862762e-03
3.127004380596432043e-03
3.097580458592097408e-03
3.074227014321140317e-03
3.075668243642026844e-03
3.059486395864619013e-03
3.057146218915729463e-03
3.099567804994318720e-03
3.084814364340826565e-03
3.069103217805402295e-03
3.067207553802631104e-03
3.095126088293209676e-03
3.078350259729134564e-03
3.045691607250988753e-03
3.042428413354114625e-03
3.089698369637350339e-03
3.071687464821448721e-03
3.053006919099598981e-03
3.048070330300522990e-03
3.036867191346326322e-03
3.035081655655469390e-03
3.048019448215200100e-03
3.030108262442543499e-03
3.029082542972627579e-03
3.057543417199326541e-03
3.024002676487280716e-03
3.023429757928575157e-03
3.060847603131411354e-03
3.044778780839862975e-03
3.022430025921729602e-03
3.022472336662640480e-03
3.008957125468225691e-03
3.005311468467941616e-03
3.009541703524631906e-03
3.036684401127698330e-03
3.031321000842024382e-03
2.997653582120451965e-03
2.994844378300998144e-03
3.024667605988851093e-03
2.994210911066552683e-03
2.992587991746398224e-03
3.028199572481904411e-03
3.002762213063614460e-03
3.016931240925391222e-03
3.001052182934560442e-03
3.004227688026106513e-03
2.995062312173835117e-03
2.990727160824602215e-03
2.994241982249290501e-03
2.983045975991305276e-03
2.983864200443941961e-03
2.980242709183955618e-03
2.980900820626963821e-03
3.007405301928001151e-03
2.993545437624978156e-03
3.015714916459577566e-03
2.992043287571188870e-03
2.984708893382315154e-03
3.003012522640013948e-03
2.987921934723081208e-03
2.980299851093271002e-03
3.003509318455499510e-03
2.986197684529123819e-03
2.973978177191916039e-03
2.973328265746033594e-03
2.979417599945244355e-03
2.991590347744654821e-03
2.983703754500854899e-03
2.982672186406576387e-03
2.984785446543569698e-03
2.980460363401493673e-03
2.989846415177077610e-03
2.980089072316949306e-03
2.981180064839050736e-03
2.971406020679023818e-03
2.970693416919134577e-03
2.983348247007300280e-03
2.978585269086675424e-03
2.977197207643667021e-03
2.975034936612885872e-03
2.977661230286643423e-03
2.967489304041004416e-03
2.966367347548071187e-03
2.973411660749825103e-03
2.968099981818017596e-03
2.971153959650418841e-03
2.968187976682079565e-03
2.968930577883388544e-03
2.965294787373284890e-03
2.965976514596624369e-03
2.980607641795640639e-03
2.969017495117909355e-03
2.959852975954579968e-03
2.958740008878524286e-03
2.971194650426611794e-03
2.967676252818796101e-03
2.961342186986071212e-03
2.967494555675354029e-03
2.969641088021779396e-03
2.965912572687745552e-03
2.965560272602307812e-03
2.963757335661898473e-03
2.960045790480037020e-03
2.966172246293363735e-03
2.960919062010569647e-03
2.964727790051413514e-03
2.956379947140375108e-03
2.955661089589112223e-03
2.957399104013491709e-03
2.953724178993533123e-03
2.953081508239252528e-03
2.955983539410178551e-03
2.955224674865086776e-03
2.956302783057140893e-03
2.957780433804013676e-03
2.951171769040472626e-03
2.950979406938780691e-03
2.949350390324068094e-03
2.948840664644958309e-03
2.954418268037328765e-03
2.949913145153026939e-03
2.954029075413977523e-03
2.951172823167258485e-03
2.948318065909893981e-03
2.948637503072282229e-03
2.951308301179511595e-03
2.952080182876737346e-03
2.947777725295863682e-03
2.948427816448884187e-03
2.947180025100748502e-03
2.947820830490055499e-03
2.947180025100748502e-03
4.199496318663897831e-03
4.548440210922266580e-03
3.854642585383594167e-03
7.429202159915493375e-03
6.094542724913720733e-03
4.585614850076025206e-03
3.094215156250967880e-03
7.713458665954520121e-03
1.017152700991086345e-02
5.010301638669445445e-03
8.761802088298575875e-03
4.993132870367844589e-03
5.293108713534278031e-03
3.990643159637707882e-03
5.567044906352069944e-03
3.868118943633813700e-03
6.408527685644926919e-03
3.793389782125400345e-03
4.902274200025646955e-03
3.689531922232647254e-03
5.398835425830084134e-03
3.620533384838586777e-03
4.734826883935006059e-03
3.493215900899460102e-03
4.404979083318494304e-03
3.405183290385416228e-03
4.156712601179113342e-03
3.355311953858852725e-03
4.389192414397280473e-03
3.329768449809367148e-03
4.477180473134723115e-03
3.290002227775090660e-03
3.758782389176928973e-03
3.291883848761778530e-03
4.045496470911791320e-03
3.227434355007385847e-03
3.706210841501689224e-03
3.188668925721116487e-03
3.518389879673677889e-03
3.155372505813325290e-03
3.452863046780496603e-03
3.132020031489046730e-03
3.641975465245028687e-03
3.102561102028889017e-03
3.341075543597971098e-03
3.106717115316626199e-03
3.564722327462632734e-03
3.087225120434022863e-03
3.454915714125927906e-03
3.061957847336649330e-03
3.263533779141125635e-03
3.057730888896936783e-03
3.161721837298903104e-03
3.047479448574863525e-03
3.164290893226673340e-03
3.033665574296851020e-03
3.121768676746516924e-03
3.022868617630569688e-03
3.262571744140352337e-03
3.008925075539847782e-03
3.056641267627169256e-03
3.139994566800474729e-03
3.009320973710427616e-03
3.067901061296840481e-03
3.001002207304037661e-03
3.151988157367835441e-03
2.991664849685937710e-03
3.104981519427063574e-03
2.996051062693183553e-03
3.122609421738586910e-03
2.988675469795532003e-03
3.056902051346677140e-03
2.986683016641067390e-03
3.074825250112822594e-03
2.979150380095885176e-03
3.021008396049906786e-03
2.976317994645261145e-03
3.015068474735538295e-03
2.976440754946185763e-03
2.994587538999504694e-03
3.056653948545040578e-03
2.965745285872678494e-03
2.994151782373388748e-03
2.969686486082534493e-03
3.028977160682067016e-03
2.965416320754088453e-03
3.023236990670974400e-03
2.964363764294541959e-03
2.995170372007915915e-03
2.965679914259666816e-03
2.999766604009912463e-03
2.961102112177593781e-03
2.973289730681449861e-03
3.009634439887998170e-03
2.958647174830741911e-03
2.971912365755224883e-03
2.959239295902360567e-03
2.963591739472137832e-03
2.987567802776647241e-03
2.954341438172192191e-03
2.978009563546102356e-03
2.955115255635964999e-03
2.962487963253046530e-03
2.976890245201313512e-03
2.954330902522284141e-03
2.987780718365140586e-03
2.953080032729649140e-03
2.960519644879866519e-03
2.968614438763506058e-03
2.953275152991929886e-03
2.961957226575440139e-03
2.953504159299735754e-03
2.961731062683936599e-03
2.952789768327690467e-03
2.959774745573739985e-03
2.952607870795209699e-03
2.960124845275080574e-03
2.950612166366828326e-03
2.962427531491784727e-03
2.950029008311316758e-03
2.955664132906266062e-03
2.950589902990463642e-03
2.952183262978747003e-03
2.955512037235319411e-03
2.949933096849544079e-03
2.962010677216353471e-03
2.949299611826217138e-03
2.950710764381025975e-03
2.955913915124175340e-03
2.949461544613507513e-03
2.954578988342504431e-03
2.949340312547454879e-03
2.951522385472249432e-03
2.948782653166004408e-03
2.949193844199227144e-03
2.951027003013084737e-03
2.948665172253228661e-03
2.947180025100748502e-03
4.746224252435649049e-03
5.341613386887433812e-03
8.128703057162733892e-03
4.481720313665893407e-03
3.118593972555205873e-03
4.642646610802936280e-03
5.137871051127174127e-03
4.601753499719807294e-03
6.770595285799374530e-03
4.651989090175168151e-03
6.027876183045455249e-03
4.040182660847935203e-03
5.011986549707692085e-03
3.912835476594378470e-03
6.142065795186835153e-03
3.691655038483343532e-03
7.014280828347763119e-03
3.567148207896386758e-03
5.120513679741311996e-03
3.727886857237572293e-03
4.838958137109217184e-03
3.726126211248348419e-03
5.325417056048387110e-03
3.622466925775169599e-03
3.722827071596768178e-03
3.996031191242255254e-03
3.397526418070673238e-03
3.771020182992468328e-03
3.312377704021818303e-03
3.964845420407092647e-03
3.294055709930354681e-03
3.970178455427242348e-03
3.293080548933735585e-03
4.209311510174895687e-03
3.255178667788904967e-03
4.236433991275490030e-03
3.215366261633878509e-03
4.057836303678175049e-03
3.201690279522440008e-03
3.373274766865330676e-03
3.150022070919300532e-03
3.539173710017662344e-03
3.102965191904893949e-03
3.664208300691140785e-03
3.083573400186945257e-03
3.349347357106680079e-03
3.111022285949949229e-03
3.314584818372323660e-03
3.092067350765392852e-03
3.359446841262103689e-03
3.065684765327536532e-03
3.160455060404965266e-03
3.046324807822631264e-03
3.313683397242028761e-03
3.031222907113106935e-03
3.104888685199758136e-03
3.119521047560191995e-03
3.025263320285520585e-03
3.127895140254577377e-03
3.020430369497062451e-03
3.213755534965057059e-03
3.012130140980673332e-03
3.121433460366640489e-03
3.014167207484375055e-03
3.204811747328339955e-03
3.002382788057533780e-03
3.100065882055247357e-03
3.001581569064493138e-03
3.179030632953216973e-03
2.984507501567867926e-03
3.001427795660149833e-03
3.040030259320314343e-03
2.983089281384132541e-03
3.082909963965541067e-03
2.976727410784474337e-03
3.089223029932197662e-03
2.973143612178152928e-03
3.000129733386480702e-03
3.047506546940526029e-03
2.969649244836558566e-03
2.995001936384245056e-03
3.015489791924674812e-03
2.971449301152451206e-03
3.054662797820295594e-03
2.967552342137080856e-03
2.998111942466907820e-03
2.969494771811520550e-03
2.998550141565470284e-03
2.963641472173539348e-03
2.983902672786364896e-03
2.964000371607378170e-03
2.997624185358316318e-03
2.959283948639868100e-03
3.000911689806318172e-03
2.957150363987914865e-03
2.973860320076515684e-03
2.958503431005898854e-03
2.967321299280123448e-03
2.991791391482867546e-03
2.955776748501781626e-03
2.971011287923652766e-03
2.956507984598455430e-03
2.968892598716577069e-03
2.956507857787449289e-03
2.962859569209497224e-03
2.976753331536907687e-03
2.953738728863286589e-03
2.965015499500456286e-03
2.954303218209552995e-03
2.961242074771219812e-03
2.952607474261070841e-03
2.976391477842232902e-03
2.950922233166064501e-03
2.950909140648438900e-03
2.958590199542587840e-03
2.951004577171123522e-03
2.963190726377851192e-03
2.950608757176453878e-03
2.961831617868115885e-03
2.950335944087223439e-03
2.955525528551716796e-03
2.950055170520049508e-03
2.954370652835547340e-03
2.949824197088113387e-03
2.956092677214305908e-03
2.949042779920585389e-03
2.953036038324752255e-03
2.948419716631289766e-03
2.951367819854833208e-03
2.948508621952727893e-03
2.954622719555599630e-03
2.948220066957163432e-03
2.953396226957560877e-03
2.948173342876780900e-03
2.953419370072762895e-03
2.948029291955922560e-03
