5.221193463888140762e-01
5.140137888931757271e-01
5.179115475380108302e-01
5.086132993406267122e-01
5.001053256780689793e-01
4.956400762373045499e-01
4.822134658215706526e-01
4.615295644671053577e-01
4.252757285816085586e-01
3.999558632492273835e-01
3.349967187015060466e-01
2.524784192935008997e-01
1.223619542703080487e-01
4.349478029455067229e-02
2.172758353369075301e-02
8.121935912503697175e-02
3.648956600192166944e-01
1.018890443588116312e-02
1.305678901361793098e-01
1.191564828235680551e-03
2.199162857197944909e-02
2.187635030861856400e-02
2.197035022701232521e-02
1.486711413711416796e-02
2.249670660219282858e-02
1.780493662969639956e-02
4.665118555880920503e-03
2.678907137976616060e-02
7.733325679499802874e-03
1.319491505926262409e-02
3.317607239851971812e-03
8.201365663173643128e-03
1.075838638966541971e-03
3.413483354173352247e-03
1.725104031849111763e-03
1.640843796713031821e-03
7.768630962696754239e-04
3.141842270468209186e-03
1.451265660283862502e-04
4.353587600951502878e-04
1.333268572008439179e-03
2.400618167347490228e-04
5.353339485009156462e-04
1.948685108756897932e-04
5.765186650159570547e-04
3.456651851352354754e-05
8.471060741932490146e-05
2.652394259915480390e-04
4.287231931487944792e-05
9.275199887048835024e-05
4.023166535938038635e-05
1.177889092102146762e-04
2.757997380697929657e-06
