2.630894619623558306e-02
2.634653621105798038e-02
2.587544163986621459e-02
2.635775119144323497e-02
2.637825979246155583e-02
2.626012927257226348e-02
2.630767366330977186e-02
2.626760292978080891e-02
2.635145675678163268e-02
2.614036980232337104e-02
2.610665789593913377e-02
2.605190205632634814e-02
2.598349144194267435e-02
2.593973918976599791e-02
2.584941814485686162e-02
2.579244968062566201e-02
2.577090407464055488e-02
2.570919931789950041e-02
2.564140719044538663e-02
2.556466392956868727e-02
2.561623103275356694e-02
2.552792302182638196e-02
2.545610483593074846e-02
2.543390813146351181e-02
2.535725718997272615e-02
2.534573469021927927e-02
2.526664062696537538e-02
2.522175423971573238e-02
2.513280401948958520e-02
2.510092375924299901e-02
2.500508633319065144e-02
2.498704495213199817e-02
2.488739396648009805e-02
2.486496069764043693e-02
2.476054274231653807e-02
2.474412216942134535e-02
2.463631192812687498e-02
2.456493264528025744e-02
2.444157448551620426e-02
2.442003739546783070e-02
2.429227276124878987e-02
2.425314667975486671e-02
2.411710333804961692e-02
2.405780686705927263e-02
2.390914537782695692e-02
2.388589145378106071e-02
2.373264863208124353e-02
2.369567047147680405e-02
2.353480527970319702e-02
2.347668901500321592e-02
2.330369401419374320e-02
2.324096582254087107e-02
2.305496398011130932e-02
2.297192500486089362e-02
2.276856712409036643e-02
2.274859464171041790e-02
2.254197284175540883e-02
2.246277710246546988e-02
2.223999386825425972e-02
2.217082158565608641e-02
2.193431647777221993e-02
2.188579031921678020e-02
2.164021449507047556e-02
2.154269064823122193e-02
2.127759164532760927e-02
2.118119133568385770e-02
2.089737767645827304e-02
2.081364599913437807e-02
2.051410118938823413e-02
2.043004397830427976e-02
2.011503022234661930e-02
2.005527525699635216e-02
1.973051121673274899e-02
1.958763960589515740e-02
1.923574265643890335e-02
1.914309149087711770e-02
1.877549940974188036e-02
1.866494978116151060e-02
1.827838907358902976e-02
1.813073944120480174e-02
1.771848256034691538e-02
1.761134064725955461e-02
1.718293589787389664e-02
1.706853946725872540e-02
1.662290829697821160e-02
1.643233691871937019e-02
1.594658929012149340e-02
1.554997367971322486e-02
1.497473700005802488e-02
1.493729035566482288e-02
1.445640526120317571e-02
1.448206921303374362e-02
1.376783451729979291e-02
1.340166845833068443e-02
1.360795472305786902e-02
1.307748151549392723e-02
1.269368940098936083e-02
1.263128058604023884e-02
1.232215606054254398e-02
1.242458501844567742e-02
1.197095256262603602e-02
1.192921668602031637e-02
1.170823726425718192e-02
1.157521110497894412e-02
1.176946413116042311e-02
1.209567319567006471e-02
1.203041337984489534e-02
1.203121384923766524e-02
1.216173616417592918e-02
1.208031199435100067e-02
1.229867470137013807e-02
1.216389049856769766e-02
1.192666781567641721e-02
1.182520819511301280e-02
1.161704122535556216e-02
1.306709529078720067e-02
1.193027875144170302e-02
1.241639595500865223e-02
1.191844653913287644e-02
1.172897676768325237e-02
1.288361333040610734e-02
1.183365590830554037e-02
1.150305449209254594e-02
1.146384701891167701e-02
1.147517190750846350e-02
1.187276687902505401e-02
1.162023046516258429e-02
1.212558678347896990e-02
1.170618577524606962e-02
1.143088253416846278e-02
1.139813048982030175e-02
1.120106501048512282e-02
1.115757829836705461e-02
1.153053673635906495e-02
1.120080446068161262e-02
1.151978351502158660e-02
1.125217072375017668e-02
1.132203311957702407e-02
1.112981777445543052e-02
1.111730558598555962e-02
1.115594034175260152e-02
1.105044430712132097e-02
1.104568739037903313e-02
1.086840430796587320e-02
1.079040699837241490e-02
1.081636817959885644e-02
1.150627564214523613e-02
1.120533465821538233e-02
1.124129343241442314e-02
1.110592137016508385e-02
1.144557048174899005e-02
1.112306395447248963e-02
1.088686410569461582e-02
1.085623579359684676e-02
1.074265039686084222e-02
1.067418374591089236e-02
1.079574152166429268e-02
1.062457372777225739e-02
1.055705195708289690e-02
1.054018894061514722e-02
1.047127181149631880e-02
1.043993438040846655e-02
1.035636701109343694e-02
1.039019534477958473e-02
1.033122619562565347e-02
1.027347230743091977e-02
1.011882023485055626e-02
1.002600798351793721e-02
1.013392454788775154e-02
9.876430420939552590e-03
9.776935681799381328e-03
9.829254209493432093e-03
9.795687475677716805e-03
9.721793059417227489e-03
9.659998467116515108e-03
9.674821587105308929e-03
9.412808520747217855e-03
9.309576354237014684e-03
9.343030581776989862e-03
9.241011742505245152e-03
9.149398508289108278e-03
9.176319070930305521e-03
9.122481584782349273e-03
9.039442873664316203e-03
8.906095746727626938e-03
8.791848773166632824e-03
8.794193692957419373e-03
8.660721168231022560e-03
8.546349194766156288e-03
8.495465785711919793e-03
8.407961441613265308e-03
8.393409960970599215e-03
8.259957289801000968e-03
8.223511294157104246e-03
8.085931352658004556e-03
8.049240204522467579e-03
7.929694440049317450e-03
7.768945484074363250e-03
7.594256412601030348e-03
7.640995164393649119e-03
7.689746434567323874e-03
7.324987042298003459e-03
7.183311076992104915e-03
7.197455631766547235e-03
7.005759254906540612e-03
6.872484051344551759e-03
7.010369061617227615e-03
6.834327665784845074e-03
6.743944815211455612e-03
6.607993155468006030e-03
6.503353133150202581e-03
6.578116742515405235e-03
6.359553750561630636e-03
6.273928436790865426e-03
6.424144011329957493e-03
6.415868977634575643e-03
6.404764243500449261e-03
6.232612536855808294e-03
6.217066677144722497e-03
6.257724802938180453e-03
6.131467770358778324e-03
6.104706365696044301e-03
6.280220890328869210e-03
6.383888589419295378e-03
6.181628351907719754e-03
6.090529899598906560e-03
6.056799351613406657e-03
6.048714337917093786e-03
6.013598217414872771e-03
5.988523241306165090e-03
5.964333784863939947e-03
5.997380918203121247e-03
5.993505397321574613e-03
5.923678265815746080e-03
5.890673599102891345e-03
5.863975281129030215e-03
5.822700798274405010e-03
5.797070427315920149e-03
5.751073962450559129e-03
5.744305796429927113e-03
5.711709005969400899e-03
5.690779693851677479e-03
5.666986230520421053e-03
5.677787577938575581e-03
5.629010951758717241e-03
5.602553554299838368e-03
5.619164905861340209e-03
5.502681215016846927e-03
5.469073911191446591e-03
5.623913934860280683e-03
5.527837255772549696e-03
5.532474163348677365e-03
5.482499255082484702e-03
5.485394600368231899e-03
5.428165419145924986e-03
5.410407690349505749e-03
5.375994226611058302e-03
5.353134027974326692e-03
5.359093602829378966e-03
5.404158498465427840e-03
5.330815843630598572e-03
5.316208670771982447e-03
5.276402298034943428e-03
5.261152937029334176e-03
5.284742785937490694e-03
5.205372864034329972e-03
5.180872671918468342e-03
5.226160934907908562e-03
5.251217977247479851e-03
5.275138961725933662e-03
5.222721753565640057e-03
5.174112073208059215e-03
5.170597926703490721e-03
5.140237882088505295e-03
5.129899782679192555e-03
5.121683247585551157e-03
5.109637574286729489e-03
5.193943074387252778e-03
5.059965239586849961e-03
5.043687149856701524e-03
5.074280812247700112e-03
5.166036130272555482e-03
5.060653642397938690e-03
5.130178890282111048e-03
5.060378356604666727e-03
4.980292381026929505e-03
4.957254173316827384e-03
4.995657035053668871e-03
5.072508002803455263e-03
4.967651662697525339e-03
4.979563939725761834e-03
4.955274111421270611e-03
4.954499236838660892e-03
4.968784118118851900e-03
4.957451425049552718e-03
4.911875580147828657e-03
4.909464164079890836e-03
4.864438053394537498e-03
4.849169623926341544e-03
4.923569099747560074e-03
4.902673599494034029e-03
4.902838807289922052e-03
4.883614620922238636e-03
4.855866184475199354e-03
4.827356295308282697e-03
4.815469222643753433e-03
4.789156181194242912e-03
4.777309574351296106e-03
4.814258248916347682e-03
4.818405999026831310e-03
4.764810436200472843e-03
4.763581897324176140e-03
4.792640770442391229e-03
4.754084040232142705e-03
4.744607076128559697e-03
4.729539972563312489e-03
4.716744207154399682e-03
4.711959433383983153e-03
4.700180181401059087e-03
4.741229171257077546e-03
4.680997163860944887e-03
4.674586861389995462e-03
4.692027524163977503e-03
4.643817753947732108e-03
4.627909719386091858e-03
4.601457917256968067e-03
4.579879441143464014e-03
4.621689779046755930e-03
4.604129601420758888e-03
4.606264698560624815e-03
4.584592195806425075e-03
4.563313295517845702e-03
4.554353180250547695e-03
4.584370036375684521e-03
4.523806722261936031e-03
4.525344076087400857e-03
4.525018597512642238e-03
4.561215042521604701e-03
4.577685057686631254e-03
4.544388295468548833e-03
4.538216179856724430e-03
4.506668175831562984e-03
4.505280261281274790e-03
4.517842094607149583e-03
4.506067601445562509e-03
4.532156196708103657e-03
4.524738050382226540e-03
4.512074905348106846e-03
4.502629212278286275e-03
4.502408532204515978e-03
4.515700702862890381e-03
4.503679948006822364e-03
4.556890698855564636e-03
4.512785815031783443e-03
4.503989328509927503e-03
4.512464002272120744e-03
4.504575077325045918e-03
4.515451419571214764e-03
4.503388473208969067e-03
4.519040322764844575e-03
4.506683769173180920e-03
4.504575077325045918e-03
4.502408532204515978e-03
4.502532641359913157e-03
4.502615471049020712e-03
4.502623517845472101e-03
4.502623716263420839e-03
4.502744020428384175e-03
4.502544596667434895e-03
4.502677209294869698e-03
4.502443538987987992e-03
4.502373268612136492e-03
4.502326918495280772e-03
4.502326918495280772e-03
4.502024211988642222e-03
4.502567365180842884e-03
4.502478351529060063e-03
4.502622524536259441e-03
4.502500083812033260e-03
4.502155385823547462e-03
4.502516949034918170e-03
4.502332062387703893e-03
4.502102785094219684e-03
