6.360197177307645999e-01
6.039717462638611867e-01
6.533512343684740875e-01
5.773445132806336311e-01
5.235576424433838749e-01
4.709653541913002561e-01
3.577386626854732743e-01
2.435109612899223341e-01
5.684746435807153109e-02
5.049294978330842731e-02
2.059599115985810691e-02
2.377819602132967836e-01
4.857619894764075852e-03
4.639162503221387901e-01
7.313194657145105637e-02
1.294894461474749292e-02
7.410095376693281999e-02
2.107353626680683600e-01
6.558547636175471318e-02
8.764077695252525668e-02
4.292488675417960309e-02
3.508671258567264140e-02
1.189547070824714670e-02
2.119125070142491296e-02
5.014810388646706585e-03
2.018516434962425166e-02
3.287276073177247682e-03
3.453215083516814055e-03
1.198151924215928865e-02
7.926135350948548819e-04
9.535452691271650849e-04
4.936559604252765965e-03
1.194820356069992151e-03
2.917279234938119359e-03
1.576596619050629755e-04
3.208937295341440787e-04
1.276545105916793155e-03
2.776020822314873016e-04
4.389926325496507076e-04
1.300662731880120049e-04
5.661794731623981392e-04
6.707311450071529180e-05
9.395637195352968263e-05
2.910767505033273750e-04
2.467643743386815913e-05
5.217335560125935245e-05
1.437335409435469558e-04
1.439747955456205375e-05
4.132885532004415552e-05
1.818670443465286723e-05
5.732431233518298086e-05
4.163554788716439248e-06
8.099669833838696320e-06
2.657159686847432312e-05
4.158384237840095921e-06
7.923497887363240011e-06
3.993430618409732347e-06
1.233214316531672239e-05
3.091154476830837439e-08
3.061540355675518299e-07
4.296293537264794793e-06
1.923178920781865031e-06
2.221683189418399706e-06
8.875082257997490842e-07
1.184922832409007754e-06
3.695366697087365537e-07
6.666788613385321582e-07
1.105168383475074734e-07
3.038328899584996634e-07
1.856367004560155465e-07
