5.936875247790299737e-01
5.489811039208201127e-01
5.785926356827754136e-01
5.303488290019136020e-01
4.925299463044940929e-01
4.544984454730026657e-01
3.793740522161079820e-01
3.071069710050231549e-01
1.732421385536683234e-01
6.356690157759548043e-02
6.297440388577513204e-02
5.978823116319564868e-02
2.146515706364643394e-01
1.830857200582411970e-01
9.184471125207593900e-03
7.671906884217061240e-02
6.828641901583898388e-02
7.235817524551313440e-02
4.096303001281320633e-02
6.356690157759548043e-02
1.389304111844913425e-02
5.904292104901809335e-02
2.140762467095025379e-02
2.892093326508082818e-02
1.017188964794946138e-02
3.004742660803838561e-02
1.722202391934546384e-03
2.790226327370914916e-03
1.446181822295800057e-02
3.562842938398258497e-03
8.264526744292344240e-03
6.782376769614018031e-04
1.722366331551539176e-03
6.062352235431944791e-04
2.975621422486973700e-03
5.359851727682052314e-04
6.091118183658705831e-04
2.861238785216713154e-04
1.434018509761325610e-03
9.838689410868184382e-05
3.469727232430219743e-04
1.267950251484517565e-04
5.104585489579260837e-04
8.664236388200574623e-05
1.151752847458054063e-04
5.461291785580080216e-05
2.397910405050884819e-04
1.390588916905244332e-05
4.586676464191086211e-05
1.143636328264641122e-04
1.235290830392532513e-05
