4.785086816692400991e-01
4.698261302252768612e-01
4.633322562901913688e-01
4.538925093020966806e-01
4.403447137575794423e-01
4.324265451595045162e-01
4.109953967594510704e-01
3.835187837695988033e-01
3.367959239752706946e-01
2.995361912728660148e-01
2.197840834971065416e-01
1.405754427846672705e-01
3.102066448161622247e-02
1.524672371456126108e-02
5.043683340981564012e-02
4.266505121621733121e-02
1.643274125061067181e-02
3.045734007027189882e-02
6.836887484316545027e-03
1.850658435996921369e-02
1.758485142944787860e-02
1.831678417360782518e-02
1.243057333343511317e-02
8.574888750085052358e-03
1.878464755865094649e-02
6.952786696643231679e-03
1.606152923647163888e-02
7.048653694030626582e-05
1.861238950060517539e-04
8.633616393157406144e-03
3.549659087535239621e-03
4.191187101252880076e-03
1.759272904761521872e-03
2.111849657101094735e-03
8.276596131184810190e-04
1.107989107066775780e-03
3.527841005366294524e-04
6.150511896449994964e-04
1.130837801763817652e-04
2.279754850054160897e-04
8.214581695631384406e-05
2.667495338094516555e-04
1.857487419409942220e-05
3.014994184269426114e-05
1.190766729255443579e-04
2.298347177409620912e-05
3.476542647928848595e-05
1.403263140486998850e-05
5.554534271445810134e-05
3.305991547741804482e-06
8.081463229059338005e-06
2.537524322643314179e-05
4.191959590116312029e-06
8.775813427952527945e-06
3.791472070746593204e-06
1.126593925304675281e-05
3.284930041314026994e-07
