7.178147063857081012e-01
7.505615297765593219e-01
7.073775695212816128e-01
6.393539277062829651e-01
5.299896609344907361e-01
5.187529535341224296e-01
3.720499540535764371e-01
5.372411386503683772e-02
3.732876867450579672e-01
1.322395485868954612e-01
4.496560454203120116e-01
1.745591278479323716e-01
2.529360416834902647e-01
6.861338102865177646e-02
2.512517175983512985e-01
3.574177854537075039e-02
5.156090778132260688e-02
1.393790238304032369e-01
5.286383506248881758e-03
1.970970517174341907e-02
6.168670135367326779e-02
1.139852558801057736e-02
2.747246911529244162e-02
8.646159602147429624e-03
2.551010120052965569e-02
2.094403432806424270e-03
5.941512969932172261e-03
2.041324788947695978e-03
9.437929219931362468e-03
1.678294076498998422e-03
1.179360601459622515e-03
1.943362504139178881e-03
5.031073637151939337e-03
2.536673649337073400e-04
1.024716285923488179e-03
2.283979046722062201e-03
3.186076004146887186e-04
7.684013625501862066e-04
4.621779483977572767e-04
4.328399908121172146e-04
1.732772433064022621e-04
7.892912021478792894e-04
7.298009261469395881e-05
1.533119099716984124e-05
6.142294768685108153e-05
2.806877559538012434e-04
5.180937173387967221e-05
1.611026739976040290e-04
4.082461889809430033e-05
1.067293862122564718e-04
4.886444375906684456e-06
4.802992071883949166e-05
2.915109455603470678e-05
1.524318467716057057e-05
3.926706213663866407e-05
6.368394135591870509e-06
9.784671080037554702e-06
8.205258976268225979e-06
