4.785285957393616840e-01
4.783281869028251920e-01
4.785424783026724915e-01
4.791924787052914692e-01
4.772180581811061861e-01
4.786685860452305485e-01
4.788742251880514500e-01
4.784748721349478817e-01
4.786036067073378142e-01
4.868033719406337223e-01
4.767432914074331007e-01
4.764301443935406999e-01
4.775909147054051562e-01
4.753405923945224210e-01
4.747520470205897070e-01
4.800300329324953541e-01
4.778333297275244584e-01
4.744149896865256233e-01
4.736653405708270981e-01
4.767287827205664019e-01
4.722605391028585897e-01
4.711024090824701416e-01
4.693395741608127336e-01
4.675579567472361031e-01
4.761389728503659935e-01
4.699180921140525546e-01
4.682914344950462882e-01
4.666636474830414549e-01
4.651565239807496921e-01
4.662217048484201820e-01
4.618644555496118631e-01
4.597556834502974921e-01
4.646025254711411145e-01
4.571796678775943423e-01
4.546211192644747934e-01
4.526338914334286923e-01
4.493512954695046968e-01
4.516660751972213506e-01
4.487326069750056101e-01
4.456691102686717310e-01
4.454357462453059080e-01
4.421859942121221243e-01
4.420658844642303409e-01
4.388390768373803263e-01
4.354637014361143477e-01
4.312643680359518061e-01
4.267633891788734646e-01
4.212237801793176084e-01
4.231643479172645383e-01
4.170131429157518665e-01
4.115358315055267502e-01
4.122437506831557741e-01
4.051500164562095163e-01
3.989155851595902469e-01
3.954043877199883150e-01
3.881719483381975699e-01
3.862649171795088376e-01
3.784260949403995822e-01
3.749373317753020851e-01
3.661085205294913880e-01
3.662345965763248445e-01
3.558385022487025040e-01
3.462978953591950848e-01
3.549412622182289700e-01
3.340260685113873862e-01
3.232900825812666801e-01
3.249566979340465789e-01
3.066622357383187447e-01
2.948821514046553460e-01
2.950216129039481272e-01
2.859746297433743978e-01
2.744364197878851330e-01
2.731494106241373343e-01
2.614951401113315699e-01
2.673702642368586124e-01
2.418809673598426579e-01
2.289667671130459770e-01
2.350065147592523829e-01
2.132218958552460908e-01
2.010130595368836426e-01
2.053385119210182630e-01
1.897356224397882540e-01
1.798490327732744642e-01
1.851868650914283432e-01
1.665300341735236334e-01
1.570917108457903222e-01
1.602896106289406486e-01
1.624958454407712249e-01
1.456827304966165082e-01
1.430399134920670168e-01
1.379596528389931409e-01
1.342696596715116097e-01
1.431623540376116832e-01
1.437021933607918189e-01
1.434065057037072766e-01
1.490878077957183967e-01
1.512736335457338654e-01
1.404683403678476106e-01
1.772758891645436208e-01
1.470225138389243957e-01
1.342696596715116097e-01
1.330760553201313368e-01
1.320908349383423941e-01
1.323426020793649904e-01
1.331981394956349707e-01
1.325267347156834363e-01
1.375480004909729326e-01
1.348497915258657365e-01
1.339048286235565710e-01
1.356931548638908858e-01
1.313258313346409301e-01
1.314693689511075014e-01
1.336000354107458321e-01
1.314024748140854015e-01
1.312866531844053553e-01
1.314104188254590078e-01
1.314805658657729470e-01
1.323789721349659665e-01
1.309262257491637937e-01
1.311436131392805793e-01
1.340982751270236584e-01
1.318662486421965374e-01
1.309222564835765823e-01
1.311368434593572774e-01
1.359573801237312640e-01
1.312380122528935544e-01
1.306876499286463433e-01
1.308506428589354398e-01
1.309032119230507663e-01
1.319528507493831215e-01
1.312113722648517999e-01
1.307664518836072487e-01
1.311470909994368883e-01
1.297049443633506716e-01
1.295641844270519760e-01
1.295268909030765636e-01
1.294094262408179707e-01
1.366967556045921572e-01
1.302218890588076050e-01
1.297788900206245932e-01
1.300926504964301511e-01
1.288323123272006043e-01
1.286123410179257354e-01
1.285755939282126059e-01
1.283855594741423189e-01
1.289614536018807156e-01
1.290322603522982003e-01
1.280834362422881290e-01
1.280033115289730405e-01
1.285563129861521103e-01
1.272840413352901434e-01
1.270657548828626471e-01
1.276813811992840719e-01
1.267205843956937805e-01
1.264864553707490957e-01
1.276745017966949280e-01
1.274602545724782265e-01
1.261605710232007738e-01
1.259638301636423208e-01
1.255960040491513885e-01
1.253067312386724197e-01
1.274356282934517859e-01
1.253344531362416969e-01
1.247446436973653761e-01
1.244447872826462964e-01
1.242398013838303950e-01
1.238985213027862242e-01
1.256606133142622594e-01
1.236798013172411004e-01
1.234100610525011854e-01
1.253638550211267910e-01
1.229470849217624284e-01
1.226804255770514995e-01
1.221088463087718345e-01
1.216909096937786039e-01
1.222900451494942642e-01
1.237074443219648989e-01
1.251477101788712742e-01
1.217771989930229726e-01
1.201323042133614072e-01
1.195709269455348389e-01
1.239701187486094147e-01
1.201349342660733566e-01
1.243026423802332525e-01
1.228161272847620999e-01
1.195310038698426114e-01
1.191063895945017048e-01
1.199226389551775185e-01
1.183606987483907247e-01
1.178911754758028563e-01
1.195513746107811359e-01
1.175630328957345538e-01
1.171509882900594324e-01
1.180834601918606674e-01
1.161857484034685140e-01
1.156586311233673836e-01
1.150702409800115067e-01
1.144691296008806258e-01
1.153878679130254659e-01
1.153134445003495268e-01
1.144691296008806258e-01
1.171721399837155619e-01
1.153131012081366480e-01
1.146357128309889450e-01
1.155209452105113721e-01
1.150452554339737032e-01
1.148018784187220254e-01
1.140818155015884683e-01
1.154263224729884518e-01
1.120517406685532791e-01
1.165818028725736921e-01
1.151679260134411686e-01
1.142726893307659530e-01
1.138233566563546795e-01
1.143842112789991150e-01
1.156872193587155095e-01
1.142945450205645752e-01
1.137050120573395162e-01
1.137109022514722900e-01
1.135881068279822603e-01
1.122017295335823173e-01
1.127708101252210549e-01
1.130401647840145740e-01
1.121206916496239048e-01
1.111582084641142831e-01
1.109671239504166351e-01
1.115214477419672612e-01
1.132346811167851408e-01
1.104016918508516909e-01
1.101980246501225169e-01
1.125147368136067971e-01
1.130556234196596899e-01
1.121756712654581323e-01
1.112905673673105778e-01
1.096998691463210163e-01
1.094438151614948174e-01
1.130045125305481069e-01
1.116157922776070954e-01
1.112934539368604092e-01
1.101634551827725961e-01
1.089878031942755898e-01
1.087038804597694197e-01
1.080290274376941584e-01
1.075852456677665048e-01
1.090022823881171554e-01
1.095903615619472360e-01
1.090380675590622017e-01
1.089711186474476845e-01
1.069075724928881810e-01
1.065902427706277855e-01
1.070601488500876330e-01
1.064661854262065610e-01
1.062512697866779821e-01
1.109386948116182214e-01
1.084842166297247390e-01
1.057472342778730257e-01
1.053732651332159875e-01
1.059684428074457729e-01
1.056552364366587504e-01
1.064957650429340097e-01
1.037318697241896848e-01
1.032119113968644752e-01
1.039994845703241522e-01
1.030350577464954620e-01
1.025974476392016443e-01
1.043279397464831337e-01
1.026145171786980725e-01
1.032604365900890997e-01
1.016765886063516477e-01
1.013154231512380932e-01
1.008074123174633741e-01
1.003609713428526007e-01
1.016671291875966832e-01
9.888001824500569636e-02
9.817506136538312056e-02
1.007842490161342530e-01
9.878651075569488960e-02
9.928303229715051970e-02
9.755380207146935323e-02
9.704885178928457368e-02
9.705339094742126971e-02
9.529494642080738043e-02
9.452179649975900322e-02
9.734801345562826835e-02
9.496547822928991245e-02
9.521716133168001139e-02
9.328205568062108988e-02
9.269343318446132685e-02
9.341634336678195094e-02
9.202687861392200297e-02
9.143892413333865044e-02
9.064967077084806757e-02
8.987312161475380368e-02
9.375986535530478339e-02
8.960220910005178840e-02
8.889420117067148297e-02
8.759176824200565203e-02
8.661874067118235931e-02
8.885795612401026222e-02
8.650863473820435967e-02
8.567476903020954104e-02
8.567476903020954104e-02
8.723073201516262642e-02
8.710722317448649221e-02
8.767277558924091441e-02
9.034755043266862184e-02
8.597612046355507243e-02
8.570178803790395872e-02
8.554147027806757730e-02
8.553842926345822661e-02
8.338217412111004201e-02
9.043233653810944794e-02
8.771924794921659441e-02
8.776872652577882850e-02
8.644967783719004206e-02
8.660675488963653912e-02
8.793036563358114233e-02
8.608979952446571549e-02
8.732320792857017899e-02
8.610581467982969528e-02
8.734384414989893042e-02
8.576973465632453664e-02
8.576925113187372496e-02
8.641950939326681347e-02
8.554314965395026782e-02
8.535180006583831247e-02
8.524776617815366109e-02
8.530357035055757819e-02
8.588760534150308157e-02
8.529817970647013414e-02
8.483017237228362983e-02
8.388925950390913044e-02
8.443036497333222812e-02
8.425909652013052753e-02
8.317524736863413093e-02
8.296225412173541258e-02
8.608776021803477008e-02
8.464598173916326740e-02
8.361809677698206489e-02
8.264613437267132046e-02
8.243028172800936915e-02
8.293702436353433960e-02
8.290314090740957820e-02
8.261367859548063297e-02
8.181751749967780540e-02
8.164259245544414068e-02
8.205606886236760378e-02
8.099995858111164182e-02
8.071629954411474461e-02
8.180766747233558789e-02
8.039662670326852556e-02
8.007666293546367164e-02
8.025530376088996221e-02
8.037527823557422124e-02
8.077834350004575725e-02
8.199036127893988279e-02
7.929930027364395784e-02
7.900661607185888169e-02
7.896322536071320730e-02
7.868118626812448113e-02
8.109638044145284219e-02
7.882676160660917475e-02
7.775764185321754063e-02
7.737094625084672828e-02
8.017165445625629161e-02
7.918306598392632623e-02
7.717171702978098402e-02
7.678079617203514839e-02
7.763766234855384862e-02
7.636405462104334241e-02
7.596076820685171427e-02
7.785760558279031240e-02
7.505301540415798556e-02
7.451143751670430415e-02
7.697853790202813240e-02
7.547581671885039700e-02
7.478189016922764942e-02
7.354187893313279822e-02
7.302545624600464969e-02
7.543722491563986665e-02
7.334539973892340026e-02
7.264224885526215925e-02
7.222651004220581594e-02
7.356750345138429736e-02
7.107814211705121288e-02
7.047740488096743139e-02
7.073457387732318136e-02
7.107499206703282724e-02
7.114464840669598722e-02
7.012396030355128040e-02
6.990259455946679079e-02
6.812071551017151450e-02
6.743428955246444367e-02
6.921108814531562459e-02
6.730536042822010678e-02
6.671830075874307653e-02
6.625016417653850631e-02
6.559208897747237366e-02
6.608447757763047381e-02
6.733539179804715058e-02
