2.146784277073126024e-01
1.766720763320339671e-01
1.793990010236068411e-01
1.309137402762021729e-01
6.865682805073713979e-02
6.637725602648303358e-02
1.067939943631446287e-02
1.705684085540114525e-01
6.284943465343884039e-02
1.620516734679872117e-01
2.066677009236683737e-02
6.575775770786784769e-02
2.707089103177362510e-02
3.744174664857946588e-02
1.002129779109561802e-02
4.600426348583885883e-02
6.193088451494244140e-03
2.523119762288583701e-03
2.159875638877872817e-03
1.738145360371778914e-02
1.107349503268739710e-03
9.459679798890618940e-03
4.912958885448626134e-03
2.879156189316223191e-03
2.652953506812050222e-04
6.793992541916704653e-03
1.660517087202828534e-03
2.856199974133888375e-03
9.641240596391931206e-04
2.155881806289339231e-03
1.402168112283330714e-04
6.602837650866444363e-04
2.533001974838189341e-04
7.264867422152043730e-04
1.160149245449382249e-05
4.945700531957530899e-04
4.645633800270942970e-05
6.255502890507580460e-04
1.166238421805854131e-04
2.654037701614875289e-04
6.313731479767881183e-05
1.277694918225824594e-04
2.592268705581268762e-05
4.234549414872113005e-05
3.204096515307952586e-05
1.237796491393439169e-05
5.593254138802628006e-05
1.162727417880482506e-05
4.644628902150671479e-06
8.896588503892743915e-06
5.263707382896498643e-05
8.457102455006193509e-06
