9.753328061254639136e-01
9.744725316280379301e-01
9.727350397049264741e-01
9.746637910707597330e-01
9.727562311424511332e-01
9.742430474219484493e-01
9.732125918707322798e-01
9.747530950981270204e-01
9.727971613478509916e-01
9.720350649445949065e-01
9.716073500343079816e-01
9.718465338492549010e-01
9.712138273963590862e-01
9.707663508069243052e-01
9.704589622718770014e-01
9.699351772438468133e-01
9.695908904319461286e-01
9.689808613196908560e-01
9.696156031351684801e-01
9.692392302253917125e-01
9.683683977450555647e-01
9.677956995707507337e-01
9.671018207760625485e-01
9.663587492801295475e-01
9.666528466675393672e-01
9.656152891697077356e-01
9.648242975749405925e-01
9.649943441203213679e-01
9.646190090044093335e-01
9.639233814908815257e-01
9.634843794655283400e-01
9.626772908321781230e-01
9.621801606866434708e-01
9.612447227186664556e-01
9.604271289174546311e-01
9.592824584833614665e-01
9.595303933608301250e-01
9.589335973822938897e-01
9.579111337765163769e-01
9.570327767764686966e-01
9.557854309293296602e-01
9.561585952472275718e-01
9.540337813881413220e-01
9.525827212164372781e-01
9.520512129551310654e-01
9.504472240736295818e-01
9.502401528859154567e-01
9.485591302354171583e-01
9.485301044007503624e-01
9.468148233249538137e-01
9.471347284993556492e-01
9.441460861844062080e-01
9.420889169209014646e-01
9.415138002279992424e-01
9.392781843504186545e-01
9.390523529998551222e-01
9.367196957709452709e-01
9.343218655382614646e-01
9.313507489987835619e-01
9.324674359234826904e-01
9.301359561526714170e-01
9.273637719586191874e-01
9.266780933053998526e-01
9.236860766804513290e-01
9.220323676249539968e-01
9.185732851414912803e-01
9.146517528348695469e-01
9.101376853190596972e-01
9.118284525393356432e-01
9.077266065136937456e-01
9.033620302106253330e-01
9.017882791419086219e-01
8.969440207562530132e-01
8.973581989298875516e-01
8.893149675478254634e-01
8.834539961556784338e-01
8.822643795474089945e-01
8.759808444300727359e-01
8.737767496483510588e-01
8.668105777181384086e-01
8.660269757423799675e-01
8.587234504416876302e-01
8.599594219193271716e-01
8.481783356569381205e-01
8.395827193105755981e-01
8.392512657933970388e-01
8.304593131457149724e-01
8.284458899129178988e-01
8.203695424438177675e-01
8.152029222710719392e-01
8.138354452346107104e-01
8.141595314193791344e-01
8.138354452346107104e-01
8.138354452346107104e-01
8.138354452346107104e-01
8.138354452346107104e-01
8.138354452346107104e-01
8.138354452346107104e-01
8.138354452346107104e-01
8.138354452346107104e-01
8.138354452346107104e-01
8.138354452346107104e-01
8.138354452346107104e-01
8.138354452346107104e-01
8.138354452346107104e-01
8.138354452346107104e-01
8.138354452346107104e-01
8.138354452346107104e-01
8.138354452346107104e-01
8.138354452346107104e-01
8.138354452346107104e-01
8.138354452346107104e-01
8.138354452346107104e-01
8.138354452346107104e-01
8.138354452346107104e-01
8.138354452346107104e-01
8.138354452346107104e-01
8.138354452346107104e-01
8.138354452346107104e-01
8.138354452346107104e-01
8.138354452346107104e-01
8.138354452346107104e-01
8.138354452346107104e-01
8.138354452346107104e-01
8.138354452346107104e-01
8.138354452346107104e-01
8.138354452346107104e-01
8.138354452346107104e-01
8.138354452346107104e-01
8.138354452346107104e-01
8.138354452346107104e-01
8.138354452346107104e-01
8.138354452346107104e-01
8.138354452346107104e-01
8.138354452346107104e-01
8.138354452346107104e-01
8.138354452346107104e-01
