2.146784277073126024e-01
1.943511242235358427e-01
1.646032535908821259e-01
1.413124515834711659e-01
8.938509983427622707e-02
2.539270795610937270e-02
1.118287723825428515e-01
7.609828307961674643e-02
1.647830319793909259e-01
3.747762335786397614e-02
1.213636235407202779e-01
1.984857715322818628e-02
3.498703986884543760e-02
1.514063933642040283e-02
6.321381621149602115e-02
4.613020123930944294e-03
6.812976428914652161e-03
2.634973990472322392e-02
4.399134035864338266e-03
8.630435990440665783e-03
3.767863851633634908e-03
5.878412463056981174e-03
2.254431650118737807e-03
1.042013180111678317e-02
6.575255076476382854e-04
2.407512912869114174e-03
7.680525613744659807e-04
3.663309122334812429e-03
7.817002383447846370e-04
2.177186713963830123e-03
4.365341534295907877e-05
9.105863628922072905e-05
8.258433307379853261e-04
2.862650928469046008e-04
4.554195855210885213e-04
1.007393557498348358e-04
2.701030158425155037e-04
8.002618927860360998e-06
1.239253472281598434e-04
6.636105512480838797e-05
4.119655052381432370e-05
8.440209157234423998e-05
1.356471485802757115e-05
2.791452998218701964e-05
1.988753730586267920e-05
