2.731687486064766635e-01
2.732127463924587385e-01
2.732106458803764681e-01
2.731736561716583411e-01
2.732599147035241760e-01
2.731583491802873631e-01
2.731516674195360039e-01
2.732277107248006764e-01
2.731786637412714214e-01
2.733782375898399231e-01
2.731985661870157678e-01
2.731516674195360039e-01
2.731939920714091530e-01
2.731847655505048600e-01
2.731620098756589732e-01
2.730966375539936042e-01
2.731201210706646343e-01
2.731574806448204829e-01
2.732031014259090895e-01
2.731702950466804447e-01
2.731395858549441336e-01
2.730966375539936042e-01
2.730985057537747007e-01
2.732939430864547159e-01
2.730914430286053296e-01
2.730060095606492432e-01
2.729974828898272809e-01
2.731292142215264729e-01
2.729945489166974992e-01
2.731125306274688747e-01
2.731766358320408816e-01
2.731011242454550736e-01
2.729945489166974992e-01
2.730922248487865911e-01
2.732351620161420636e-01
2.731306546435676719e-01
2.728708331069942261e-01
2.728302018657420280e-01
2.729902965832808892e-01
2.729912571914758779e-01
2.730649763781579642e-01
2.731005215572892553e-01
2.731857714293682848e-01
2.730473447479957461e-01
2.728302018657420280e-01
2.727302631298620383e-01
2.730544163656787315e-01
2.729250375435194886e-01
2.726339779727710022e-01
2.725733995043326807e-01
2.727808584102753287e-01
2.727182290725170821e-01
2.729113051591574024e-01
2.727509764767850342e-01
2.726374284926270652e-01
2.724541737388044282e-01
2.723938495218423128e-01
2.724139117298356449e-01
2.723810911627305709e-01
2.723270670295767637e-01
2.723995686492806101e-01
2.723297408886404813e-01
2.722963180011996887e-01
2.722741609324514922e-01
2.721173129397875812e-01
2.720419581015396382e-01
2.719314641632049057e-01
2.718222398852889743e-01
2.719258304137026627e-01
2.718980773781876081e-01
2.721902921200425318e-01
2.717397220107098388e-01
2.716488475155577342e-01
2.715605926951925042e-01
2.714363715785552689e-01
2.713607353206290984e-01
2.712151757216807457e-01
2.711542381090500387e-01
2.709896163406759761e-01
2.712806158603976447e-01
2.710059517371485871e-01
2.707965394088371891e-01
2.706329090566323980e-01
2.704385786796779101e-01
2.702146295888481209e-01
2.701312414191170408e-01
2.698801797819632142e-01
2.698736709786866417e-01
2.696132062083309577e-01
2.695782780021116487e-01
2.692920148992159479e-01
2.696464474928570443e-01
2.689099656225342194e-01
2.685642489152240131e-01
2.685841968828746040e-01
2.677518896348011213e-01
2.672415369688427855e-01
2.673289727451888531e-01
2.670577410454124667e-01
2.665770639042404078e-01
2.666897911485970329e-01
2.666586700526725195e-01
2.652169688586276664e-01
2.645401428483143969e-01
2.641888185491132468e-01
2.633748438543820347e-01
2.638539926297828186e-01
2.624028054247220521e-01
2.614360818382013285e-01
2.626952176905299474e-01
2.614506694318295965e-01
2.605723735680974817e-01
2.596550142854139320e-01
2.589757473207412453e-01
2.578722037904379594e-01
2.559947132047938334e-01
2.543028826986108992e-01
2.561280403421315466e-01
2.549038233143067211e-01
2.529389004893043413e-01
2.513327354401635461e-01
2.507416085159405172e-01
2.489924700003306457e-01
2.491376489198358080e-01
2.455967907830397534e-01
2.435978718261957443e-01
2.439644680101370477e-01
2.425014967026016821e-01
2.407575232925975861e-01
2.404174590913893406e-01
2.389415605974856138e-01
2.384985948387443599e-01
2.371767895032639295e-01
2.366549715147731048e-01
2.355883020879244727e-01
2.354620883015963173e-01
2.344724361642835930e-01
2.346538540645282112e-01
2.327460487091652652e-01
2.318811010671648631e-01
2.322454825989441751e-01
2.311415669343955814e-01
2.304504921554673125e-01
2.304717583803012060e-01
2.300110497787186681e-01
2.294788249684595050e-01
2.295837247178926788e-01
2.287466935628277298e-01
2.282791975292099984e-01
2.279411426100271809e-01
2.274505032711399144e-01
2.274230042332212598e-01
2.270446685195738334e-01
2.273664552375238568e-01
2.266667876147615557e-01
2.263096748579129791e-01
2.267087255976926174e-01
2.262889812628468000e-01
2.260687802803210689e-01
2.255438983727130475e-01
2.252550515403116682e-01
2.250653988216883006e-01
2.247651040554963231e-01
2.250971050383924199e-01
2.252582262224961385e-01
2.246384994576440253e-01
2.244376412188606729e-01
2.245469848497743115e-01
2.242185064265056482e-01
2.240229267164626226e-01
2.241653964916041630e-01
2.236625877470088675e-01
2.234637160406862666e-01
2.235957268050087210e-01
2.236739443705699770e-01
2.234017431320772795e-01
2.232723672857228614e-01
2.233820865760041130e-01
2.230564567284234467e-01
2.229569473573268512e-01
2.229557898526257631e-01
2.228481962404943451e-01
2.227378104100801171e-01
2.226095390169792188e-01
2.226110412754364054e-01
2.224406055011667327e-01
2.222972814923941387e-01
2.225433059282270198e-01
2.224666080493925557e-01
2.220517592411079821e-01
2.219230377627051665e-01
2.220086639386852356e-01
2.220590642053543728e-01
2.218074170466939332e-01
2.217133879426148590e-01
2.218746491276384347e-01
2.218069550115172595e-01
2.214701135505228180e-01
2.213422316054020067e-01
2.213696197329535487e-01
2.214036392970659683e-01
2.213482518881676464e-01
2.212055267929178282e-01
2.210875202233296699e-01
2.210609915661607694e-01
2.209365843558729336e-01
2.209279467610048009e-01
2.208092261076813889e-01
2.206870032665833037e-01
2.205756036100093853e-01
2.206106517562195224e-01
2.205204004200327361e-01
2.203847575616281196e-01
2.204981719616169178e-01
2.203146841133822864e-01
2.201982082808555674e-01
2.201321095180707177e-01
2.200270610033466800e-01
2.200369012456383500e-01
2.197193826825243335e-01
2.195587650951356107e-01
2.196598561006608552e-01
2.195101231978771050e-01
2.193662243956682190e-01
2.195138698742232775e-01
2.191569502722617857e-01
2.189886982298492324e-01
2.192575747782337103e-01
2.189537836039265883e-01
2.188301142608026773e-01
2.186707964468497245e-01
2.184904037556867351e-01
2.182190438312775482e-01
2.179484124825984415e-01
2.183996557442942077e-01
2.181589195313120566e-01
2.178853734619572435e-01
2.177044774484852008e-01
2.177398109197556941e-01
2.170565890156659350e-01
2.166953465946748203e-01
2.171053860105093269e-01
2.167155357666371573e-01
2.166378883979070968e-01
2.163962924068028038e-01
2.162466756323184747e-01
2.159700735830591967e-01
2.156400469858763547e-01
2.153109630708146538e-01
2.157802741320469231e-01
2.146993256147753382e-01
2.142184062110777942e-01
2.142703434189972000e-01
2.139446558628074202e-01
2.135198050943191150e-01
2.143176884828417172e-01
2.136424231180475974e-01
2.127156248186252707e-01
2.122201891900028503e-01
2.122490448880983704e-01
2.112905414081415190e-01
2.109740885005634281e-01
2.108294195155221429e-01
2.103835206630025878e-01
2.107150890131611609e-01
2.114643048640054701e-01
2.102522701797477911e-01
2.102467157543946863e-01
2.140678007291558771e-01
2.128766401677013587e-01
2.098904527005307497e-01
2.099602074273549945e-01
2.122991635205123684e-01
2.104453316615065850e-01
2.114285011751128041e-01
2.125204510262486135e-01
2.114463207718282334e-01
2.091201726348397294e-01
2.089170936952848834e-01
2.095803924863171019e-01
2.105013842942470292e-01
2.085267238323460504e-01
2.083579680105724918e-01
2.109548657194626475e-01
2.100379124630037397e-01
2.105249266258718555e-01
2.099723698419599938e-01
2.093631517953227217e-01
2.083420172635624956e-01
2.082289173110958291e-01
2.083649747517496431e-01
2.083548088505104978e-01
2.082519880226851861e-01
2.074284252727169875e-01
2.073009192625864250e-01
2.082511872099177541e-01
2.078360053066701241e-01
2.071568322565382481e-01
2.070649232597538969e-01
2.079974197639223865e-01
2.075658544758278712e-01
2.069494860002896175e-01
2.068627520211928639e-01
2.068968663616237436e-01
2.106900043219821494e-01
2.076837055305214008e-01
2.066131771593131550e-01
2.065295735537647781e-01
2.071131042906976250e-01
2.068469562996058109e-01
2.067739861539172885e-01
2.069340430677937270e-01
2.063760016506510642e-01
2.063467047898889239e-01
2.066294856421055925e-01
2.065639783853426836e-01
2.068986349559076565e-01
2.067088264611981474e-01
2.063531615391085428e-01
2.062258791525267698e-01
2.061876513397591371e-01
2.068352338016774539e-01
2.066089532611965485e-01
2.062607860656364700e-01
2.061606611080204488e-01
2.061444585530688434e-01
2.063217929400134043e-01
2.064666457445440972e-01
2.062151132792252595e-01
2.060922643996437875e-01
2.060776234925860706e-01
2.064698665429924862e-01
2.062958207639581376e-01
2.061131745803237436e-01
2.060458473734401164e-01
2.060223409300124819e-01
2.060816263136302506e-01
2.060689504028363483e-01
2.060386564853129432e-01
