5.221193463888140762e-01
5.167203773503206143e-01
5.147114753333681403e-01
5.082999757512423056e-01
4.997689427825238173e-01
4.962239001399353366e-01
4.826489888508959103e-01
4.613119332555575269e-01
4.243437816826027831e-01
3.955307350755646878e-01
3.241796256084865657e-01
2.412457520506343656e-01
1.079573400538547112e-01
2.538598348176301922e-02
7.180923394559224349e-03
1.428279840815142032e-01
1.154617097780419321e-03
3.013248500717828904e-01
3.211198656241753824e-03
1.133994694692685989e-02
1.552061078527477989e-02
1.896350447440409148e-02
3.318399816699013627e-03
4.674944507593314924e-02
1.398678649882501013e-02
1.925657670119018672e-02
8.542464986971198826e-03
8.127779963277625974e-03
3.250955404556221673e-03
8.545520787274996088e-03
6.706384041668123075e-04
2.582170525040172748e-03
1.202442009526460964e-03
1.714308338546910448e-03
4.928821754361933927e-04
2.233642264304114278e-03
2.757122203583817210e-04
4.608502297704930584e-04
1.249998331797952389e-03
6.508722513132170207e-05
2.459816680271398326e-04
5.820457230083508904e-04
5.928548788625143118e-05
2.428691787121906032e-04
1.196183990539445574e-04
1.248091579950649788e-04
5.825186079722044497e-05
1.829370625312520815e-04
3.208265429321954798e-06
4.208076248790604268e-06
6.560993988147245659e-05
2.725463217934098736e-05
3.467626849862348593e-05
1.176396237678734025e-05
1.920148800493848285e-05
4.020613620592250470e-06
5.071010798829433952e-06
1.910102395585866475e-06
9.144012502293463740e-06
7.273860050949210176e-07
