9.736910538037644169e-01
9.739651788723542314e-01
9.736977617179010114e-01
9.736252880577710433e-01
9.736770102036118590e-01
9.736845810971821447e-01
9.740977033967110899e-01
9.739992874710092785e-01
9.736883592735469106e-01
9.734073123201874012e-01
9.733203403082510974e-01
9.733203403082510974e-01
9.732750793158951863e-01
9.729285992449112630e-01
9.733380666846768170e-01
9.732224602349287546e-01
9.733262410613446880e-01
9.733800028058071652e-01
9.733244277584587323e-01
9.733050514493530869e-01
9.731300148842048081e-01
9.729285992449112630e-01
9.729031891180192071e-01
9.728793529405386220e-01
9.727750633258893664e-01
9.728146981584705477e-01
9.730351766301623684e-01
9.728814370329955663e-01
9.729550169653268243e-01
9.729456434841015078e-01
9.727351693520901454e-01
9.726975387775518289e-01
