9.736910538037644169e-01
9.733767164408189121e-01
9.740730529095463774e-01
9.741626100527303045e-01
9.727606766888672318e-01
9.740314707150193874e-01
9.744269870060491279e-01
9.746032872681453796e-01
9.734025775725778651e-01
9.728676499020059154e-01
9.726534088067140260e-01
9.724270882079573131e-01
9.724870212322536123e-01
9.721744508359706494e-01
9.719316063399791039e-01
9.716820862085520094e-01
9.713803169996881870e-01
9.714499727426721964e-01
9.712527657232621348e-01
9.709774175868384205e-01
9.706655760257075771e-01
9.703163482522270122e-01
9.705495636158141259e-01
9.700955070341710229e-01
9.697525840208647274e-01
9.696830269639612476e-01
9.693215622853974534e-01
9.689463842913552671e-01
9.684946120964068594e-01
9.685978063336797561e-01
9.683715036632716266e-01
9.679742136515813167e-01
9.675674521394106442e-01
9.670720609956723335e-01
9.669925521940132551e-01
9.664742424041369295e-01
9.664022586743948873e-01
9.658626927367915949e-01
9.654975195615630446e-01
9.648666310738982510e-01
9.648443821169433443e-01
9.642018891953015869e-01
9.639869837345823589e-01
9.632874470859935645e-01
9.633955982805370022e-01
9.621750319119500849e-01
9.613413477643460991e-01
9.610118283521453808e-01
9.600889543297717044e-01
9.601898856818913419e-01
9.591992082713698409e-01
9.582354473889977964e-01
9.578766246517003147e-01
9.568140789627959109e-01
9.568844255781205899e-01
9.556944787313845779e-01
9.545631707728684523e-01
9.542837159536921021e-01
9.530709134775934288e-01
9.516726643964648069e-01
9.501013992307144607e-01
9.509413363226003613e-01
9.497953777877896631e-01
9.484072188940011472e-01
9.467908415841890246e-01
9.449884794240619446e-01
9.454231312632225270e-01
9.439131474945653411e-01
9.421679739170082390e-01
9.400612408448270063e-01
9.377716345302321566e-01
9.382201594832798586e-01
9.359499827941994976e-01
9.336180440655017509e-01
9.338382624681967892e-01
9.304137172121096366e-01
9.277242281315366546e-01
9.268526394014691139e-01
9.238968430980849522e-01
9.246313725652698379e-01
9.196228941903310528e-01
9.163374229353898892e-01
9.159379264968710022e-01
9.124840864015315578e-01
9.139323176938791704e-01
9.083866021765110155e-01
9.046525172717531094e-01
9.049212060755627007e-01
8.979034323264232231e-01
8.938079682712964935e-01
8.964400184907486135e-01
8.923787455006314540e-01
8.889468282560011314e-01
8.862554187751937596e-01
8.831655496369351654e-01
8.835789490503404009e-01
8.802325346652952742e-01
8.772604778247651280e-01
8.755890680551652316e-01
8.726831015115257273e-01
8.740626111242945084e-01
8.687452116504589261e-01
8.662580315040575574e-01
8.678714916793676126e-01
8.645977464858410899e-01
8.627507706241194230e-01
8.628328419760085133e-01
8.616781591232368642e-01
8.604703274964300430e-01
8.582517196286115757e-01
8.568115385057154532e-01
8.573932916939518423e-01
8.558387785051095875e-01
8.547069222194884075e-01
8.539356305740997133e-01
8.526711603980499099e-01
8.546019098626101984e-01
8.520697048675538454e-01
8.511791416815943645e-01
8.512812301522525438e-01
8.488628736566772304e-01
8.476035690423469049e-01
8.474894261297074571e-01
8.468278396665429586e-01
8.472882774190756416e-01
8.464692193034720757e-01
8.458370896019954399e-01
8.459666045905294141e-01
8.442278298704464223e-01
8.435973124479799745e-01
8.455382888688283138e-01
8.431333787338314290e-01
8.425391901685783669e-01
8.418014437142551376e-01
8.411582351600283003e-01
8.436068936574097066e-01
8.425789351493326862e-01
8.424292733347318318e-01
8.420546606263704659e-01
8.413033749862359745e-01
8.400343532528026236e-01
8.395692639532886803e-01
8.398542361310769033e-01
8.404675269202191989e-01
8.396808460727849255e-01
8.398329328762972334e-01
8.386414712056602383e-01
8.382203186541400397e-01
8.381230963433534686e-01
8.377271169021290875e-01
8.377087535623097825e-01
8.372664686251577448e-01
8.380705064763360745e-01
8.369731141473775171e-01
8.365173239768068925e-01
8.370070183479094705e-01
8.362446912226011442e-01
8.357994515374975730e-01
8.355844653212082251e-01
8.351964898070316501e-01
8.349543432868221648e-01
8.346713362973396944e-01
8.350898715685923790e-01
8.339565154561838778e-01
8.334960331318879145e-01
8.340092796052971380e-01
8.342342712766095403e-01
8.325441417493822938e-01
8.320014290281909641e-01
8.329641196401696979e-01
8.329862469577333783e-01
8.324102238291140043e-01
8.321434549834325622e-01
8.311143198073663863e-01
8.307973408256156267e-01
8.312409040165706919e-01
8.306149687336160659e-01
8.303126715158012372e-01
8.306388266692837918e-01
8.307511599804384694e-01
8.303382188776465833e-01
8.298854326526616809e-01
8.299853247852074789e-01
8.296101806766198461e-01
8.300800178182776712e-01
8.286789080308645250e-01
8.286996072028279814e-01
8.286351015697623890e-01
8.284377228870262178e-01
8.291408587441466693e-01
8.286434095726797899e-01
8.353628617109427612e-01
8.299276319149127001e-01
8.281412094424938086e-01
8.279127387472688948e-01
8.281761557563026566e-01
8.321216363085490730e-01
8.293252806863512516e-01
8.269014449464172634e-01
8.265331240990145822e-01
8.268231945586281828e-01
8.278591921716683677e-01
8.267923671996003643e-01
8.261792774469538525e-01
8.259248302890818128e-01
8.256669384758378305e-01
8.255172336103937525e-01
8.254651724037675997e-01
8.253487493014471932e-01
8.254810422100548051e-01
8.244349243020906437e-01
8.241895346630305763e-01
8.254494014185330686e-01
8.239000656607039508e-01
8.235890265921119724e-01
8.239700114358567973e-01
8.233147756542489315e-01
8.231577243901044838e-01
8.233993103312023942e-01
8.237727284850664411e-01
8.232631285375409114e-01
8.244375563640408133e-01
8.219179563736485061e-01
8.216330318350519857e-01
8.244196401193120138e-01
8.239122090710775392e-01
8.230133591507322599e-01
8.226474386301705355e-01
8.224840584269015320e-01
8.227571106543176693e-01
8.221396477573137407e-01
8.215962890907666516e-01
8.213761632085564424e-01
8.214348376758249248e-01
8.209656054532070701e-01
8.207215218873007423e-01
8.212633890200740083e-01
8.215130588844442583e-01
8.206868014278959622e-01
8.206927934986975037e-01
8.200126164229235570e-01
8.197260182132586337e-01
8.196650642958257516e-01
8.193559445605336222e-01
8.196650141922928734e-01
8.204564467552708518e-01
8.194691587935827304e-01
8.196143486518411292e-01
8.188006144411901222e-01
8.186287467555455333e-01
8.182022059540832171e-01
8.180505922742813407e-01
8.179654561029929827e-01
8.178805137189755214e-01
8.179884794014811167e-01
8.182044167543766067e-01
8.183232552439951846e-01
8.177287300297153561e-01
8.177183929896534309e-01
8.174234391105437147e-01
8.174413891605719629e-01
8.172024252786457277e-01
8.171670613302070008e-01
8.174321276233298406e-01
8.176559980315735165e-01
8.173140135077069379e-01
8.173248330472673295e-01
8.171516479854311621e-01
8.171035923207010665e-01
8.171035923207010665e-01
8.170755414827868268e-01
8.171003607654456768e-01
8.171118360172995310e-01
8.170672735643386142e-01
8.170911426687107459e-01
8.171187632503490450e-01
8.170780215324600082e-01
8.171005553893700979e-01
8.170633178452161305e-01
8.170586264506919383e-01
8.170586264506919383e-01
8.170822621594633350e-01
8.170898495724987498e-01
8.170729466815453979e-01
8.170472491008261562e-01
8.170835736594281862e-01
8.170709822467593364e-01
8.170662322661552679e-01
8.170362239345476674e-01
8.170584223206516228e-01
