3.192650208190432881e-01
3.218695371741628897e-01
3.207939686197911477e-01
3.207608753118207368e-01
3.191525769291685410e-01
3.175587308895002625e-01
3.186874029934971819e-01
3.198413095850476395e-01
3.187035374023543532e-01
3.167527392374756001e-01
3.160905757256341486e-01
3.166934597476336322e-01
3.156797991754336508e-01
3.150236899405234325e-01
3.154207938303716929e-01
3.150418299531703159e-01
3.141077328594784612e-01
3.134582845556871389e-01
3.132313936437169932e-01
3.125240033084366598e-01
3.116550450946893314e-01
3.107385694123535602e-01
3.111199506145655436e-01
3.106011367440864035e-01
3.098128264910253726e-01
3.096344501806527205e-01
3.087992467763646109e-01
3.086430403488323870e-01
3.077647086771394536e-01
3.071707384940336460e-01
3.061462120494609085e-01
3.048764283742448900e-01
3.035424198974805421e-01
3.040147682901628290e-01
3.028245087824599224e-01
3.015568505602365112e-01
3.018686917129960179e-01
2.999777099921556722e-01
2.985689857731672614e-01
2.980651479292064643e-01
2.965232949466930501e-01
2.959714671147387621e-01
2.942817160708541824e-01
2.935964082798321328e-01
2.917256676262450776e-01
2.916256423083409821e-01
2.897100834542516434e-01
2.902714949153640811e-01
2.872938015847117388e-01
2.851483615443015651e-01
2.847952493270721197e-01
2.825438297304361246e-01
2.801156348288734721e-01
2.772572157323632824e-01
2.778976328121740558e-01
2.752783557728264441e-01
2.724656370658591342e-01
2.720923590501500566e-01
2.691623496842003860e-01
2.690417662007547062e-01
2.660521653860814517e-01
2.643000531014536580e-01
2.608619384180275169e-01
2.573455118735141767e-01
2.530376108072210917e-01
2.540856195522973593e-01
2.494905624758596563e-01
2.451215227134034835e-01
2.461610247871657275e-01
2.386945155338908720e-01
2.336190548808403378e-01
2.339632064857337657e-01
2.305498264410013043e-01
2.277965455060158018e-01
2.241205477102654609e-01
2.208671385001451659e-01
2.219216191621147249e-01
2.207378836924581700e-01
2.185909228249330871e-01
2.162967026385078650e-01
2.141488965593028038e-01
2.142619145982619377e-01
2.113422085191489774e-01
2.095160599386871603e-01
2.104283174929312272e-01
2.089571102614826703e-01
2.077215680552967347e-01
2.045757514014674427e-01
2.027937610471985952e-01
2.052256640279594979e-01
2.040578288975734012e-01
2.019389692031701156e-01
2.008882667167708469e-01
2.014720298084120564e-01
1.995371798635239280e-01
1.985985117505522091e-01
1.988655737681958025e-01
1.986408043555195624e-01
1.965510883826691035e-01
1.957612385798419563e-01
1.962756906104842214e-01
1.952215167118706018e-01
1.945475412323750541e-01
1.962352394120392418e-01
1.946014800229012298e-01
1.940168206419333741e-01
1.936395971143674011e-01
1.943818487397898087e-01
1.928452139003348220e-01
1.923931130570484260e-01
1.931081487941180841e-01
1.934665069089778200e-01
1.915770804691765417e-01
1.910851417214722847e-01
1.922108743948135468e-01
1.919996006134396804e-01
1.923666084975639290e-01
1.910430511914272822e-01
1.907602886001846798e-01
1.911173820458157424e-01
1.903960825803170387e-01
1.900954280817296338e-01
1.899976279501964793e-01
1.896752029807491358e-01
1.904222011508130974e-01
1.893249569839079438e-01
1.889551654038863493e-01
1.889572650730285686e-01
1.884854170091164738e-01
1.881215153337344459e-01
1.882815440185454658e-01
1.885846758943866552e-01
1.875998925809985174e-01
1.872523119915685541e-01
1.869770684899978441e-01
1.865682049990803337e-01
1.866047590419409596e-01
1.862292510601417650e-01
1.858582047349128796e-01
1.861029352842560325e-01
1.859783397837893038e-01
1.849890635960913521e-01
1.845423292648932234e-01
1.848023004009962111e-01
1.839519008815087009e-01
1.834888278042021703e-01
1.837653769841293139e-01
1.836547237162404755e-01
1.832742756665605155e-01
1.829532777145852496e-01
1.827694731240353532e-01
1.824232751055219204e-01
1.817724411190067002e-01
1.812600260853777234e-01
1.810647900251787235e-01
1.805473868591500608e-01
1.808222025188027660e-01
1.808989786533001798e-01
1.803704454923766853e-01
1.800027690943328817e-01
1.796676528825389418e-01
1.792639907311648351e-01
1.788450961002958639e-01
1.783973485388634650e-01
1.792122676790087743e-01
1.776003559695235046e-01
1.772836521343622573e-01
1.780040181639643837e-01
1.773374292901677141e-01
1.768782033309831414e-01
1.765635909522456082e-01
1.760722243884532690e-01
1.756945109558419871e-01
1.762710755193626078e-01
1.808257492365641372e-01
1.784750361281948194e-01
1.761716864397560034e-01
1.752817850736538841e-01
1.750272315275704926e-01
1.754394730596982033e-01
1.852594611966322802e-01
1.772855377037119151e-01
1.752750086831358356e-01
1.743704106831389655e-01
1.756458491776161646e-01
1.744199223992703995e-01
1.770326819024420351e-01
1.760550314036075648e-01
1.749388382594944114e-01
1.827314014996511693e-01
1.757745247980886383e-01
1.741300250324500087e-01
1.739498338221215912e-01
1.800867513188180169e-01
1.754235233725419674e-01
1.739885272447838638e-01
1.745898070448008710e-01
1.738648952416674831e-01
1.737293163246906857e-01
1.757466464573783638e-01
1.749580282678501186e-01
1.739350869447876535e-01
1.735997764266575816e-01
1.734594480352538159e-01
1.812853152989570837e-01
1.746334391988265677e-01
1.754269471688936211e-01
1.744238397091080195e-01
1.813785954464279815e-01
1.744038627452140222e-01
1.739064610231777497e-01
1.734425613115057052e-01
1.733287140819557148e-01
1.832502940082104681e-01
1.742013956820750442e-01
1.733814220462459588e-01
1.749497344528100351e-01
1.740167947334215759e-01
1.734302715430280362e-01
1.749648035310964467e-01
1.738460813512568981e-01
1.732905098407502287e-01
1.732312328422229708e-01
1.824273815974426505e-01
1.737895058599092657e-01
1.733862287313729933e-01
1.731392325581597724e-01
1.730749462212525236e-01
1.754513699802358051e-01
1.736411835193429898e-01
1.730422180412369837e-01
1.729733609744746881e-01
1.729263924408724895e-01
1.728592695920538880e-01
1.729589756487883712e-01
1.729646771225977764e-01
1.728261158615156390e-01
1.727729093437698760e-01
1.726801221896644423e-01
1.726549947254445438e-01
1.726766667402550581e-01
1.725304521017272386e-01
1.724668731070362337e-01
1.725113884425037991e-01
1.724994992923571946e-01
1.762577380094932922e-01
1.728626002616359125e-01
1.734765848710482228e-01
1.728529494702393254e-01
1.739973704603545723e-01
1.727951142794301731e-01
1.724915246685665426e-01
1.723827463685592143e-01
1.723318620273275315e-01
1.724059686196210972e-01
1.722593233666798174e-01
1.722147226081962579e-01
1.721709823342383316e-01
1.723853470005560773e-01
1.722076065959557978e-01
1.736375101046048197e-01
1.724546271754689997e-01
1.721807846668801378e-01
1.724136109970220154e-01
1.720629149794589141e-01
1.720211861395295472e-01
1.725227679831551342e-01
1.723648943836921799e-01
1.723389064805398441e-01
1.721338709306771131e-01
1.720553967232704151e-01
1.719867889143191775e-01
1.719491931166818866e-01
1.719353960247175239e-01
1.718964253047287061e-01
1.719409347777741681e-01
1.718832882429910391e-01
1.718471832969151736e-01
1.718390705193905132e-01
1.718011639272043478e-01
1.718017763970342004e-01
1.717286765436023543e-01
1.721553675069018574e-01
1.716970162463131722e-01
1.716603502072819865e-01
1.716505201330619235e-01
1.716116731588559485e-01
1.716434542835557631e-01
1.715840641262684763e-01
1.715486000137849132e-01
1.717419880396477971e-01
1.715300627899140062e-01
1.715041708037983170e-01
1.723091857460455900e-01
1.717456332851720058e-01
1.714828959779318707e-01
1.714533815280767648e-01
1.714364902221121589e-01
1.714032090797246166e-01
1.715784668552705616e-01
1.713975506395282178e-01
1.713718260509193847e-01
1.713979465781128031e-01
1.713548915396839734e-01
1.713297451150588291e-01
1.713325618436327691e-01
1.712866453401221678e-01
1.712668169955973152e-01
1.712620383698084670e-01
1.712411915165903409e-01
1.712313627830348572e-01
1.712083253700265040e-01
1.712111603594924647e-01
1.712152309450375443e-01
1.711817057831803712e-01
1.711668207752742310e-01
1.711679580615176333e-01
1.711668207752742310e-01
1.711588103276187045e-01
1.711738850521888899e-01
1.711668915067385832e-01
1.711736459834748425e-01
1.711660932457924611e-01
1.711726339608260483e-01
1.711694832476852168e-01
1.711683057441775180e-01
1.711617868354722294e-01
1.711588103276187045e-01
1.711604743501308201e-01
1.711654739037847817e-01
1.711581280888982981e-01
1.711651470245895146e-01
1.711595965014871545e-01
1.711666146083392626e-01
1.711593486040355883e-01
1.711661955032321991e-01
1.711566795229000348e-01
1.711554378981238189e-01
1.711554378981238189e-01
1.711612492706717781e-01
1.711620050299651474e-01
1.711534688116068681e-01
1.711569352774370278e-01
1.711533280513161115e-01
1.711611492782152411e-01
1.711514109733194289e-01
1.711629830252403561e-01
1.711517985036830058e-01
1.711514109733194289e-01
1.711526509450862488e-01
1.711565986970988718e-01
1.711508124571915479e-01
1.711579309237474256e-01
1.711514718425997117e-01
1.711574194782354841e-01
1.711517271274507479e-01
1.711569503242863499e-01
1.711503227284135731e-01
1.711496883524659118e-01
