5.286366563617694858e-03
3.656797048422477658e-03
6.536045215458363700e-03
2.736945858110018115e-03
1.457317556006865189e-03
7.032800060053912006e-04
5.910722013713343159e-05
3.587921736930566041e-04
2.784474027548666797e-03
2.412059854330905750e-04
1.412984515711812605e-03
4.507289203714570647e-05
3.326973310764369529e-04
7.385190058539770064e-05
1.218546028689537764e-04
3.843676737158574497e-05
3.434295118365238153e-05
8.441764563338338689e-05
2.454703959464676899e-05
6.193922385966388333e-05
3.055628654657915888e-05
1.746135800551051886e-05
5.677351413047038164e-05
1.413476928452395143e-04
8.919221907710550568e-06
8.590268003816348141e-06
2.265669598167097121e-05
