7.810308657233657748e-01
7.984863706335088018e-01
7.691059922319885001e-01
7.576633515998691948e-01
7.458304595519318347e-01
7.336815262115542469e-01
7.189196205643892945e-01
7.391660131701922598e-01
7.307992680499646454e-01
6.920790945100772085e-01
6.631296413830739533e-01
7.066301912192698431e-01
6.232925933533531859e-01
5.651656360277568236e-01
5.074914327018988924e-01
4.143226215251830657e-01
2.765453684198236894e-01
1.569148806472855373e-01
1.021134851183399528e-01
1.690952660566230614e-01
2.009584199389908843e-01
1.060904280210224204e-01
1.431516331083400040e-01
1.050906009765220084e-01
1.563664434335912956e-01
9.212133680301815009e-02
1.044061829168462241e-01
9.390408847621334321e-02
9.764849055003144151e-02
9.080687941352949544e-02
1.136767278649242208e-01
8.925715132520473105e-02
9.111728749336489575e-02
8.965499299933199495e-02
9.237156889008557581e-02
8.951547633230516610e-02
