4.785086816692400991e-01
4.787145643422284769e-01
4.941472985298392961e-01
4.612754528548106414e-01
4.422802093115693056e-01
4.416060403797148481e-01
4.202226992645828885e-01
3.752914735817636238e-01
3.126745703469492321e-01
2.837952165850872177e-01
1.955430470215766547e-01
8.838305249134659203e-02
1.148179573507612794e-02
1.703208049898363718e-02
1.717120799897480232e-01
2.876068112803353838e-02
4.462523881654512081e-02
1.049737481180779142e-02
1.801785107359954452e-02
2.025150040409084973e-02
2.148394630977090713e-02
1.415024048371948950e-02
1.333042032346387629e-02
2.072152913713787292e-02
8.063156319602970967e-03
2.042757432860420330e-02
6.204513955825330385e-04
3.963251282672497489e-03
1.535618234260127668e-02
3.252888532641273756e-03
6.089552494835004381e-03
1.226901474305486239e-03
5.509971056653406585e-03
1.216994040117658216e-03
1.792345866322264669e-03
4.531299853985926163e-04
2.360587542167835728e-03
3.489696674718878455e-04
5.122164331643475066e-04
2.319087531916785849e-04
1.021755507025989829e-03
7.978738724623291034e-05
