4.785086816692400991e-01
4.651667044712164412e-01
4.673637127080758624e-01
4.530242159602980712e-01
4.388726135052749555e-01
4.367701565232556815e-01
4.202908161879428395e-01
3.890652328240072899e-01
3.445614346675353046e-01
3.232112021547061120e-01
2.593097300503569569e-01
1.742027470370256514e-01
6.256560012775858048e-02
1.031602396162212276e-02
1.578535818313064887e-02
8.887896611208923048e-03
1.700147753456061617e-01
2.940506790288799355e-02
1.261704140781905181e-02
5.095082435396247611e-03
6.256560012775858048e-02
4.600924150037988269e-03
5.840623738775485574e-02
3.597113122204564917e-04
5.455232972944401570e-02
2.401978571521246053e-04
6.774665879677177482e-02
3.879870343450830816e-03
1.724514966861034893e-02
2.187100748974390996e-02
2.249375419711707735e-03
5.840623738775452267e-02
1.665403364424111743e-02
2.436373535995484119e-02
1.010917975020464432e-02
1.051074223679848707e-02
5.877884190527149499e-03
4.445992575415669279e-03
1.636510849861050332e-03
4.336895984627608946e-03
6.860913521360423317e-04
2.012315940471687270e-03
6.963185789676806792e-04
1.128183987657127574e-03
2.331907864956406229e-04
1.177610744209633964e-03
2.270134596329409504e-04
2.336446711697082179e-04
1.157534401587945183e-04
5.725955725712772448e-04
3.044183048173110251e-05
1.424167247805474545e-04
4.974553601100328848e-05
1.964408787813454182e-04
3.789934049436283203e-05
5.714081597152365077e-05
2.298908038589342340e-05
