9.736910538037644169e-01
9.735922824243591345e-01
9.738463702313956416e-01
9.737131637645949356e-01
9.737051739388018490e-01
9.736143876392095997e-01
9.736375434973536525e-01
9.736934702662585206e-01
9.736633360821873584e-01
9.734805504862257264e-01
9.734346223202064996e-01
9.734346223202064996e-01
9.734636460002743519e-01
9.731924317452512740e-01
9.735658478490453183e-01
9.735313052072790407e-01
9.733812603238671812e-01
9.733861125818851212e-01
9.734071976945828375e-01
9.734766900072482354e-01
9.732521860546676784e-01
9.731924317452512740e-01
9.731834738549717256e-01
9.728018791447118341e-01
9.730905177522780614e-01
9.731211315404264539e-01
9.732573216705195929e-01
9.731727826901299672e-01
9.732132906255781535e-01
9.732694237108076019e-01
9.729887643015751042e-01
