9.753328061254639136e-01
9.753507881664348345e-01
9.751587286450156267e-01
9.753725932579594415e-01
9.753385016288238507e-01
9.752554402536797173e-01
9.751699035067079580e-01
9.752002086558174687e-01
9.752757393696075416e-01
9.751477659466099013e-01
9.751195889936428163e-01
9.751195889936428163e-01
9.735974829716733669e-01
9.739474494212636557e-01
9.758720162932037478e-01
9.753894342281788088e-01
9.755158736877040937e-01
9.762196770319712114e-01
9.749768120266317784e-01
9.743094005449218775e-01
9.734328949636894546e-01
9.730728979415981250e-01
9.730838346181343024e-01
9.728361675708224743e-01
9.724907398926612156e-01
9.722248408618803239e-01
9.718149087493966887e-01
9.716619755462539976e-01
9.712129617887516053e-01
9.708408256056590968e-01
9.703002782623667555e-01
9.705279855708109915e-01
9.700297110513402821e-01
9.695193409199046597e-01
9.693537393524037649e-01
9.687998549393220804e-01
9.688018183510076486e-01
9.676940377232712276e-01
9.669854798692246733e-01
9.669003235535623686e-01
9.661634218372909810e-01
9.661727220362951174e-01
9.655146499576198194e-01
9.647645518453049629e-01
9.647672736756117695e-01
9.635611306706457491e-01
9.626682349747144318e-01
9.626405310967957041e-01
9.617302359251200805e-01
9.615849369026634452e-01
9.606282645114474494e-01
9.594182888176607804e-01
9.581563917042734690e-01
9.591609434667862644e-01
9.582188656461233522e-01
9.561094160371508277e-01
9.547589344414488810e-01
9.550622932451802161e-01
9.524525286360028264e-01
9.507826398315714078e-01
9.517332665648160495e-01
9.501316044837840868e-01
9.485727895534663556e-01
9.482005482701540977e-01
9.465274159127472497e-01
9.465385138724559111e-01
9.444927079346059351e-01
9.426412791070787334e-01
9.403787834714263383e-01
9.379394446581420519e-01
9.394673043334786922e-01
9.356683995668365617e-01
9.330527980431793100e-01
9.342523603059466053e-01
9.308923210208607246e-01
9.281776281841593867e-01
9.280441232830893838e-01
9.252480201646977598e-01
9.247302493014157854e-01
9.217559197923436143e-01
9.179796778144904135e-01
9.140105174718069492e-01
9.149774541092435820e-01
9.121277702434493762e-01
9.083816526711211425e-01
9.059412440349701168e-01
9.015175543517283119e-01
9.015720956619206472e-01
8.943382535575649106e-01
8.889531568121247229e-01
8.896957338361918266e-01
8.834885391381342989e-01
8.777125759206673150e-01
8.757937301997508195e-01
8.694590287733539036e-01
8.717596812122921923e-01
8.615253944624082783e-01
8.552423500198187423e-01
8.542878001434668356e-01
8.481672789098361198e-01
8.503159962352448975e-01
8.419550885416527963e-01
8.379831081471862397e-01
8.369865548884005690e-01
8.327894740822756603e-01
8.289413642924394754e-01
8.254736905221674581e-01
8.276890901529541100e-01
8.251795390446153844e-01
8.228873191153077693e-01
8.197141083507076820e-01
8.176232339632076851e-01
8.187081074036280937e-01
8.168358984783015142e-01
8.157533741136921979e-01
8.155112616699274897e-01
8.149063041833293219e-01
8.144967846313128090e-01
8.142088860614168366e-01
8.144098113468414279e-01
8.141002295014765355e-01
8.139557549525229252e-01
8.139388336469937091e-01
8.139001639719513070e-01
8.138373665312627070e-01
8.138354452346107104e-01
8.138385194913010379e-01
8.138354452346107104e-01
8.138354452346107104e-01
8.138354452346107104e-01
8.138354452346107104e-01
8.138354452346107104e-01
8.138354452346107104e-01
8.138354452346107104e-01
8.138354452346107104e-01
8.138354452346107104e-01
8.138354452346107104e-01
8.138354452346107104e-01
8.138354452346107104e-01
8.138354452346107104e-01
8.138354452346107104e-01
8.138354452346107104e-01
8.138354452346107104e-01
8.138354452346107104e-01
8.138354452346107104e-01
8.138354452346107104e-01
8.138354452346107104e-01
8.138354452346107104e-01
8.138354452346107104e-01
