9.247931889406783013e-01
9.434354504741847558e-01
9.334747314323508238e-01
9.392535391323091343e-01
9.223573308188971476e-01
9.267868374474985682e-01
9.188378461065227487e-01
9.079849730229543336e-01
9.175046352079152534e-01
9.339759859891371141e-01
9.042359791472341923e-01
8.990284902349789942e-01
8.963217418813275161e-01
8.899494500948632592e-01
8.971329293100885893e-01
8.845582199701066406e-01
8.775262661776374040e-01
8.841030785415816551e-01
8.759477683847286533e-01
8.694616855065632199e-01
8.661430128700174924e-01
8.586918946733558267e-01
8.536987763210243108e-01
8.446324832196202559e-01
8.405960894735385880e-01
8.306176043487958349e-01
8.314193536113405614e-01
8.260424076887887823e-01
8.161990464931656586e-01
8.045942673251652577e-01
7.913937956878018820e-01
7.958884521716504956e-01
7.785127691258280080e-01
7.642497989101173506e-01
7.610207198338059253e-01
7.457209157369141250e-01
7.388971367843404359e-01
7.213565007511304472e-01
7.184587706008425112e-01
6.996063726321856135e-01
7.046771550937185324e-01
6.885695655242001223e-01
6.700303283901798412e-01
6.445142620014321366e-01
6.193852729722055805e-01
6.186571295900096246e-01
5.926960854802902912e-01
5.931519899818478159e-01
5.544363843253292679e-01
5.243065060354159534e-01
5.282126408496155001e-01
4.959045934822555735e-01
4.638001237300409807e-01
4.663940054879635033e-01
4.282523017152419786e-01
3.936930491740919802e-01
3.591041687135450022e-01
3.162190100378189372e-01
3.109046683139969902e-01
2.663602588666910131e-01
2.951925237110417655e-01
2.523701693818222180e-01
2.115742032271408224e-01
1.595887692209833064e-01
1.075806635946395806e-01
1.387410948798671884e-01
5.673586967136234893e-02
4.341696245435899826e-03
1.288602015280659874e-02
8.852925743677597659e-02
1.187353195976235121e-01
1.339118876826643767e-01
1.977490579255007930e-01
2.792875586488992035e-01
1.829342458499596535e-01
2.195432631614320229e-01
1.428420044567380032e-01
2.619982363375804590e-01
1.318399531219209830e-01
1.980615434783483675e-01
1.244689330764700008e-01
1.571764397112755951e-01
9.554705800435081553e-02
1.672226683947213299e-01
9.152162318838807931e-02
1.562193093402828303e-01
9.065514802762986157e-02
1.660269313372253475e-01
8.810047639193752111e-02
1.417655769650836284e-01
8.358468936984586595e-02
1.488526576312050320e-01
7.895998285522920490e-02
1.201092387779301163e-01
7.232924714902966290e-02
1.117124801970303949e-01
6.308129755145708284e-02
1.162394949107217190e-01
5.948659917844778544e-02
9.960854735208524158e-02
6.207836420481971373e-02
1.023976023814379133e-01
5.959209628804873482e-02
1.100445039074808840e-01
5.849273254407538758e-02
9.477002014681734643e-02
5.620528436718674747e-02
9.918578598769767218e-02
5.229455333583565846e-02
8.041195946049417564e-02
4.871177847209318124e-02
7.364950199170161582e-02
4.175544776910500300e-02
7.357167888895055352e-02
4.159485347207647621e-02
7.460027940654845313e-02
3.920148895781294662e-02
6.599948075964223726e-02
4.015102231594480653e-02
7.406053246806332258e-02
3.847982748141864917e-02
6.212477021274565026e-02
3.804391276285623569e-02
6.722084829728025568e-02
3.432935529321978763e-02
5.255793619343696044e-02
3.306767084210460172e-02
4.719528289285723766e-02
2.792143308020234027e-02
5.106542604593933277e-02
2.756536909362994336e-02
4.573999721945654073e-02
2.692486078441802544e-02
4.808745820063997645e-02
2.592535298705489488e-02
5.024701343190429714e-02
2.500361039574849897e-02
4.031547531591850309e-02
2.601465557050675059e-02
4.590039381524768647e-02
2.224030797629761302e-02
3.395233681846043794e-02
2.271849349348376013e-02
2.979668003687918620e-02
1.895916572366440622e-02
3.572924586649239842e-02
1.796939489851556715e-02
2.872322046587605371e-02
1.835414157414672065e-02
2.960773758077661633e-02
1.747232021372968624e-02
3.194850740141830236e-02
1.712305205296882349e-02
3.271675404945917354e-02
1.620820134254707945e-02
2.343772243245334508e-02
1.559695675304040297e-02
3.008543384969342149e-02
1.435370604125973948e-02
1.854966698785176504e-02
1.291343846459835909e-02
2.496473446362235116e-02
1.166608330315110909e-02
1.792366246419729858e-02
1.237808119506023097e-02
1.860821011614355314e-02
1.189112306901862759e-02
2.240375208619060921e-02
1.114470033667536164e-02
2.244385354365530105e-02
1.031998338950934624e-02
1.476616684406062419e-02
1.022781759713553562e-02
1.635630080917405138e-02
9.818391883001265086e-03
1.502572166901938733e-02
8.656273435581063325e-03
1.482368086407737096e-02
8.464068454849260625e-03
1.587169785519537690e-02
8.048926798778777147e-03
1.599865880875150914e-02
7.561611923437627780e-03
1.653384432923821201e-02
7.256845291626845551e-03
1.022642423597830419e-02
1.388146540254842076e-02
6.666800843365239260e-03
1.447826482002623205e-02
6.471103154227275667e-03
9.492497409478772852e-03
1.071490182743684016e-02
6.765841700481223242e-03
1.094241133907603025e-02
6.438396594668382988e-03
1.033601716329690667e-02
5.757011706923220729e-03
9.560208632656053140e-03
5.616247425080156397e-03
1.003671596650401732e-02
5.280393972955543802e-03
9.878872938173577367e-03
4.850360610311077458e-03
1.002957800661041787e-02
4.552705464981210426e-03
6.467448104127693220e-03
9.195385191501870281e-03
4.272832511631241559e-03
9.384686315742962748e-03
4.052200077895085073e-03
5.697806608002009554e-03
7.339453437241849620e-03
4.374822705426106850e-03
6.804677545360515722e-03
3.839320032807291838e-03
7.375481294458086090e-03
3.753216246364488029e-03
6.017657147539656748e-03
3.787700214347933247e-03
6.197115737582858941e-03
3.521897345636237908e-03
5.938875700596035756e-03
3.168299115959838375e-03
5.905873259716143409e-03
2.912633890185034602e-03
4.588117232570687598e-03
3.033481835937656967e-03
2.747022605098070613e-03
2.828268627132368707e-03
3.106152929709171673e-03
4.700593655118101566e-03
2.776331010004184918e-03
4.599238970526720038e-03
2.579119903844295791e-03
4.458045191344073288e-03
2.504057367386458566e-03
4.404657224172714436e-03
2.513506289861799914e-03
4.107139499733403198e-03
2.325519677445653244e-03
4.018812158875340046e-03
2.059191025263307218e-03
4.216262096613521138e-03
1.983198854356271745e-03
3.089693796433867767e-03
2.114211486904160608e-03
3.990860846024846253e-03
1.846651527725895470e-03
2.845081274342797784e-03
1.956546784921187054e-03
5.544395368019316983e-03
2.119906275121818950e-03
2.955204475612371873e-03
1.747509152020709777e-03
3.017153668697258873e-03
1.671727175851955849e-03
2.894390106218169834e-03
1.668282479762583925e-03
2.847163096603377852e-03
1.521293860512029639e-03
3.603997221408805629e-03
1.540919417706065886e-03
2.549877867170535772e-03
1.405917766886810583e-03
2.398068747769821485e-03
1.375225957579218061e-03
2.454410222447522827e-03
1.301721058509786033e-03
2.242509230130029785e-03
1.326184447030698266e-03
2.298787373139710155e-03
1.210484306359838058e-03
1.967100595686277487e-03
1.186108750919068200e-03
1.980177000178273694e-03
1.115124364237551902e-03
1.963628806403328042e-03
1.108678264809870306e-03
2.381767058018402494e-03
1.075136579752111743e-03
1.780185840985160084e-03
1.012891261864989900e-03
1.676850893583936575e-03
9.369585261254087527e-04
1.620377622522095606e-03
9.161781485341746745e-04
1.595831585583851187e-03
8.849767074836645264e-04
1.533451595604695683e-03
8.672454519557115660e-04
1.518501894033352784e-03
7.922980855955552570e-04
1.323804565411035306e-03
8.052817762840280835e-04
1.313316885359183672e-03
7.446509280593094360e-04
1.316017784634748722e-03
7.362394814336425952e-04
1.513846841797117371e-03
7.388681794979756745e-04
1.195056270479666338e-03
6.736474368914668887e-04
1.109014746093706094e-03
6.253411633021510596e-04
1.087816360507032343e-03
6.093642165586610204e-04
1.052658844956755324e-03
5.912740845270825218e-04
1.030576520102854943e-03
5.767102465960016744e-04
9.512783886427289559e-04
5.380040662390506156e-04
9.437448738152109939e-04
5.264648827427720335e-04
8.741506534992726785e-04
4.975522599348636277e-04
1.033669102726064715e-03
4.945701686249748263e-04
8.193625040056051745e-04
4.979089404792969020e-04
7.946861952019546038e-04
4.484139156014643746e-04
7.411576666661590096e-04
4.170199464919033261e-04
7.221935623238362467e-04
4.056358539705762212e-04
7.031259292629155055e-04
3.945415581072531097e-04
6.836848823645880202e-04
3.838799340963872098e-04
6.367825164081963862e-04
3.589898165299310051e-04
6.252815995810845351e-04
3.502537659378912593e-04
6.288382466224096135e-04
3.253641160100295693e-04
5.482137835812750382e-04
3.378653735210956910e-04
6.292630219599804065e-04
3.345377902099766487e-04
5.330819479691939478e-04
2.980307198519049905e-04
4.904074683037551452e-04
2.785987552280655422e-04
4.845783715112794710e-04
2.694929446086513636e-04
4.645441951104389844e-04
2.637492552619580266e-04
4.591326864460398838e-04
2.549659551965843818e-04
4.205572062510043452e-04
2.400979045225071218e-04
4.202577119307715492e-04
2.324309125028012346e-04
3.943171807349044045e-04
2.260399283979808160e-04
4.371075588025519210e-04
2.218622667622405231e-04
3.649404671737244144e-04
2.197670902166493079e-04
3.546761252055663505e-04
1.981081587231203756e-04
3.274867465747899331e-04
1.861018328921382192e-04
3.219840598278622679e-04
1.790656179347926980e-04
3.102598207812556907e-04
1.762541404515260979e-04
3.048600390300748586e-04
1.693817866208480183e-04
1.693817866208480183e-04
1.795638943561339573e-02
4.649266975364341192e-02
6.412011900531611186e-02
2.373802629390164842e-02
1.902210899202838590e-04
5.179537959099511646e-02
3.326946339045000478e-02
1.321573894349048484e-02
4.863616073485188540e-02
5.738106736680159692e-02
3.918253119994274947e-02
6.036612679077879573e-02
3.476197881550513458e-02
5.479309471865412284e-02
3.189214525705530434e-02
5.761869243443951127e-02
3.008171955166971667e-02
4.200327487774258017e-02
2.695791914953771240e-02
3.883535548356720213e-02
2.356956745206373327e-02
3.998640556663701773e-02
2.224399754420747222e-02
3.593407405046833425e-02
2.109003089453809210e-02
3.699891265191657119e-02
1.961588939340297433e-02
2.982689172923402854e-02
1.836776480542279266e-02
2.938928376191474179e-02
1.535116425130977902e-02
2.553776645723326855e-02
1.608847210359676261e-02
2.582127590891791780e-02
1.497858146157327042e-02
2.501023438968985602e-02
1.385621968599803910e-02
2.515604278844563169e-02
1.267267700254104401e-02
1.944425924672688044e-02
1.262619062327141606e-02
2.019522841684573411e-02
1.215585761371995588e-02
1.913223762214888435e-02
1.071782977691770888e-02
1.759936704831610577e-02
1.019107223639115212e-02
1.797157277309835433e-02
9.983783505598697872e-03
1.597791678456039755e-02
9.219307218112149371e-03
1.474968257967113061e-02
8.523289368414288525e-03
1.665067364273076223e-02
8.147579260141646351e-03
1.315006997840284519e-02
8.705148745972612900e-03
1.342927963193196739e-02
8.259054612055782840e-03
1.251391918098354594e-02
7.174342595159144409e-03
1.206224402310795973e-02
6.741122351455630657e-03
1.169929250948087418e-02
6.688890256094870423e-03
1.093391131348320222e-02
6.099202347354837350e-03
1.014492602683325639e-02
5.833048645187632886e-03
9.446299683655290380e-03
5.576903813944822375e-03
9.613030082316731395e-03
5.533577373723508330e-03
9.770058302313255894e-03
5.390605010120785856e-03
8.280404905960048190e-03
4.817047809470009767e-03
8.136657807088498728e-03
4.448872178674068145e-03
7.727229092655441001e-03
4.495268364268056871e-03
7.355398656323064444e-03
4.021342804000793691e-03
6.695849424317557030e-03
3.923645105607942440e-03
6.429540310325165819e-03
3.645250647153375212e-03
6.336775510589753857e-03
3.722780655792679028e-03
6.585582318911376021e-03
3.552001723248765508e-03
5.457930386254083999e-03
3.250168796784969061e-03
5.421855243011752812e-03
2.985058694536801838e-03
5.163035962373552223e-03
2.973125133838849798e-03
4.943546885972427418e-03
2.638950857828614716e-03
4.422049670886329942e-03
2.651946308962038756e-03
4.453244522865551502e-03
2.475452973719871608e-03
4.075224817398526156e-03
2.417106359492993128e-03
4.412629525396338792e-03
2.330772296695204915e-03
3.621966194035097786e-03
2.202643057757969203e-03
3.534896964674794084e-03
1.992213457454594661e-03
3.528187755606815301e-03
1.977135499699467225e-03
3.124270070770984731e-03
1.771779317341737325e-03
3.122182914093274420e-03
1.750812215118968673e-03
2.904944060945990891e-03
1.654842025388125748e-03
2.790588673603267011e-03
1.596195488563600939e-03
2.959257821566918523e-03
1.520049452114369259e-03
2.399840450131307534e-03
1.501520683552026725e-03
2.300447838586072713e-03
1.338801701727065918e-03
2.410264630780867279e-03
1.305605326048397963e-03
2.025983729350588902e-03
1.193560213462951936e-03
2.137291299912247311e-03
1.151702316035230211e-03
1.876842199998285388e-03
1.116570322378773739e-03
1.923656391742190053e-03
1.044652770013643206e-03
2.001680036954445185e-03
9.802843909322289662e-04
1.571939352237539111e-03
1.033732420413491226e-03
1.478015562123236037e-03
9.103770519827136809e-04
1.663092772938634667e-03
8.512291801583415918e-04
1.294537282169549997e-03
8.151783529828371400e-04
1.480091341351741363e-03
7.461502044653345322e-04
1.193296350948558349e-03
7.649136377452236957e-04
1.341349428272131661e-03
6.721888334644265939e-04
1.090227837270418831e-03
7.107051787293983125e-04
1.299403834276624536e-03
6.305625702496264751e-04
9.346701350010366838e-04
6.300946347528313396e-04
1.159352812281966294e-03
5.432956577918757191e-04
8.123356006800586115e-04
5.621640236678215885e-04
1.057079871037203134e-03
4.880321682343424783e-04
7.203480580793009125e-04
4.995693166240933181e-04
7.802848038833687383e-04
4.852901874159432083e-04
8.378976579170860362e-04
4.340560096762757780e-04
8.597661476203999342e-04
4.004639701298273735e-04
6.319738099406224663e-04
4.400619404023586867e-04
7.939969407275704327e-04
3.549112473365534370e-04
8.093222082334872169e-04
3.347811534136768685e-04
4.154713036876866994e-04
6.072423318869146769e-04
3.222513732039633538e-04
6.399408950695795184e-04
3.146730700800404179e-04
6.222894867914385841e-04
2.789230691888633373e-04
3.992540400652444532e-04
5.677376520709653818e-04
2.629761740298164341e-04
5.824701070911153522e-04
2.479227009309914465e-04
3.656030883770755580e-04
2.454233763951041425e-04
4.263070114238765029e-04
2.355474859300210611e-04
4.236031304689635846e-04
2.178169875866053928e-04
3.546700388674661752e-04
2.201695737820141829e-04
3.676595723360875922e-04
2.115994067526383304e-04
3.467170218197646037e-04
1.844195998745856713e-04
2.955632353691672876e-04
1.768412955008846765e-04
2.959093117707034537e-04
1.639782701201575321e-04
3.058800280886231349e-04
1.590527952947118351e-04
3.214005534859509794e-04
1.503929675830129042e-04
2.205723191198716293e-04
1.538166532490947702e-04
2.998416517214774757e-04
1.377567511130495248e-04
2.072691047818597809e-04
1.423350283519253523e-04
1.156510306064451044e-03
1.923031954560450174e-04
1.414617243227223042e-04
1.489582178595405537e-04
1.214205672634971478e-04
1.566506177107518383e-04
1.610634509907615808e-04
1.543345009991092809e-04
1.724909584368550242e-04
1.486303871094385443e-04
1.881257105524891671e-04
9.959929499565589595e-04
1.717692114726609987e-04
1.194525170680194037e-04
1.516928026503716609e-04
5.727972811504500328e-04
1.364280629556624547e-04
1.473780532068591498e-04
2.094998266570780032e-04
1.003379687849470514e-04
2.156477623671548827e-05
5.979886946549939353e-05
2.344824573750070584e-04
8.844091851323288012e-05
1.248320949498449295e-04
1.860091471220792769e-04
1.008795254919814255e-04
1.696971162477023398e-04
9.277176103028583753e-05
1.573530670428979761e-04
8.717199651453455544e-05
2.052532907282911268e-04
9.849369086745163315e-05
1.477271257805945481e-04
7.943676676847033491e-05
1.497318604963826516e-04
8.514352975774741594e-05
1.460853706648501671e-04
8.159457519307800055e-05
1.306476799141087497e-04
6.781500224550818245e-05
8.810574442819074648e-05
9.981655856250437608e-05
7.192970559244393769e-05
1.358105056998848426e-04
5.610547060574955225e-05
1.264466986128365278e-04
5.106336861193661036e-05
9.065753010506494292e-05
6.735918381739480765e-05
1.259829163082759607e-04
4.996767656584299999e-05
7.987098510475743041e-05
1.122533644420942167e-04
5.723938491830615760e-05
8.015136246619647409e-05
5.055775810580698248e-05
1.057030396933722471e-04
5.110496340521297753e-05
7.515222613063698986e-05
5.000825836920519407e-05
9.215107238946806945e-05
4.795174159055726193e-05
8.316738557045955105e-05
4.568376474689550548e-05
8.016480220285338021e-05
3.858537117129579030e-05
5.362134236475135651e-05
3.921327327249812811e-05
7.760134495260473386e-05
3.128764299031860929e-05
5.956481541757874254e-05
2.872765241401786795e-05
8.065505288978869203e-05
2.929478463276069533e-05
3.279041216774913892e-05
4.713436406311721782e-05
5.037911473582123989e-05
3.846554349196118494e-05
5.159789786546298274e-05
3.731329876965894243e-05
3.077478802671063107e-05
4.062535204818473744e-05
2.723375038904407575e-05
5.745165095172310998e-05
2.764718412917588353e-05
5.598708527965179371e-05
2.670528820281070637e-05
5.555752858055207355e-05
2.527273204799840300e-05
3.413571756727407092e-05
2.208717799700998796e-05
3.298122575623452235e-05
2.061294693500581587e-05
3.810759182631962005e-05
2.023247899474167610e-05
3.845045320471918160e-05
1.888210830724990075e-05
1.935883278481043135e-05
3.300313046228353642e-05
2.194297944169143477e-05
1.993243451847703795e-05
4.247372324484022243e-05
1.926204921387508762e-05
3.012082718867326037e-05
1.689490508072211128e-05
2.034039214882099600e-05
3.036221227104007880e-05
1.683560601040134941e-05
2.248105889268714463e-05
8.650520282982299136e-06
2.276023375835656282e-05
1.170455080234944489e-05
2.213011799878650265e-05
1.526860401135365919e-05
2.874840277833357050e-05
1.196418107352048565e-05
3.336030250289390153e-05
1.178259746570375910e-05
2.640647191665124183e-05
1.555566411370890023e-05
2.237832379503590374e-05
1.483355205134095911e-05
2.796917707681423337e-05
1.099418536076868236e-05
1.108562693308279279e-05
2.256664246058637247e-05
1.208137715069668161e-05
2.220984834133687968e-05
1.102285964438287635e-05
2.037645994168446606e-05
1.041710296267872593e-05
2.261544878146004578e-05
1.007908033590076968e-05
1.879230069123938307e-05
7.928294000203450764e-06
1.003004605903967672e-05
1.649905085598923904e-05
7.433728569261610630e-06
1.082323299317344834e-05
2.104291462168283999e-05
6.015579542273385982e-06
4.567612612804694550e-06
6.382869620735753813e-06
1.482426983234752527e-05
6.007094581206295913e-06
1.335339353536468820e-05
8.734595251080889966e-06
6.876763020247089742e-06
1.498749019723799591e-05
7.369265045298334371e-06
1.183986044861473630e-05
6.885397506373180931e-06
1.345680097508683559e-05
6.119288173955794718e-06
7.785167358997924225e-06
1.039305808969714917e-05
5.293288583230193467e-06
9.508584798423314055e-06
3.703634258722665606e-06
8.473401185593587570e-06
4.998250676346849275e-06
9.475791292845592295e-06
4.894373102137805631e-06
1.110040295981828962e-05
4.623092379363313853e-06
6.758978032150864124e-06
4.776199206357745197e-06
1.090459966290868721e-05
4.640393675758858194e-06
7.733001693877028515e-06
3.817024688212988792e-06
8.517360108983851319e-06
3.766610844113671419e-06
4.951466145985961020e-06
5.539821228639496553e-06
3.375876547084821766e-06
5.643948538747167731e-06
3.274051610380190880e-06
5.862446237236973445e-06
3.270512792363788890e-06
6.209102440979386017e-06
3.147172665141084735e-06
8.223193975975817693e-06
3.149407939773141152e-06
7.904834737337829154e-06
3.013437264387519576e-06
3.973111817989760652e-06
2.722649741215832364e-06
4.638406868595623678e-06
2.464660685097541659e-06
5.107678586080410810e-06
2.407292032935437476e-06
1.756207483660787716e-06
3.126751298543339885e-06
5.306338054067438748e-06
2.033464777784210753e-06
5.535958760294334979e-06
1.925992220153105450e-06
2.550740393791883776e-06
3.447898118458248007e-06
2.176141257193009437e-06
4.244914405093780374e-06
2.188286670756767194e-06
3.621858353120011031e-06
2.003719088872202292e-06
4.612210435017694010e-06
1.870000793324777533e-06
2.388880552262051538e-06
3.616355227942236183e-06
1.511204914539376887e-06
3.284688565585724973e-06
1.402928245353152192e-06
2.191150681896125718e-06
1.401504797216013287e-06
2.841684898391427794e-06
1.518166328429160217e-06
2.603450410254559699e-06
1.451972791777222938e-06
2.237087568746076727e-06
1.341446845715132952e-06
2.383395032334867381e-06
1.333491225219418652e-06
2.177560208149742493e-06
1.277124260345985363e-06
2.876850850319634390e-06
1.297353206863860464e-06
3.583427908515623983e-06
7.132261115039284505e-07
2.160543428053607329e-06
9.965693459346169902e-07
1.455293644037070067e-06
1.033710732123438447e-06
1.476461400473638719e-06
1.005456273350802121e-06
1.414659425380548896e-06
8.541257761063292264e-07
1.900384992925552297e-06
8.703782014007899193e-07
1.940437755587609558e-06
8.135421977195633758e-07
1.108163074858836694e-06
1.958277917268880230e-06
8.836765592601381059e-07
1.346679607161505032e-06
8.554378364555859093e-07
1.317179813886681927e-06
7.373862692672261687e-07
1.253410988444336738e-06
6.927851319282751774e-07
6.927851319282751774e-07
3.029922044283173133e-02
4.679317831733365018e-02
4.898317135362062480e-02
2.979452903064383484e-02
2.519779178771219819e-04
4.406552695085141913e-02
3.810000232754617855e-02
8.556832234377309554e-03
6.215555151814100565e-02
5.638934684025298516e-02
3.872840645635022838e-02
6.412095134539219643e-02
3.164406152458598687e-02
6.453210974145706658e-02
2.955486545150765032e-02
4.198077971714908596e-02
2.876971525378535510e-02
5.233455837528178112e-02
2.505694269504221694e-02
5.416372056353724318e-02
2.412552595556838320e-02
2.833034554877267297e-02
3.753700045449592793e-02
1.934382686517033267e-02
3.194892578286112617e-02
2.058139768011502113e-02
3.875760110407711068e-02
1.896288852000882486e-02
4.064101802026431898e-02
1.812934459162429679e-02
2.670218537995006081e-02
1.827806078020266511e-02
3.358093423466135263e-02
1.624185577152514881e-02
3.409090540871784203e-02
1.529306264442675811e-02
3.192519675485450126e-02
1.266459136002162644e-02
1.429262478670212388e-02
2.190249079967476753e-02
1.256948177153138779e-02
2.290928999027030954e-02
1.194049551976950063e-02
2.414390008506850371e-02
1.162989895576260757e-02
1.691316517434449107e-02
1.133448527523239768e-02
1.651505337877834378e-02
1.050547430019688200e-02
1.711945892610333697e-02
9.743674321731621291e-03
1.534878103143422212e-02
8.433763319876330655e-03
1.439381490147706444e-02
8.366793202565836474e-03
1.477945825501314481e-02
7.830235388976536370e-03
1.532400402867550859e-02
7.487735203785650384e-03
1.207518673831031730e-02
7.841483284837247325e-03
1.167001033238779240e-02
7.157106547337255265e-03
1.172849271215659073e-02
6.559097962968385431e-03
7.928008946898934539e-03
6.825319775657923138e-03
1.033048822396342992e-02
5.502977281370613483e-03
1.126897029484186241e-02
5.551962812426980420e-03
9.474262776873576541e-03
5.200931869499658688e-03
9.096252230369916703e-03
5.240397145602981865e-03
9.233187555157229554e-03
4.924763647357388585e-03
8.107376079126704660e-03
4.835704799220019723e-03
8.450759571069887954e-03
4.477825374237132117e-03
7.873358748970105125e-03
4.482236636309533395e-03
7.658656048280865214e-03
3.787165770205991322e-03
6.457878798678873267e-03
3.670100190006575502e-03
6.558437358330282407e-03
3.435852743973177859e-03
5.806571270524640838e-03
3.522162985405419278e-03
6.191884920083046140e-03
3.222607062532967248e-03
5.365544468853067350e-03
3.282284700282467327e-03
5.485642852370187228e-03
3.012991552483912372e-03
5.328442458134352577e-03
2.973253455359814446e-03
4.908245622995965896e-03
2.575701772026928182e-03
4.394546785021047342e-03
2.434646428852715871e-03
4.115696798132839618e-03
2.357134402339422508e-03
4.132323451882191634e-03
2.278470615676653210e-03
3.827695364029271019e-03
2.198582651531388876e-03
3.884019348858069876e-03
2.134955589266795961e-03
3.578939394262570239e-03
2.027359472910550409e-03
3.588668866598698770e-03
1.966816409010085920e-03
3.185914704371795025e-03
1.750218598292718752e-03
2.966281681598514908e-03
1.607335170710211258e-03
2.703196065431123785e-03
1.585329651848876864e-03
2.793035810169985922e-03
1.502895569054030211e-03
2.509708543959709992e-03
1.480731463698647943e-03
2.628845473309215919e-03
1.406114849925699239e-03
2.327484481017383366e-03
1.370328305963175453e-03
2.431059885185993252e-03
1.292387280070639299e-03
2.062615726586836118e-03
1.193819496660752932e-03
2.016634910669834468e-03
1.052187099504608980e-03
1.760226722582802772e-03
1.075171824880483129e-03
1.902309809433955223e-03
9.820668541246080352e-04
1.630268741583673631e-03
1.006395168912321836e-03
1.793701784051027204e-03
9.165832146934560498e-04
1.501217864571136040e-03
9.346765881372842699e-04
1.661486222543473446e-03
8.393876000944988647e-04
1.323840959855937527e-03
8.219584187605377679e-04
1.212751042691473380e-03
7.263282851468488843e-04
1.307871550325412358e-03
6.904954150160902415e-04
1.126013801060143926e-03
6.812665292736941325e-04
1.232463379532422465e-03
6.432026289074910252e-04
1.037338163797030255e-03
6.344737892554075387e-04
1.160805497687933396e-03
5.986961463190221266e-04
1.134022886782215522e-03
5.366880508319571419e-04
8.518235612839930582e-04
5.727111067710399794e-04
7.666270800640306859e-04
4.988193935047124938e-04
9.133101312710500963e-04
4.446389599871425347e-04
7.075027910921072305e-04
4.696151055929576046e-04
8.644311948606819840e-04
4.124137177543563126e-04
6.456761042414882468e-04
4.392801974422155808e-04
8.178805475651529378e-04
3.818430557595009489e-04
5.780645005353246546e-04
4.002325186902577769e-04
7.488743189079105633e-04
3.393044174123671652e-04
4.710037759940721713e-04
3.223467124003898121e-04
6.181205214139673387e-04
3.039786556620072133e-04
4.610335899621897937e-04
3.054096578589682309e-04
5.857638173479839949e-04
2.828845070581564869e-04
4.188747457873898128e-04
2.848442795738703737e-04
5.527539769870637443e-04
2.567649756481937828e-04
3.773028108557952010e-04
2.619202216640470482e-04
4.657868651543051186e-04
2.151260264690035839e-04
4.772870514822002974e-04
2.001476278588043556e-04
4.804813492573778433e-04
1.845441719167117967e-04
2.370686190609205823e-04
3.614016445052659066e-04
1.852166641065355890e-04
3.088194573730440595e-04
1.929788275272237286e-04
3.014358263413452477e-04
1.759118974975493188e-04
3.219896825820134367e-04
1.702234172702432602e-04
5.289896236333468948e-04
1.787278834173289255e-04
2.414682691893599298e-04
1.631802274286719978e-04
2.304853535026740730e-04
1.461655135109873882e-04
2.308628610172558382e-04
1.342498815399828516e-04
2.354676980030889766e-04
1.276829094813969334e-04
2.111227649661540084e-04
1.242434019957938673e-04
2.224910779868860544e-04
1.216367630035852798e-04
3.020565535643005006e-04
1.277763379767815621e-04
2.179507082140652585e-04
1.159890323678691715e-04
2.282285078661905331e-04
1.105096036564390261e-04
1.686949971000384352e-04
1.120078649767819456e-04
1.588908824061707747e-04
9.902184352339471474e-05
1.563711966265923792e-04
8.970587142231867261e-05
2.022899078689688324e-04
8.870263182814142056e-05
1.651044783670396754e-04
8.316311022982247891e-05
1.322161643428909628e-04
8.469664119892250653e-05
1.371624235009250015e-04
8.159536054408444983e-05
1.435966665902510542e-04
7.662628144355920767e-05
1.259165651488203252e-04
7.528178840165988817e-05
1.398526293617807781e-04
7.308213070289504287e-05
1.094686560103586004e-04
6.674907499071291994e-05
1.059360770130357565e-04
5.957656185984205877e-05
1.302770154485433096e-04
6.126826737973267711e-05
9.876478958203982472e-05
5.633170763885697596e-05
9.992747387777001222e-05
5.547205987554981732e-05
9.461003632216247183e-05
5.424702918777057903e-05
9.238049168525108712e-05
5.113927350919311721e-05
8.745138860066781206e-05
5.006230572202063911e-05
8.957716695479067681e-05
4.887860470570437599e-05
7.692235339606945388e-05
4.441153580303502935e-05
8.717872670394033463e-05
4.190135209314327369e-05
6.814953909195509141e-05
3.969158633287950266e-05
6.864097655090439787e-05
3.689354092517582728e-05
6.362760588007887463e-05
3.759080424403649090e-05
6.607596912200364159e-05
3.546480349314595770e-05
5.845511306512563010e-05
3.475233971772517805e-05
6.150510763380800938e-05
3.265661230400507264e-05
5.641561346936274646e-05
3.333882965828038891e-05
5.475211894245823885e-05
2.888148744728535888e-05
5.425098897449132096e-05
2.920211889234636260e-05
4.916954209699397893e-05
2.574265896970739931e-05
4.199443159080828991e-05
2.574228646068377202e-05
4.608044599141436493e-05
2.384391558707399383e-05
4.711467966611593283e-05
2.246485164403289048e-05
3.581188246004618492e-05
2.433568504933703025e-05
3.685584118184870306e-05
2.306928245032757729e-05
4.171566260602332932e-05
2.090665760090537617e-05
3.500992001548297594e-05
2.063561651111101014e-05
3.736394853937063942e-05
1.834449051862918623e-05
3.599504055595836860e-05
1.594367156365628091e-05
2.464418641268117938e-05
1.662156675408255069e-05
3.280911897574068092e-05
1.602435228487131269e-05
2.376403080339706264e-05
1.700094498802151577e-05
2.534341649240712258e-05
1.635706067260045415e-05
2.844615717689791268e-05
1.394742517590863429e-05
2.852701471645069375e-05
1.267193463994065183e-05
2.327753208175575850e-05
1.524735744617977673e-05
2.542900949986659498e-05
1.092711332384421752e-05
1.366951862757925795e-05
2.099897478258228034e-05
1.084678334839495051e-05
1.952698607976532941e-05
1.125386236111580729e-05
2.065620156754821579e-05
1.087590342341293592e-05
1.640599561691935548e-05
1.036382017449710702e-05
2.074054683265380561e-05
1.041840580495723145e-05
1.445947032530092713e-05
9.107725294610347078e-06
1.632022939612731705e-05
8.875837092858773758e-06
1.494729726281285309e-05
7.964164098206438780e-06
1.263905454129687911e-05
7.925701821065445074e-06
1.300401256498773250e-05
6.793003567207023252e-06
1.247269535609163427e-05
7.704786583628830954e-06
1.492321138063523733e-05
6.896726342131564991e-06
1.220773820387321962e-05
7.448048771507842503e-06
1.219638403404665894e-05
6.374299389100279711e-06
1.197216196269224042e-05
5.469437678762290034e-06
1.320678015703791175e-05
5.270717643779398998e-06
1.208982570610750429e-05
4.491077819968047891e-06
6.191166593838559606e-06
9.687869742203147894e-06
5.499239392747767852e-06
1.019665897072918881e-05
5.260765416403856420e-06
8.372536097089877671e-06
4.437007433910622467e-06
6.615631482187467327e-06
5.201502455642881273e-06
7.858687731454594427e-06
3.383150480429364393e-06
1.119725101150770286e-05
3.436872813344926669e-06
4.011430750794353628e-06
5.048785240102660055e-06
6.361419883305075018e-06
2.331813323097620128e-06
6.141385858970949130e-06
4.692433924979866333e-06
1.467122753617822184e-06
6.456439803015356915e-06
4.170080485144112004e-06
4.753324402972936014e-06
3.740620098335867283e-06
1.997016463528566987e-06
4.448380888977254699e-06
1.861989607276903769e-06
9.965588337879083269e-07
8.165315322550270594e-06
2.120952465878289672e-06
2.959299162608175493e-06
5.039947289064983238e-06
1.794526760523496023e-06
2.139853561455851150e-06
5.905769915326430919e-06
1.461756909071354471e-06
3.254226801696624705e-06
2.887567585041495022e-07
2.609444234691338238e-06
2.191555271702227969e-07
5.255274684756727765e-06
8.568081512061453964e-07
1.345646919892473647e-06
5.470663073658954545e-07
2.800204735864397776e-06
4.610735607757376897e-07
1.775783474045056209e-06
1.536051292827522730e-07
5.309118383145516873e-06
4.106688886729159549e-07
9.163360852326718486e-07
2.144859193586867718e-07
8.169420904202695510e-07
3.514769131296446858e-06
2.848775271235837181e-07
9.180157558574819632e-07
1.472974749283650908e-06
5.974249452922464343e-07
1.259495632233154083e-07
2.725248864354767875e-07
2.379926271611765287e-07
3.035633302506113296e-07
4.265670853209613256e-07
8.656042860266666139e-07
2.360812982216131672e-06
7.132351174110596048e-07
1.771667752370476023e-05
3.838552349533230768e-06
1.433925731486596078e-07
2.696567813487149579e-07
3.762771367821216018e-07
1.845323219784589241e-07
1.153991086022543300e-07
6.236361349554186972e-07
8.583911190740423081e-07
7.852839214450568761e-07
2.550018479707816255e-06
1.430569540383785920e-05
3.566553087086532514e-06
2.971311623412020708e-07
1.148524000349482321e-07
1.338418454954748427e-07
2.536935987951238758e-07
3.402886552539285958e-07
1.023599935257024640e-06
9.186646698911005160e-07
7.515322912876598593e-07
3.321700233760438437e-06
1.234491280777127997e-05
3.763470261652912541e-06
8.964615616502413786e-08
6.746175729155368117e-08
2.559346381492133560e-07
4.433383173907401442e-07
3.331879054879749447e-07
6.828299616845612263e-07
1.024627440227021680e-06
1.318902188574000434e-06
3.831161170531061089e-06
1.067049677616616066e-05
3.853962347477590811e-06
6.037490118959709662e-08
1.251705690208382293e-07
3.058152877599695785e-07
2.918071997370930148e-07
4.217582658672114349e-07
6.176426057269424064e-07
9.506424565319804287e-07
1.312510731210636550e-06
3.822159129196478489e-06
9.065359504734082918e-06
3.621197167458234389e-06
5.338446011027286886e-06
3.104235803519372894e-06
3.121080067947090697e-06
2.563718496828570892e-06
1.760536571970838793e-06
9.023436986499433488e-07
3.715398339321218657e-06
1.372788269726754606e-06
4.546990617360080478e-08
1.046602187138034878e-07
2.618698597967039632e-07
2.783700752129192324e-07
4.657155805443125018e-07
5.429685092650515799e-07
8.087334423256820060e-07
9.532787510480034143e-07
1.397210254161507237e-06
3.214735404544200037e-06
1.346895893927779753e-06
1.858032129709030755e-06
1.172625774037427959e-06
1.053751436108640860e-06
5.618208436253269156e-07
2.057904230579055138e-06
8.470930343840166188e-07
1.244936908451066415e-06
6.980570650405582001e-07
