5.221193463888140762e-01
5.127490977180559906e-01
5.234578998202059630e-01
5.115168505831781953e-01
5.048064299686068068e-01
4.920433222222717617e-01
4.720384188345176923e-01
4.618264395530006228e-01
4.295363684100533819e-01
3.798469988280851473e-01
2.960500123000211481e-01
2.395199768428204479e-01
1.149804923129211787e-01
1.040498041213477887e-02
1.133778711512434256e-03
1.243098513279595752e-01
2.991589474578226771e-03
3.152235912622447511e-01
8.353089051586159997e-03
1.294458630602062232e-01
2.310430268816765498e-02
2.075982724959013481e-03
2.306234723124744868e-02
5.224444150240914464e-02
1.672115333534818227e-02
2.167868916477444508e-02
1.023131160822865482e-02
9.063064531286468828e-03
3.477476438834226080e-03
6.181554863951221890e-03
8.713431569544738409e-04
1.876692502870147550e-03
8.570012800838133771e-04
2.943000532648398782e-03
1.452236527965666824e-04
1.575237918540750570e-04
1.139944983156837566e-03
3.500877171069838312e-04
6.483975401017083584e-04
9.854638359318990126e-05
1.123861318256258457e-04
3.567443619659771414e-04
2.021145565112014708e-05
3.259246476083887956e-05
1.517159486625896392e-04
3.586083471740497686e-05
8.927035514316727927e-05
4.548044314267585264e-06
1.832533230650135181e-05
4.241465380272479990e-05
4.562427304177774090e-06
1.695355288311439779e-05
8.716706829448028770e-06
8.920858990291158364e-06
4.453150579619702398e-06
5.253191537546442191e-06
2.333293210199371970e-06
1.128891824797584320e-05
5.611019238127568087e-07
2.692444499463597651e-06
8.931135134782053342e-07
3.805572416970548488e-06
8.109329803218656707e-07
1.135251377348822643e-06
3.789010233345990741e-07
