8.514471577626636645e-03
9.672173007619244700e-03
9.646592797857289625e-03
8.467055273836954221e-03
7.898145613419393918e-03
6.930374355503365891e-03
5.842308573506871383e-03
5.287473724111424467e-03
4.031686650913579584e-03
3.051664605726922552e-03
2.417090039893210474e-03
1.974719460828500139e-03
3.522487009743779929e-03
5.114220762203802728e-03
2.486666744571208731e-03
3.016511344565264707e-03
2.164013152973431886e-03
1.637584161544691774e-03
1.383860394445157738e-03
1.842233569254614345e-03
1.434749335840868056e-03
1.031855383920143865e-03
1.018394522938947944e-03
1.834850527894116290e-03
1.134986548825156483e-03
9.496254580660945521e-04
1.262852534286706963e-03
1.451796785011394419e-03
9.589417615986084442e-04
9.836945576174871420e-04
9.328391898241195079e-04
1.065539898673861785e-03
9.235592061331843183e-04
9.903877886037193434e-04
9.257927321731918013e-04
9.289673466083003817e-04
9.223049155814289080e-04
