4.785086816692400991e-01
4.840638142220327067e-01
4.618380049297885481e-01
4.557481019316865778e-01
4.401516567446974726e-01
4.200525613470108555e-01
3.856992434177289875e-01
3.594687913974439208e-01
3.004594036899663756e-01
2.346164240780587162e-01
1.280469626592929400e-01
5.598023774572191691e-02
2.062753108529458146e-02
1.686093131174448700e-02
2.770030709591004836e-01
2.327312049787764181e-01
4.589032293226935622e-03
1.602106140755998887e-02
5.619248198787951676e-02
1.619423392122265604e-02
4.655675811943149611e-03
1.278315584727230947e-01
2.044044794439736634e-02
4.620726880282477467e-03
2.046336378129764988e-02
5.602602445074311710e-02
1.149690889260179816e-02
2.734041356545113821e-02
4.311483341107313905e-03
4.342378099265520319e-03
1.151400687687709201e-02
8.130178380461039467e-05
4.951125129215583343e-05
2.258894725550297800e-03
4.604474156968074716e-03
2.242242768455859903e-03
2.216815635602609191e-03
1.062310760725382330e-03
1.167353418970007439e-03
4.949508665883506353e-04
6.198980961162892100e-04
2.137515875040296720e-04
3.436750029772728254e-04
7.377304711397858483e-05
1.070968986960352254e-04
3.488826132791444934e-05
1.580517526740266021e-04
1.565601689401674435e-05
3.112348844280798943e-05
8.146735005176708455e-05
5.839580651700870817e-06
2.057689968726350571e-05
7.946355115695524773e-06
2.952742047868106567e-05
4.350291832877495324e-06
6.639406539998837786e-06
2.909658440630735754e-06
1.308680810963025465e-05
1.120821143230088524e-06
2.428489577877002148e-06
6.497333101096458563e-06
5.547048984588798248e-07
1.975782272456427791e-06
8.294088162941193332e-07
2.489917034442790111e-06
2.188207450792845066e-07
4.652779170832843647e-07
1.255183672776993831e-06
1.020617611535712399e-07
3.794818943525513077e-07
1.548354564562259839e-07
4.722724273875655854e-07
4.730245573014713045e-08
9.125833222434209802e-08
2.465769886050850346e-07
1.458838794210493006e-08
6.974496069567237555e-08
2.441385571483323247e-08
8.535929485464777144e-08
1.484842959698084996e-08
2.131121434878480159e-08
1.166949781250536944e-08
2.317962377595961243e-08
7.371955934587504089e-09
3.351479604951634883e-08
2.402690379987859615e-09
6.958594700456899318e-09
1.652847425592796071e-08
1.436826879697150616e-09
5.552185378121521353e-09
2.638461227277844046e-09
3.616922983340487008e-09
1.128108051418053037e-09
4.843727641201667211e-09
5.163192096091506755e-10
1.098665158849598811e-09
2.717457703305115047e-09
1.854059128447715921e-10
5.554621207437548946e-10
2.240347907189743637e-10
9.506171405604391111e-10
1.495735757472971272e-10
2.371293161829157725e-10
1.295055174210801852e-10
2.372217977608670481e-10
9.178457993641586654e-11
3.735156628437152904e-10
1.869826515843442394e-11
6.137368391279096613e-11
1.689944850724600656e-10
2.661515452473395271e-11
6.388134465851180721e-11
2.771127771694636976e-11
3.491740230288087332e-11
1.146838179977294203e-11
5.732914143408152086e-11
6.058042956169629178e-12
1.126321258482221310e-11
2.910316432291892852e-11
1.219024881038421881e-12
8.032907672372857633e-12
2.580935465346101410e-12
9.661382804893037246e-12
2.131184118070450495e-12
3.113287405653863971e-12
9.926504063173524628e-13
4.297784350626443484e-12
5.366818101038006716e-13
5.464517727205020492e-13
2.146949285020127718e-12
2.058353487655040226e-13
4.027889133340067929e-13
1.064925925220450154e-12
1.376676550535194110e-13
1.589839371263224166e-13
5.824229987183571211e-13
8.437694987151189707e-15
1.986188991054405051e-13
1.409983241273948806e-13
8.437694987151189707e-15
3.367183984264165986e-04
9.664145577560789846e-03
1.263814030364529550e-02
5.086656773167330670e-03
6.081349464151397655e-03
2.543336236260129724e-03
3.042776804924152145e-03
1.208859730139399957e-03
1.584460593647807336e-03
5.260269346876178531e-04
8.706662045716573317e-04
1.807259622985668557e-04
5.106293330994216007e-04
1.220455629307171108e-04
3.035970176644697816e-04
6.026011326176750060e-05
1.809157973058361790e-04
4.564664810535745687e-05
1.060697308977731623e-04
1.886705902243157595e-05
6.413480595801601680e-05
1.798660740137680847e-05
3.693909090696223529e-05
5.007302049886419582e-06
2.285976958349422716e-05
7.686735315926007672e-06
1.273638686649647411e-05
2.558889457882074225e-06
7.693417702014926363e-06
1.897744274614865390e-06
4.452125507592441522e-06
7.873399094915356500e-07
2.728688630160291950e-06
7.674026312187720578e-07
1.544849126844383136e-06
1.924342785120103372e-07
9.771004840786190471e-07
3.429841060054172885e-07
5.292695152148141347e-07
1.278473837906801691e-07
3.028091977164137916e-07
5.960182147823900323e-08
1.880320433800264368e-07
5.145684700558206259e-08
1.050485751719065775e-07
1.481712474937779689e-08
6.763463344938713817e-08
2.331915882614055135e-08
3.622669653147170266e-08
8.841482879162754216e-09
1.946776717609566276e-08
4.197994063481758076e-09
1.294602725021576362e-08
3.853517727137045767e-09
6.686757147988942052e-09
6.938205565631960781e-10
4.764891703423757008e-09
2.012428224063000926e-09
2.296784984423538845e-09
1.013501726987442453e-09
1.141106098501154520e-09
4.944431530873316660e-10
1.311080133348241361e-10
1.779907110588396790e-09
4.994271662894789188e-10
1.220155088077490291e-10
3.486286814791128563e-10
5.807674341440360877e-10
2.596738379878615888e-10
2.050271064035769086e-10
5.300571093158623626e-11
1.795427140294236779e-10
5.807643255195671372e-11
9.270151313245378333e-11
2.324385128815720236e-11
3.829381256537089939e-11
3.363931355693239311e-11
1.200772814513584308e-11
3.371203316504534087e-11
1.265965110519573500e-11
1.581823561025430536e-11
6.454614620565735095e-12
1.110000980020231509e-12
3.318745278590995440e-11
7.605693852497097396e-12
1.384892200917420269e-12
5.369038547087257029e-12
1.095101787029761908e-11
4.053868352116296592e-12
4.104494522039203730e-12
2.705613511011506489e-12
1.373456903763781156e-12
2.723266057103046478e-12
5.053735208093712572e-13
1.410871419693648932e-12
4.173328349565963435e-13
9.948708523666027759e-13
2.322586567515827483e-13
4.662936703425657470e-13
8.215650382226158399e-14
3.823608096809039125e-13
1.381117442633694736e-13
1.685318551380987628e-13
7.638334409421076998e-14
1.554312234475219157e-14
3.319566843629218056e-13
7.949196856316120829e-14
1.154631945610162802e-14
5.395683899678260786e-14
8.437694987151189707e-15
9.578877892141290928e-03
1.607599871528808677e-03
1.405662107654614967e-02
4.761265968838745977e-03
7.076322017273262155e-03
2.073701078536771547e-03
3.847575255857882404e-03
6.612008621500464756e-04
2.193173625840705299e-03
6.279121943923993143e-04
1.307667897351483255e-03
1.769025089497500147e-04
7.939688745164374950e-04
2.681803315041086933e-04
4.427571755756254390e-04
8.938074670228335350e-05
2.677407579004809079e-04
6.636286620920195389e-05
1.554472744982327015e-04
2.799559158883635490e-05
9.464472073028584731e-05
2.625282376889082059e-05
5.418635858989162557e-05
7.397895356198169736e-06
3.372913364796392699e-05
1.130434108476130461e-05
1.868663928505931437e-05
3.818347556139300991e-06
1.115644590599096375e-05
2.728555237641039355e-06
6.549558594803883693e-06
1.235283831002575994e-06
3.943581798004913708e-06
1.048328753472382857e-06
2.288280864237712819e-06
3.599135025567079538e-07
1.400251869343449584e-06
4.307636525258118354e-07
7.935258867775019098e-07
1.233363310371160537e-07
4.913488331759197081e-07
1.512778931012093153e-07
2.743537201865819952e-07
4.591495672556789032e-08
1.660704360695319792e-07
4.916771911833706099e-08
9.553552660079844827e-08
1.253768655562481626e-08
6.036114852392415742e-08
2.037912127939023321e-08
3.275899029819839825e-08
7.352884967559703000e-09
1.896100054743499186e-08
4.147322707481748694e-09
1.160860885196512982e-08
2.800550680248647950e-09
6.605733071651798127e-09
1.240538782809608165e-09
4.147839294255106779e-09
1.174795150049590120e-09
2.272610322151535911e-09
2.616679095623908324e-10
1.504003366292749888e-09
5.656732859904423094e-10
7.737267493368449323e-10
2.459665804366295561e-10
3.812321569540699784e-10
3.800781911422745907e-11
2.834581458444063173e-10
1.290467732673050705e-10
1.356627032933488408e-10
6.672884467207040871e-11
6.562661525322255329e-11
3.157440975343206446e-11
8.731304568243558606e-11
1.218514178447094309e-11
3.191091835219594941e-11
1.459465881481492033e-11
1.714783870454539283e-11
6.379785588705999544e-12
2.179356695108936037e-11
2.453259817514208407e-12
6.805445096347284561e-12
1.798894366800141142e-12
7.331135698507296183e-12
4.278799536905353307e-13
1.990185793943055614e-12
3.033129303275927668e-13
2.867706072606779344e-12
1.246780456654050795e-12
9.698908343125367537e-13
1.631583756989130052e-12
1.353805956227915885e-12
1.981748098955904425e-13
2.662869924563437962e-12
6.210587599753125687e-13
1.196598375940993719e-12
3.077538224260933930e-13
6.019629239517598762e-13
1.143529715363911237e-13
