6.360197177307645999e-01
6.465545253480189380e-01
6.619239955175449941e-01
6.138927779635388049e-01
5.796007103770286495e-01
5.614939462148547111e-01
5.019233548546122581e-01
4.126134298524838373e-01
2.637813061798746084e-01
1.623004952413110713e-01
1.520192819097077042e-02
7.563824129665386309e-02
9.284021909889283997e-02
5.098832952222909221e-02
6.032318893578114682e-02
6.950781339937983638e-02
7.514696018258471000e-02
6.597461820195515969e-02
1.695481488755301580e-02
1.147972685754723443e-01
3.991950016244727450e-02
5.246488826082940093e-02
2.154433530580956990e-02
2.490035705957360790e-02
1.110143056291401642e-02
3.795199048715680590e-02
1.259835226954497678e-03
5.806288761500355555e-03
1.939654676793656218e-02
3.952868178732860116e-03
8.250366834904099278e-03
2.184419424745787097e-03
7.580207188171650401e-03
1.139016940093773300e-03
2.046004005780810431e-03
9.981044800759786284e-04
3.366080662918768951e-03
9.175017975626698075e-05
2.339037411508426700e-04
1.331358658482884039e-03
4.186339625047441615e-04
7.461015405196835815e-04
1.281736591336457565e-04
2.698442853243943063e-04
1.077532832001182328e-04
3.279469410893964820e-04
1.425701932178391473e-05
3.019928889091971769e-05
1.361636312262604065e-04
3.474334399689027464e-05
7.921356577500482388e-05
6.247020532423874783e-06
2.225374569797544666e-05
9.112683450052116996e-06
2.961236548659762491e-05
3.292911269880960390e-06
