5.936875247790295296e-01
6.200723229285003413e-01
6.210537009155195909e-01
5.926585652308898888e-01
5.761934940145316819e-01
5.411306204129918696e-01
4.893885775164321661e-01
4.651204207669642487e-01
3.850368987621727301e-01
2.687815646829534444e-01
1.027221776451184843e-01
1.538542341445858774e-02
7.182965910592864489e-02
7.157588222840916004e-02
4.051410025987767227e-02
4.399057706763764841e-02
5.900653075710571294e-02
6.869303054670661268e-02
5.631153290403023703e-02
5.607175460536295564e-02
1.844793302806075896e-01
1.977748537337142842e-02
4.541836513337038639e-02
2.660078488267014762e-02
2.453354024616882789e-02
1.017693332196556444e-02
5.168195069499170735e-02
4.356331170871419189e-03
9.038252010792557911e-03
2.189231913766898074e-02
1.523078934271837603e-03
6.506574743798676508e-03
2.487116619389939665e-03
8.612106682796438761e-03
1.207308173477139590e-03
2.152838180494498488e-03
1.004376532948603185e-03
3.692103386184975022e-03
2.031436640473893718e-04
4.096773215804816459e-04
1.627472868890977864e-03
3.504378959748866151e-04
5.547255766433778490e-04
1.675679511793370935e-04
7.227109766578809769e-04
8.277785900978607003e-05
1.181365298841274836e-04
3.681743525711933529e-04
3.347551084031952229e-05
6.905310614391257928e-05
1.853005671051954906e-04
1.579746075530685800e-05
5.115516001485964637e-05
2.119843483239236548e-05
7.047916401625720084e-05
7.473395857826581334e-06
1.293258374079897521e-05
3.616878096668330045e-05
2.809261814729069329e-06
8.195724253923231117e-06
2.946577268625460988e-06
1.323483061832497754e-05
2.291610048943404365e-06
