4.424640912924395764e-01
4.426244499603988469e-01
4.434711663925946512e-01
4.424553086397671198e-01
4.423651332878791864e-01
4.425114762836092064e-01
4.421075917835219915e-01
4.425716565643867950e-01
4.422801012853836422e-01
4.413678809648254875e-01
4.411033254505830614e-01
4.418404623125903319e-01
4.417104229028350204e-01
4.415697675740317685e-01
4.413932436869444365e-01
4.411356485971719144e-01
4.409186538262288568e-01
4.407372560939242234e-01
4.406164051965618667e-01
4.404074264690580609e-01
4.403637466479031204e-01
4.401446616118468436e-01
4.402076649678743347e-01
4.399614359435657374e-01
4.397416884111917668e-01
4.396446576027331909e-01
4.394027305766923241e-01
4.393229450551353610e-01
4.390626462831601629e-01
4.390628609438017582e-01
4.385825265908241954e-01
4.382653466546780896e-01
4.383316151326392962e-01
4.381431813563608779e-01
4.378583784650620370e-01
4.377548127632089336e-01
4.374461358685073353e-01
4.371397326632983082e-01
4.367610741142079478e-01
4.367992312924330323e-01
4.364868787914413240e-01
4.361195052771302816e-01
4.360911309737757202e-01
4.357166731043110586e-01
4.352481039321576262e-01
4.347664566710641720e-01
4.350958698352681564e-01
4.343631034467476670e-01
4.338705882402382752e-01
4.337721572986487084e-01
4.332561595137857102e-01
4.331357421380856998e-01
4.325911613054871374e-01
4.327339432887292725e-01
4.317553043828044057e-01
4.311218547377846377e-01
4.311505043887501332e-01
4.304084019839655717e-01
4.297366951556608194e-01
4.296894635849671795e-01
4.290050737153778826e-01
4.285708865582920080e-01
4.277855544952832156e-01
4.279536526449428946e-01
4.272394426787499144e-01
4.264772145063219222e-01
4.261945127806254785e-01
4.253657444203069460e-01
4.245086290127710882e-01
4.234809881473502458e-01
4.240530797490764670e-01
4.222876153376943220e-01
4.211639165135854235e-01
4.215447013668705001e-01
4.204098065095939196e-01
4.193185461522122015e-01
4.193050585113031747e-01
4.182069371392106438e-01
4.170447360380405977e-01
4.156763007083708050e-01
4.156618966291567574e-01
4.142852580889783143e-01
4.140137913658145097e-01
4.127804053489670943e-01
4.124948862218992263e-01
4.112362891581421431e-01
4.101938732017790246e-01
4.088233964707396195e-01
4.093197430202455411e-01
4.069996704274674304e-01
4.053295983029695515e-01
4.063310966806137348e-01
4.036792418937498184e-01
4.016926600350875232e-01
4.021825627705352124e-01
4.002060366256635637e-01
3.987269646720923433e-01
3.979439534036025572e-01
3.966811553065801021e-01
3.958245794020048836e-01
3.942571633093928662e-01
3.945833721808327255e-01
3.934505511633561436e-01
3.926215796787267953e-01
3.932626646513792679e-01
3.910986584034511493e-01
3.903385459759008969e-01
3.912514088109700916e-01
3.902363676724176500e-01
3.894669492124012145e-01
3.886222274480233274e-01
3.882447400760548062e-01
3.882117364670687465e-01
3.875754104849935544e-01
3.889958762327978548e-01
3.875722278858647618e-01
3.871271727813611063e-01
3.874880264097811944e-01
3.880657759950334462e-01
3.876531400024356699e-01
3.861403167888439736e-01
3.857888651446299555e-01
3.860919184583662123e-01
3.852695744864530480e-01
3.848346042512597043e-01
3.852359264982261333e-01
3.850803839551681929e-01
3.849810158331958831e-01
3.838063578318827718e-01
3.836496670418576560e-01
3.841297279519231278e-01
3.837032668008533154e-01
3.836714834181934597e-01
3.829166630487700340e-01
3.826946251401834864e-01
3.831579306158034992e-01
3.831908134718140513e-01
3.823040101924209955e-01
3.820384814574991905e-01
3.825445280304804463e-01
3.823451212146170564e-01
3.822560587412209276e-01
3.820330553257790251e-01
3.818751461069301856e-01
3.822203244294555269e-01
3.817924519628208557e-01
3.816330325098693521e-01
3.814187158345446749e-01
3.812507230222772492e-01
3.811502122609888854e-01
3.810029975919577705e-01
3.810662739947086042e-01
3.809984223405804560e-01
3.808643998969316602e-01
3.808908965588244655e-01
3.803200236504681309e-01
3.801469263540986354e-01
3.805521008122958460e-01
3.802491596047563593e-01
3.801428424296418029e-01
3.800399317372078478e-01
3.799973354460590702e-01
3.798848238905523367e-01
3.802674434188927366e-01
3.801041548018330163e-01
3.796048740134154720e-01
3.794461104154311926e-01
3.794092597316454096e-01
3.792421376472685512e-01
3.792739275328381732e-01
3.793106695691940144e-01
3.791868175360919579e-01
3.790631710510554697e-01
3.789438148765370551e-01
3.787932250232076692e-01
3.786585179696576597e-01
3.784775167776592841e-01
3.783317996954344009e-01
3.781178853870107437e-01
3.780448636588495948e-01
3.778143710938215438e-01
3.780766547445253423e-01
3.779037132002427413e-01
3.776163465550314013e-01
3.775708182042120109e-01
3.771942772479871531e-01
3.770639428953564964e-01
3.768035016962881789e-01
3.765203079676318065e-01
3.765053117185539477e-01
3.762762913587701652e-01
3.770005052202548557e-01
3.763743454273393851e-01
3.763200400012239877e-01
3.757116100694222194e-01
3.754529698869383258e-01
3.760003264849143267e-01
3.751161415850917669e-01
3.748084816197142510e-01
3.750604377652057009e-01
3.746380463425086349e-01
3.744919180799597402e-01
3.748893232268936115e-01
3.744972774361332579e-01
3.744930369922822022e-01
3.745829951720545115e-01
3.744006992996864458e-01
3.743524697830845627e-01
3.743997998958229489e-01
3.743824180922117328e-01
3.742578952997193120e-01
3.742027293956582401e-01
3.742209058091422458e-01
3.742541802246318605e-01
3.742027293956582401e-01
3.742075735498933131e-01
3.742178345745187373e-01
3.741919827859547798e-01
3.742075171866225958e-01
3.742039735701961911e-01
3.742292731610518119e-01
3.742001528006483335e-01
3.741708044996727711e-01
3.741713721814489135e-01
3.741708044996727711e-01
3.741673463910291098e-01
3.741801047174442285e-01
3.741631255524442423e-01
3.741470578089135524e-01
3.741772421383385838e-01
3.741995268561237875e-01
3.741477037108094095e-01
3.741707569531059763e-01
3.741315135781015933e-01
3.741230135067517004e-01
