2.630894619623558306e-02
2.616877907159087524e-02
2.538517424262498601e-02
2.640178022970873783e-02
2.632432198004386326e-02
2.616803372706066888e-02
2.627679031990826086e-02
2.630647339293779030e-02
2.625317356463297003e-02
2.589563433515273960e-02
2.586576740287593879e-02
2.577082360730409416e-02
2.564042052752080192e-02
2.551191432876631637e-02
2.535157097666052017e-02
2.524014542189723098e-02
2.520414258020442499e-02
2.508499510263262344e-02
2.493759514476234784e-02
2.478618088525907925e-02
2.492825197522419156e-02
2.472638659896209123e-02
2.458605024863591559e-02
2.452607735009360024e-02
2.437292651844158442e-02
2.433993722509231183e-02
2.418004067155166137e-02
2.413628031005099484e-02
2.396734395128674588e-02
2.391046540134911247e-02
2.372979461921032041e-02
2.367761827081293902e-02
2.348610683513074893e-02
2.343516965890080073e-02
2.323349675642272238e-02
2.317003453930666090e-02
2.295552746315143722e-02
2.285742127113143951e-02
2.262264903651434178e-02
2.256750058684031668e-02
2.232206477705156455e-02
2.226990333845424441e-02
2.201480003009315123e-02
2.192513476706214881e-02
2.165240987368133307e-02
2.156287231769216106e-02
2.127292296778771075e-02
2.118612755869808684e-02
2.087936571894122295e-02
2.078593438875819821e-02
2.046220829698441879e-02
2.035058115677701451e-02
2.000602620073332893e-02
1.989615343607764597e-02
1.953169783207742150e-02
1.945984789979360308e-02
1.908437607496382693e-02
1.895978331618086710e-02
1.856271615628557470e-02
1.841408205714933910e-02
1.799107477569084068e-02
1.786842557667800424e-02
1.742589054017096295e-02
1.729473340767129219e-02
1.683182293257423634e-02
1.669468023478082319e-02
1.621250092137849208e-02
1.605743617027932668e-02
1.555212415491802336e-02
1.541611697462152986e-02
1.489425902255403500e-02
1.474863375232871032e-02
1.420999871780015411e-02
1.400507166506748113e-02
1.343978462240569272e-02
1.326643868270904747e-02
1.268316943615921399e-02
1.253426015148340067e-02
1.194123222820209218e-02
1.176260218498648147e-02
1.115748300742003263e-02
1.097871214801504625e-02
1.035271048109287495e-02
1.016044842656316227e-02
9.550625253697098138e-03
9.406956972496716141e-03
8.871431326339052070e-03
8.742491498270332784e-03
8.233258466709303391e-03
7.965974937423014879e-03
7.508545073260375347e-03
7.482752261692593443e-03
7.134065681148937799e-03
6.923217060710862292e-03
6.545959296302306107e-03
6.447025777866599583e-03
6.128590377693421409e-03
5.987465455924656510e-03
5.741104235962413149e-03
5.595800665062045098e-03
5.347435114165688397e-03
5.491136040016830755e-03
5.117967676626311579e-03
4.987539502625759624e-03
4.927166000965876869e-03
4.768956628085518901e-03
4.792687719443078365e-03
4.588237271939243911e-03
4.475025336115323604e-03
4.559672181137508495e-03
4.433804317246825555e-03
4.354184190806131838e-03
4.297705986610722562e-03
4.239812053755787069e-03
4.272980760748112949e-03
4.249271294169076896e-03
4.201463139793415458e-03
4.178689278690139730e-03
4.239197091923996297e-03
4.156291239529430470e-03
4.141305643065140707e-03
4.135106190243931223e-03
4.118763859421337159e-03
4.146661828615894052e-03
4.117836528413021391e-03
4.101429742800588585e-03
4.109647050525189194e-03
4.048899226026247966e-03
4.016908772278005024e-03
4.049808850271841010e-03
4.035547446594622834e-03
4.027634465438967304e-03
4.011910852420919049e-03
3.998355970190936581e-03
3.948634658411553922e-03
3.922739012335418884e-03
3.919627890704546758e-03
3.893389432734317701e-03
3.891323006730007528e-03
3.866922732896016512e-03
3.915650537186454727e-03
3.878247857548311472e-03
3.882287239214243790e-03
3.826138927097377795e-03
3.804255367015341172e-03
3.821303814519061426e-03
3.795280367673514732e-03
3.777713251516323645e-03
3.806132443346932348e-03
3.780013653160052556e-03
3.767691244596527156e-03
3.753921485637690125e-03
3.759753252888020647e-03
3.733430864096609625e-03
3.719160152588218970e-03
3.724301317877154460e-03
3.697760962568463761e-03
3.683505428497713119e-03
3.701904291742663666e-03
3.698145209084846563e-03
3.673791099227274870e-03
3.664275890196577734e-03
3.666030952188648051e-03
3.657512499331994071e-03
3.647357517788551995e-03
3.645276673296726777e-03
3.639841870955229375e-03
3.625728884753320891e-03
3.615138591427702330e-03
3.613114201812428483e-03
3.608100005559111700e-03
3.625017923495565952e-03
3.602969595370653089e-03
3.595483953638178853e-03
3.604695873278940255e-03
3.601311802643114568e-03
3.594225359652480911e-03
3.592082617855152371e-03
3.594703951163569222e-03
3.608000439754177613e-03
3.576149815448181890e-03
3.570655079334517090e-03
3.581076697636964568e-03
3.580772767253326272e-03
3.582783189592264605e-03
3.558209070505968796e-03
3.551726811146016516e-03
3.554009015759640455e-03
3.568439611370544107e-03
3.550394056642813823e-03
3.545191466540975611e-03
3.542806526403263767e-03
3.537270579651141666e-03
3.549797580885027948e-03
3.537847289070805701e-03
3.527468290659641070e-03
3.523041490390288466e-03
3.535559489998951754e-03
3.508225877875914556e-03
3.495396442637077605e-03
3.533161661182449009e-03
3.526012038446046937e-03
3.518482807496892129e-03
3.504025187514581141e-03
3.511456640233112658e-03
3.484542354225350635e-03
3.478262524204134287e-03
3.477031174423328430e-03
3.474410069556510550e-03
3.486704435862075790e-03
3.495552705752746903e-03
3.474299560533022913e-03
3.480612144215244896e-03
3.459463991393407767e-03
3.458258289767979221e-03
3.507726750492379253e-03
3.478443898423222436e-03
3.524185918207356494e-03
3.488715796085672949e-03
3.475539820036566141e-03
3.465595302325930049e-03
3.479920781093381876e-03
3.463657306569944971e-03
3.475354096803662252e-03
3.467834625760168876e-03
3.466312409854288568e-03
3.472756801804588456e-03
3.493630599299302197e-03
3.469020297160230193e-03
3.459909028767804706e-03
3.448231214894681429e-03
3.444145266874643063e-03
3.456755062872129969e-03
3.470424518082881882e-03
3.463652610423695322e-03
3.505478853145449492e-03
3.462498103966149543e-03
3.453928143337003931e-03
3.442863177826160914e-03
3.440690553866976309e-03
3.456318895904475497e-03
3.439608138427807660e-03
3.437222372343118337e-03
3.442065887377387945e-03
3.443383622455442605e-03
3.435500096530264003e-03
3.433831079954541288e-03
3.422036840987296991e-03
3.417609853774594697e-03
3.432613706068177173e-03
3.415663256444601004e-03
3.413224016100113722e-03
3.416183020715668484e-03
3.431309727724762837e-03
3.410560823396413532e-03
3.408870229365423832e-03
3.399874870408825522e-03
3.396427842187854651e-03
3.383139415263025640e-03
3.375778039074073256e-03
3.417553406725448717e-03
3.380814793312536537e-03
3.383460828319972968e-03
3.368019243243702832e-03
3.363402287055450302e-03
3.413678063599157042e-03
3.363875605265631563e-03
3.427234577025650708e-03
3.400866530856583303e-03
3.362101291348729148e-03
3.359229431641574948e-03
3.353251853929095638e-03
3.353605331396725120e-03
3.380481372976862353e-03
3.343797215383359500e-03
3.341389857678400688e-03
3.363178810418254727e-03
3.342297209409261782e-03
3.356061524819264896e-03
3.340780271038679139e-03
3.337950975558556799e-03
3.334476737731351115e-03
3.333919176055522016e-03
3.338847760593011138e-03
3.345016035808279220e-03
3.320443115752080843e-03
3.319374181632528398e-03
3.323181181058676437e-03
3.324874270559163847e-03
3.341038344038427255e-03
3.320555126344992836e-03
3.315625364028185196e-03
3.313693359229596958e-03
3.336578665471101601e-03
3.317050548650390951e-03
3.316975421334578122e-03
3.342371784368136645e-03
3.330745835792181531e-03
3.304934226777911377e-03
3.302626347807646745e-03
3.325454503036784359e-03
3.315620557601484109e-03
3.332613235096371085e-03
3.320615597741327640e-03
3.310599769531075154e-03
3.314050474701568660e-03
3.318953474264807468e-03
3.299507443737637047e-03
3.297988469565082958e-03
3.314276384122849528e-03
3.300559557420146284e-03
3.300428298754543022e-03
3.299585001798721606e-03
3.304390598667605872e-03
3.296903819032137584e-03
3.296299513717237950e-03
3.314797814014891486e-03
3.307940691262278854e-03
3.295155596310883617e-03
3.297785306859979393e-03
3.304632128938500557e-03
3.302990979112907510e-03
3.301456512624922901e-03
3.306831564314993699e-03
3.300063145407095000e-03
3.295605625019404350e-03
3.300875723929674876e-03
3.295732088565261897e-03
3.294311522455073415e-03
3.294615939683498418e-03
3.296350060577823982e-03
3.298361410102867985e-03
3.295187670740773456e-03
3.298607117109497722e-03
3.295955876831402342e-03
3.292787053316703627e-03
3.292414805907917241e-03
3.300351383322852605e-03
3.295079454520233320e-03
3.305934431662049811e-03
3.293393900702157318e-03
3.292069221950022495e-03
3.291510616712733928e-03
3.292261950297525885e-03
3.290264444362422935e-03
3.291854099690683100e-03
3.292122950363629563e-03
3.293684354705450623e-03
3.290317467657954964e-03
3.290158403209231253e-03
3.290040333017940632e-03
3.292361611397676135e-03
3.290380630570299836e-03
3.290040333017940632e-03
3.290065852246115696e-03
3.290046210695951601e-03
3.290032824018296331e-03
3.290054952398757671e-03
3.290037103489629189e-03
3.290155544861561587e-03
3.290060213617995721e-03
3.290032412141208340e-03
3.290034675119568597e-03
3.290032412141208340e-03
3.290060932638727564e-03
3.290033041031481531e-03
3.290035313810335538e-03
3.290066018745818610e-03
3.290037896749975488e-03
3.290034952969533855e-03
3.290039119243082233e-03
3.290038424001218154e-03
3.290039802115618528e-03
