6.360197177307645999e-01
6.394705678535519411e-01
5.962942915828779444e-01
5.920112791608957981e-01
5.627189377653222246e-01
5.052110860261819214e-01
4.162834287391833366e-01
3.687037858931151435e-01
2.334485708583342589e-01
7.391960669225094982e-02
6.897298699560749924e-02
6.183668500878658492e-02
2.217693392205520864e-01
2.572275606432931072e-01
6.714505433562556469e-03
7.085896177724482214e-02
6.948610039466918131e-02
6.997149143001779592e-02
4.045377363429070172e-02
7.391960669225172698e-02
5.036261664682606387e-02
2.286583094581995379e-02
8.974488201882246940e-02
1.571077841260892782e-02
2.854950994561300526e-02
8.504594621300376467e-03
3.408754911299549661e-02
4.465232008856956369e-03
6.126160133812286190e-03
1.648222643719643443e-02
6.066289972180838319e-04
2.337962061831344585e-03
7.607004161026886813e-03
1.523329390802574679e-03
3.214429706792421015e-03
9.323377953880385149e-04
3.091603280259591635e-03
3.807866252814040564e-04
7.034418159315158903e-04
2.961945051245251648e-04
1.278641515504386206e-03
1.333942819370381727e-04
2.185972738715236119e-04
6.493154004345580432e-04
6.029574616794874942e-05
1.450465758860985943e-04
5.433398553567059253e-05
2.478608506204516004e-04
3.800059517000686782e-05
4.408444807180167402e-05
1.364223754901638941e-04
6.664869194095146554e-06
1.263775119286769666e-05
5.733983339717418914e-05
1.416049443414557629e-05
3.350972010518482591e-05
2.241692385052118652e-06
8.317204052143978288e-06
3.035485446334362791e-06
1.192949560457901015e-05
2.018807389703169974e-06
