8.210583057097362580e-01
8.533668976421953101e-01
8.348438037400705003e-01
8.425100546694898052e-01
8.188768870708482694e-01
8.180895487802593014e-01
8.022208284402911893e-01
8.045692248473854669e-01
8.232650967794586938e-01
8.206056424825006745e-01
7.867737978769495655e-01
7.789493284768416181e-01
7.798838824862887042e-01
7.770985253231230683e-01
7.697770751454159344e-01
7.815143545471224806e-01
7.737458667293077852e-01
7.597027182461044692e-01
7.518944662373328036e-01
7.496405756467929837e-01
7.415883552430831971e-01
7.299618989456562179e-01
7.190325934838877053e-01
7.259784213479982817e-01
7.128266897267371283e-01
7.024380109200232258e-01
7.147346669706855504e-01
7.044892247814711350e-01
6.812782026623342979e-01
6.685106437621231024e-01
6.637691131641789699e-01
6.497236745093812882e-01
6.464599740280370099e-01
6.322368904443280702e-01
6.393489976675030828e-01
6.195442754423200471e-01
6.040588688380894578e-01
6.128123038445307813e-01
5.963214378248828940e-01
5.818541282610057985e-01
5.729069855289401492e-01
5.568346603330749378e-01
5.403246986874281621e-01
5.194604048182625000e-01
4.993455472945516060e-01
4.736809159683470494e-01
5.039622184481926670e-01
4.925464658262725948e-01
4.605657723150329286e-01
4.390359269929252628e-01
4.201790028372995867e-01
3.938816277908140373e-01
3.973791231242846944e-01
3.646025465520503772e-01
3.380245314040307703e-01
3.247908322388071145e-01
2.944887383457599483e-01
2.849509423613935111e-01
2.515389220061003961e-01
2.797029231585206333e-01
2.310455481799015276e-01
1.981702312958523171e-01
1.702759127212327694e-01
1.306455802662175314e-01
1.411513809290855237e-01
9.903211412180590312e-02
6.176540841456790165e-02
6.183839956133541094e-02
4.479127676747518549e-03
3.536618962408510924e-02
3.596470706995158473e-02
5.798463941158882307e-02
1.246616966631977075e-01
1.573197902675589344e-01
1.854826701647682707e-01
1.305210974512935884e-01
1.766719771161496810e-01
1.097960391690657733e-01
1.855312580331371919e-01
9.064617103207295301e-02
1.630580987535099613e-01
8.033341607576849341e-02
1.271451128024880806e-01
8.658896446341790565e-02
1.581361436872903425e-01
8.065928551527812296e-02
1.610500257835650872e-01
7.029787771055628909e-02
7.951985646585502110e-02
1.120071732310030654e-01
5.570865430640115079e-02
8.226793384845654256e-02
5.564129502116310633e-02
1.001533867841239989e-01
5.094785331104623172e-02
8.314332186083595033e-02
5.522980273045163813e-02
7.930181754872800415e-02
4.844988650715875700e-02
8.045866522117717246e-02
3.996028974549570290e-02
8.381759395315957484e-02
3.907406813997427175e-02
5.609723031258173620e-02
3.853951992701853957e-02
6.083779986295678732e-02
3.764259452046292420e-02
6.961598391853018875e-02
3.640993043918760996e-02
7.444969036782689287e-02
3.557699770760947011e-02
4.817265255209512986e-02
4.925021065751411520e-02
3.384464944719378643e-02
5.436079466153809214e-02
3.333501380252301693e-02
5.274873897047038795e-02
2.566831861177598650e-02
5.452149631986813461e-02
2.458009147051432031e-02
5.705492939321521462e-02
2.373814903964477363e-02
5.881942248378768667e-02
2.261568000873936946e-02
2.700165551926581031e-02
4.105647870791861997e-02
2.429678796023071463e-02
4.315429020451244657e-02
2.363218651309662022e-02
4.371556454694935923e-02
2.207944424849306309e-02
4.652596839098510628e-02
2.140716477263082673e-02
2.570074035687297531e-02
1.763912452935145758e-02
3.350447382167076604e-02
1.652817226472302892e-02
3.406843789661007094e-02
1.549270204290564834e-02
2.332085356347191052e-02
2.411607914426627808e-02
1.622052847474642068e-02
3.162649160916941593e-02
1.527774233879530819e-02
2.410643883682750399e-02
1.604422473373878777e-02
2.398542043699491977e-02
1.525972779957074366e-02
2.802418142830620518e-02
1.442196508870430272e-02
2.926613500770047782e-02
1.374794771359821866e-02
2.600401111350247874e-02
1.096571274494251291e-02
1.374131504330766695e-02
1.990152876674566862e-02
1.054001061871145950e-02
2.166489618111056004e-02
1.029709216837704222e-02
2.148080757360548709e-02
9.672299392371463966e-03
1.455863192540141071e-02
1.560345915204774947e-02
1.032081605454560069e-02
1.636622778419649649e-02
9.743288072468381245e-03
1.756413489702135511e-02
9.523865268688425090e-03
1.797533303302545349e-02
8.925032366673413264e-03
1.917916110428818932e-02
8.767495789326673616e-03
1.685968756503863908e-02
6.760201976427904214e-03
8.080578928344239742e-03
1.185449235435553916e-02
6.771549967606427245e-03
1.321217268688390511e-02
6.691976620760597960e-03
1.334171460556854427e-02
6.204836366820676297e-03
1.316484144850815774e-02
5.966450872460726806e-03
8.669471391058336529e-03
1.206880773593632661e-02
5.756648660311780574e-03
1.240687079659275049e-02
5.528719145464711104e-03
8.097202160903593793e-03
5.552785739457721803e-03
9.614956955645181935e-03
5.487881953688544812e-03
8.043524329061524369e-03
4.422405980409105375e-03
7.962077205495465826e-03
4.590507598583704052e-03
8.257166861859843721e-03
4.393792260491524715e-03
8.223151758943503253e-03
3.998842755671860871e-03
7.913559972176686941e-03
3.724760997835585563e-03
5.503273583710166506e-03
7.763905789675784597e-03
3.538515099888339677e-03
8.100258965534568034e-03
3.446477097520661559e-03
4.848001065648865904e-03
6.365638766951509098e-03
3.712933060878498281e-03
5.899085842605011898e-03
3.221789666083108017e-03
6.075152863451283025e-03
3.006507878482445051e-03
2.239880773984292972e-03
2.401842200790316184e-03
6.234756262054608200e-03
2.786881462402024390e-03
6.582238019417374630e-03
2.714377938663359302e-03
6.357285605581575183e-03
2.387104670717565824e-03
6.480449516140129873e-03
2.160966979494194362e-03
2.621083787821776312e-03
3.542586964365934676e-03
2.481290494891874587e-03
3.843111271817800656e-03
2.398203535404208608e-03
3.677938681457715298e-03
2.200868664761657101e-03
3.564872060048629443e-03
2.016100644337770476e-03
3.329235612705705449e-03
1.847433106846096962e-03
3.390248353381197788e-03
1.763017893584462037e-03
3.259423273922035236e-03
1.651188078055754183e-03
2.538143268474679637e-03
1.730127655888979987e-03
2.692060514267624605e-03
1.656336720656348405e-03
2.938688325673677326e-03
1.526872059150585770e-03
4.263309641768464608e-03
1.700009886448583529e-03
2.563627664276091345e-03
1.487991361693197234e-03
2.663850804160095009e-03
1.422416316273711345e-03
2.298052104721004518e-03
1.363236179533711123e-03
2.294586946754328949e-03
1.212357678417652629e-03
2.307002481925612969e-03
1.133042668207351333e-03
1.823835168910381554e-03
1.195290733000842209e-03
2.742031882739803805e-03
1.225972825016796719e-03
2.022894112825635027e-03
1.107656754602670546e-03
1.804082971184284290e-03
1.088502825321024936e-03
1.851994880649021624e-03
9.950862813056238210e-04
1.680784040751337471e-03
1.010743851276085792e-03
1.795396330791954043e-03
9.301617622936575458e-04
1.508972988642942603e-03
9.271777436128392225e-04
1.827245956165568508e-03
8.537376598400925332e-04
1.449333088547000159e-03
8.051683417238386653e-04
1.408915848695069251e-03
7.993684605216433425e-04
1.346334412569927252e-03
7.518096177087096876e-04
1.322866160196944918e-03
7.422525392435375124e-04
1.238659100885053377e-03
7.175669401658923974e-04
1.193745378218369346e-03
6.766451081019475566e-04
1.163556201167814663e-03
6.580118234652543308e-04
1.187547362374141713e-03
6.063751966848274222e-04
1.014268299085019365e-03
6.316721399473035348e-04
1.163938226546368249e-03
5.874353004395871380e-04
9.731364425411559438e-04
5.332151410047947238e-04
9.303700062831543605e-04
5.360267508842664341e-04
9.059860388402896092e-04
4.974183107936402948e-04
8.701199206253562579e-04
4.985274975344289317e-04
8.415084913495629593e-04
4.725523202572246007e-04
7.856724829468086924e-04
4.544654463702890723e-04
7.875752190766860394e-04
4.339566028231933714e-04
7.277740387158226909e-04
4.244084831537264790e-04
7.406231139723828960e-04
4.004774824623025253e-04
7.516111177052753334e-04
4.015281020568473025e-04
6.563157478525205590e-04
3.542890118723995840e-04
6.112482709672573122e-04
3.582196648934665717e-04
6.149490273347213432e-04
3.295102464717647450e-04
5.667923308092515100e-04
3.342639233793187614e-04
5.621210823854028149e-04
3.114581191588916553e-04
5.252614496858987181e-04
3.053467126781228558e-04
5.237299923490645881e-04
2.862326997346009705e-04
4.875846718009890779e-04
2.852508177753065866e-04
5.252389605884255630e-04
2.682710598684856507e-04
4.590516687796863948e-04
2.691461093552449668e-04
4.363816172221479661e-04
2.367599374870632545e-04
4.081050309636680140e-04
2.380207075109996850e-04
4.075335807833813107e-04
2.207141891469310835e-04
3.798048493104388967e-04
2.216560804526590545e-04
3.759877310935966221e-04
2.050846862275967908e-04
3.498601422428082586e-04
2.054971972942354341e-04
3.494043393679202580e-04
1.885080659124183100e-04
3.251641127751669913e-04
1.920610428445268525e-04
3.319152626035659637e-04
1.772976219515109975e-04
3.201466501810967813e-04
1.820711216868886595e-04
2.877655166017012434e-04
1.577877254550497099e-04
2.749331202425153720e-04
1.585503004404298366e-04
2.687508807298621960e-04
1.469485286742511221e-04
2.557227811150752927e-04
1.478139252986121477e-04
2.491154064112599542e-04
1.361751994219950745e-04
2.353842724187593660e-04
1.372130900477719351e-04
2.326874884360785600e-04
1.271909182214425726e-04
2.169495202637428122e-04
1.262862770197159534e-04
2.280290543568153083e-04
1.210636005199994258e-04
2.042979621770246723e-04
1.189955750884319485e-04
1.189955750884319485e-04
2.980031556107043400e-03
7.006209914211736223e-02
7.048516993829434529e-02
8.802573432832638822e-03
6.835324191872160782e-03
2.723210359041794426e-02
6.514488684021380038e-03
3.326776113540885760e-02
7.638216298806677074e-03
7.140789474591446861e-02
4.889237703193105578e-02
7.651489545252099234e-02
4.794567873611488285e-02
5.471817466630657378e-02
3.310750834102771378e-02
5.745779596249755983e-02
3.197641538478279699e-02
4.011020707779655581e-02
2.238606199570414290e-02
3.993534086200467570e-02
2.196149946467773617e-02
4.121732993450644145e-02
2.085065095782612232e-02
3.037396080095899897e-02
1.878643300336757527e-02
2.570202486357264782e-02
1.522706272412244211e-02
2.763611941706800579e-02
1.437985900060645417e-02
2.805342380176667483e-02
1.339623063029138361e-02
1.960308196455695651e-02
1.311253628842989905e-02
1.620339394121916854e-02
1.053310138166652088e-02
1.933170605330847280e-02
9.220130925781777620e-03
1.931977389058592287e-02
8.399234171723946041e-03
1.241326621088978399e-02
8.410735100656152596e-03
1.399869705594358749e-02
6.873696401065831907e-03
9.583051991248314749e-03
6.323002911822084293e-03
8.924493455725990287e-03
5.886941347933882795e-03
9.741434512409830049e-03
5.590034873800164839e-03
1.048148714347774124e-02
5.499266165851057764e-03
9.821154491828520960e-03
5.304519387486994475e-03
8.237267091728228685e-03
4.605983959702353303e-03
1.004430440809855885e-02
4.612071673000484040e-03
9.730504295035413698e-03
4.275256260320769996e-03
6.422501190381346703e-03
4.371226881456302671e-03
5.915335763954754356e-03
3.984321523827771827e-03
6.251081076309450424e-03
3.750252424043587496e-03
6.664488287003722533e-03
3.638742708998776720e-03
6.781337752484017933e-03
3.614824386431569891e-03
6.502960697183479688e-03
3.107622346350868980e-03
6.073812527556121665e-03
2.981387601821872124e-03
4.564292530973679263e-03
3.005747166868077969e-03
6.256827141018161953e-03
2.797713564737014380e-03
3.823792508687251512e-03
2.682558540800350499e-03
5.096423470832167624e-03
2.368033148342219008e-03
5.385720202543353707e-03
2.258586581646349067e-03
3.452587906885073998e-03
2.305848385982800508e-03
4.450190291501621154e-03
2.087784704564388250e-03
3.328070944055960823e-03
2.034867209746549221e-03
3.766151053186117537e-03
1.951785566591146548e-03
2.541449422416741655e-03
2.804726915935251697e-03
2.004156456324901470e-03
2.841638991417094751e-03
1.898650695879799954e-03
3.349820118318413975e-03
1.816281815900877561e-03
3.157480475600715764e-03
1.513223079445791264e-03
3.190252155034434267e-03
1.436960715539448152e-03
3.428388658778924736e-03
1.386072812823990752e-03
1.830536333913057589e-03
2.483119059420557662e-03
1.342309037999478427e-03
2.500363825612916813e-03
1.365476843514290550e-03
2.397812673153310037e-03
1.291928061095015678e-03
2.563996238092780544e-03
1.241254003427005870e-03
1.803932211590586476e-03
2.064197907515885611e-03
1.308036681077151542e-03
1.974199078870864099e-03
1.263486760010312793e-03
2.073221341742925716e-03
9.569060084566594071e-04
2.103415612922265865e-03
8.880299009498271445e-04
2.182910284333150486e-03
8.377843777344073928e-04
1.120738213876704137e-03
1.699152046338303634e-03
8.748487430545459631e-04
1.651171524569616800e-03
9.090575969783465382e-04
1.520233509992530152e-03
8.659907340693440148e-04
1.689172780284131647e-03
8.415811477284762532e-04
1.694729492148883132e-03
8.061715245286649179e-04
1.091893795100995490e-03
7.675151854122930217e-04
1.336390089480055110e-03
5.994417481417491089e-04
9.310052599431628551e-04
6.502498752012364491e-04
1.292544375016024816e-03
5.535031219301433936e-04
1.352141850258004041e-03
5.336179102602978119e-04
7.015081470000961161e-04
1.062604481267492851e-03
5.620624568107857044e-04
9.527892062950460428e-04
5.592416012354384236e-04
1.003151121048428962e-03
5.365233418701542689e-04
1.029381311477450822e-03
5.026295956758186634e-04
7.421876485596001771e-04
4.799884447904689821e-04
9.071758570892152207e-04
4.241434391918375013e-04
5.918617601943232387e-04
4.159909991019450359e-04
6.173939264864092280e-04
3.913145177167898225e-04
7.311781229006886207e-04
3.568706739210947276e-04
7.882517926944831999e-04
3.480315708077608150e-04
5.171868284411518246e-04
5.542074596294188638e-04
3.619674255254112794e-04
5.749545800859401368e-04
3.457645429287836691e-04
6.605839583024852857e-04
3.356717396663100317e-04
5.413717956108676788e-04
3.226625575524222356e-04
5.692654106429495542e-04
2.831406715473328006e-04
5.508029019551941019e-04
2.691723995142947246e-04
5.822891005808905618e-04
2.502456481703330127e-04
3.237668006006444443e-04
4.519983975665997633e-04
2.257016235075459676e-04
4.900213503320482999e-04
2.173899487424302279e-04
5.229854547221801653e-04
2.121331326748743251e-04
3.150664142302916915e-04
4.114433504955883336e-04
2.125891642141830573e-04
3.404157374968797001e-04
2.170862723307465103e-04
3.342556161536336390e-04
2.070079221966336647e-04
3.859629019513644010e-04
1.924400104320600491e-04
3.450944771505870534e-04
1.759611851559483853e-04
3.832486775380283817e-04
1.636176435981795407e-04
1.874221863529257348e-04
2.739522750832001918e-04
1.357298230814096840e-04
2.965601290338959473e-04
1.334648877894251129e-04
1.898676707298152522e-04
2.288984644764902043e-04
1.420236949585262920e-04
2.456247932764998865e-04
1.369985347496882611e-04
2.707952666477497772e-04
1.327860417610349231e-04
2.278942423168395237e-04
1.259653637096791456e-04
2.441206019804242899e-04
1.274704046614338893e-04
2.291025733552887189e-04
1.163988730819021100e-04
2.600953279476847513e-04
1.088276809089183672e-04
1.343816624794769155e-04
1.965321779735518248e-04
8.597223822215394051e-05
1.822481502804507159e-04
8.141795578786581444e-05
1.189916093727871882e-04
1.423464438181643033e-04
8.753598724553501853e-05
1.850310819285772013e-04
9.070707362246466232e-05
1.690336626054556035e-04
8.390569689575855250e-05
1.379367991531932347e-04
8.561745305535328754e-05
1.875964220109382907e-04
5.275588094055816413e-05
1.331532837647309009e-04
7.935704528516662748e-05
1.464311946660634689e-04
7.746739428360349677e-05
1.608904155498969146e-04
7.233134372430782832e-05
1.383636895713191706e-04
5.820078790774729782e-05
7.514110607331758729e-05
1.165683636334957640e-04
5.502378593946755103e-05
1.226563252521017944e-04
5.370958230432876235e-05
7.932156015799662896e-05
7.817102997331737413e-05
1.134074215929370411e-04
4.796842600962580860e-05
1.231188546055861366e-04
4.720024233895170340e-05
6.687165376184633914e-05
9.429563040075361613e-05
5.252514372844352408e-05
9.889624094538973509e-05
5.023756255684297400e-05
1.080796972350306362e-04
4.804209447373253283e-05
5.972107152385497386e-05
4.277918607153985420e-05
7.137631647768927223e-05
4.130168808313960938e-05
7.433041883753155332e-05
3.510730728606414885e-05
7.637210633104629665e-05
3.350612719821288721e-05
3.342429216546261017e-05
5.697686242345234575e-05
4.338736508646690027e-05
7.277665103644359590e-05
3.401259745272611212e-05
6.413960699680476552e-05
3.110165480468829458e-05
5.012519992941832925e-05
3.295358920485380594e-05
5.171512122004173762e-05
3.187105252500099795e-05
5.127261670856420039e-05
2.890945921607546154e-05
7.108066628080944582e-05
3.016597483207483776e-05
5.273400667960004284e-05
2.693993282432138869e-05
3.324874703314328883e-05
4.031657375203057114e-05
2.465933721751412122e-05
4.260010908696543197e-05
2.055226284913835855e-05
4.528610699050528154e-05
1.263214142677160368e-05
3.552681977780913769e-05
2.389144612324756167e-05
4.761534838237935219e-05
2.056229473212933812e-05
4.835503962885567830e-05
1.937342104896266903e-05
2.489544983752534080e-05
4.759300891898909924e-05
2.097686356350436654e-05
3.303150425248979616e-05
1.934449399110249601e-05
3.291931414106663567e-05
1.784844034991017736e-05
2.852550329635050730e-05
1.670884579918485713e-05
3.365266576493830541e-05
1.658174795848843530e-05
3.281128527676813178e-05
1.562105292207682794e-05
3.533777526243397915e-05
1.374765044048764651e-05
1.895694870324149406e-05
2.537839106464545580e-05
1.288024613654847883e-05
2.705159734905926427e-05
1.198830303716924561e-05
2.916646406547762638e-05
1.177425703324797013e-05
1.561416130624326826e-05
2.199870756736110877e-05
1.184307977109000376e-05
1.900108366581498842e-05
1.119761983803257976e-05
2.257183843024090919e-05
1.114922969414067211e-05
2.071650369761535160e-05
1.014851151137641239e-05
1.619311828982006318e-05
1.066749104050579433e-05
2.190886909680944683e-05
9.163282875812583939e-06
1.152421754424537426e-05
1.795386636427309668e-05
4.928299152218151846e-06
1.661396773910972513e-05
7.420770936628073855e-06
1.112085344823210420e-05
1.233572947678673870e-05
7.919170257553176384e-06
1.617740831194591777e-05
7.665947120649718727e-06
1.177633342619444079e-05
7.576152001309566231e-06
1.620298511628703864e-05
7.422967898129684272e-06
1.166758143700263872e-05
7.556245288142804384e-06
1.164968423172929590e-05
7.118561746954910063e-06
1.244085662810423543e-05
6.697760729146295944e-06
1.470051839236319324e-05
6.152506230705512280e-06
7.615114187231597498e-06
7.867157632790444666e-06
5.375517415195929516e-06
8.472393886016504894e-06
5.273365455193967932e-06
9.562199219992351118e-06
4.844340472875963144e-06
1.056431011603464754e-05
4.778408153827129468e-06
4.778408153827129468e-06
2.576974297353329391e-02
2.527809848471451737e-03
5.388592116175328073e-02
2.076640090291981267e-02
1.536055853056916831e-02
7.873984906336728429e-02
6.893229716011806119e-04
3.132001702051767644e-02
8.765651691723941319e-03
1.030941569020121795e-01
5.078862964994113049e-02
5.174070168636779599e-02
3.564323935503321827e-02
5.609003667717038510e-02
3.444722874698791237e-02
4.132769408403769162e-02
2.389114652599722000e-02
4.238684642580059503e-02
2.269367437932645615e-02
3.370467643649055489e-02
2.101609096124135156e-02
3.050042335313074560e-02
1.711920609986117281e-02
2.801516279010607402e-02
1.595459931927067920e-02
2.833144053055836054e-02
1.489567480204101457e-02
2.254974379949681307e-02
1.417568067130114962e-02
2.673996049892324312e-02
1.362693538295189910e-02
1.830706733890030691e-02
1.167305122501260950e-02
2.072406681849403576e-02
1.034128651790711118e-02
1.488689572567669650e-02
1.393766524237904925e-02
2.173542108372106263e-02
9.613181806805481955e-03
1.363518036279987022e-02
1.983695250828243495e-02
8.790177618617556199e-03
1.302825050856437628e-02
1.921809422873999029e-02
8.734238226652202286e-03
1.251713711246638105e-02
8.677282314024870047e-03
1.571783777387070202e-02
7.437127077483118853e-03
1.008948390597086409e-02
6.956074005702639340e-03
1.357609458869069030e-02
6.208224075217927407e-03
8.725578465951455698e-03
9.504858535059446112e-03
5.254626074335466690e-03
8.506487929146655524e-03
1.198965440623978029e-02
5.559585362646668472e-03
1.279286637424081885e-02
5.433459695437514725e-03
7.305169194114613518e-03
9.735756795096639493e-03
4.788891447965681891e-03
7.937564625183246569e-03
5.056886756342748868e-03
9.308503230423648134e-03
4.468313817289626400e-03
6.452409424924532289e-03
4.329764815646619525e-03
5.858918821036174229e-03
3.816678030776232688e-03
6.162439557443555316e-03
3.679957644142861639e-03
5.059223030907888941e-03
3.843358300322563537e-03
4.209307682550011975e-03
5.823960413946505099e-03
3.148085214256135522e-03
5.803770111020511990e-03
2.882156545185865504e-03
4.632527875284786489e-03
2.985109151344644829e-03
5.467251251558336023e-03
2.698642154006170024e-03
4.579106357885387446e-03
2.714697589060843796e-03
4.270004724622022962e-03
2.607507515451912283e-03
4.477174565294617103e-03
2.483667009192114250e-03
3.767202145124937118e-03
2.082891383840990152e-03
3.506385466291228603e-03
2.005020241159449768e-03
3.452975369321542587e-03
1.904657666002118610e-03
3.408773705938616949e-03
1.844562877861166683e-03
3.215126282606117769e-03
1.780215858057876410e-03
3.064204921199853437e-03
1.754792322277376471e-03
2.238724866320263018e-03
2.111879902739421944e-03
3.491126929767940368e-03
1.549846045994618393e-03
2.283814899523894937e-03
1.408242645799862025e-03
2.428948447725565174e-03
1.368732336230915614e-03
2.329148808251746416e-03
1.347888819166032093e-03
2.269848393660289787e-03
1.254216865449908624e-03
2.308257022621496013e-03
1.255101204025610429e-03
2.168286617794779048e-03
1.175723797600336518e-03
2.108933045689043162e-03
1.187119025382266102e-03
2.234143937485999487e-03
1.052525623573163926e-03
1.541361974983557204e-03
9.448618018459420398e-04
1.593573803722270199e-03
9.034387049748904275e-04
1.583850391840391225e-03
9.028356949227767103e-04
1.644353082614569139e-03
8.324698368455951680e-04
1.383082545608260716e-03
8.446889933220180779e-04
1.528720690480600553e-03
7.829595803992006608e-04
1.309295304316782094e-03
7.952125609249627303e-04
1.472270575289535977e-03
7.013399299231615203e-04
1.009514279705303608e-03
6.414182443597038485e-04
1.017487288450080740e-03
6.032606177575061679e-04
1.103504110710806785e-03
5.980085549133207223e-04
9.567572748985231357e-04
5.660010810101256951e-04
1.057288842651438188e-03
5.531949792452195425e-04
9.065092251057116357e-04
5.348047791183807576e-04
9.861096033891847412e-04
5.181754050096465392e-04
9.846670693608450264e-04
4.583153618538116092e-04
2.629660100401665090e-04
8.515394924724084547e-04
4.080222260660626432e-04
8.471865112444909585e-04
3.743483766777133681e-04
5.670594697648745353e-04
3.828089591202399333e-04
6.199974491738480253e-04
3.747103492347525489e-04
6.863141137741779474e-04
3.689623635119154699e-04
5.873184469453729406e-04
3.549063499380666897e-04
6.821125631516489207e-04
3.481470247950202435e-04
7.038439255497852542e-04
3.069166890541374926e-04
4.027397640902208309e-04
2.846852060092164294e-04
5.456957879326207461e-04
2.400970873125407579e-04
5.338147475062449132e-04
2.271753390394870564e-04
5.578065630575945733e-04
2.216481924329771758e-04
2.989276402580731684e-04
4.126424396895256308e-04
2.262219333607484728e-04
4.328753302130783354e-04
2.432002664274346415e-04
4.424387032964105515e-04
2.147332734430129619e-04
3.504952997508414825e-04
1.955674501633586360e-04
3.262854393076830561e-04
1.920934688131037404e-04
5.880272603417946442e-04
1.970444388312841966e-04
3.462133805294254074e-04
1.591544562795643714e-04
2.491585811419394503e-04
1.651175744561417247e-04
2.178027456758435676e-04
3.107116197447190586e-04
1.352676026757926309e-04
3.068349567050265847e-04
1.280547564960210494e-04
1.854699022817429821e-04
2.883159953968039702e-04
1.484785759124918059e-04
3.491509755930710668e-04
1.397526107713709109e-04
2.153278706316097413e-04
1.308783150733017209e-04
2.385319027153887106e-04
1.268128227491782667e-04
1.847143240987225710e-04
1.342349351247662526e-04
2.524520041671252102e-04
1.006161069535549402e-04
1.504908744426325384e-04
9.757370422114330921e-05
2.072590454770262269e-04
1.024610799502667646e-04
2.043229982573446790e-04
9.456405999652695016e-05
1.259416531897983305e-04
1.216971622777229811e-04
1.453559598834086586e-04
8.819291047601485189e-05
1.104884971716568742e-04
1.211476117264354002e-04
1.687994536642145604e-04
8.318188173661589246e-05
1.201125651535406291e-04
1.757842485043958902e-04
7.323310972984220513e-05
1.123788245960266607e-04
7.350691445917600930e-05
1.635395604865363950e-04
7.651353247895009702e-05
1.740219123026465198e-04
7.070938960751504965e-05
8.260305514484755918e-05
1.458731686967418284e-04
6.018870688362376598e-05
8.736674277742828565e-05
8.237705022451358161e-05
1.347959196353887279e-04
5.220913384762493337e-05
6.244100691865650532e-05
1.086025336061169355e-04
5.716951423151428457e-05
1.194802627967339603e-04
5.643003389610434795e-05
1.016204846605583967e-04
5.008490086733097257e-05
5.460900459985928990e-05
1.067348048637839497e-04
4.563193502815643399e-05
1.239327716634486265e-04
5.537977305558605678e-05
9.268204096213317200e-05
3.847295424841412625e-05
8.575384485576265092e-05
3.539989016376754449e-05
4.521582029548554260e-05
6.801358110364308374e-05
3.837851043297924036e-05
9.389686911664973934e-05
3.893336150673221141e-05
9.287059002993647283e-05
3.726607545573301650e-05
5.369218764839089886e-05
3.576284855000277929e-05
6.792998219729007303e-05
3.236828890251786106e-05
4.584087101733302916e-05
3.152787165505710476e-05
4.597066256817328167e-05
3.057475429057987526e-05
6.325091377712421803e-05
2.626276448314257550e-05
4.020569683760299995e-05
2.639370533619178616e-05
5.216241732297621780e-05
2.486632561660151453e-05
6.204055434200217434e-05
2.433845626592656686e-05
3.283309256874034077e-05
4.358702508899803263e-05
2.224037610298879031e-05
3.302542561378629671e-05
2.290383917191718410e-05
3.471975164026641636e-05
2.225813236167439868e-05
4.135406829930410311e-05
2.031330072327364178e-05
4.112922284948972163e-05
1.917889240765635606e-05
4.012285591326048007e-05
1.618068496567204306e-05
2.834058801515215720e-05
1.946865939284059266e-05
2.221341871211368613e-05
3.555690425127711052e-05
1.609814907133078066e-05
3.222255814250285511e-05
1.454606135786740140e-05
3.327447368672853401e-05
1.383146458944217727e-05
1.734594401670008779e-05
2.756471393317028173e-05
1.445028577362617028e-05
2.714411249971071527e-05
1.295371831588898459e-05
2.310218745049663625e-05
1.383565652290918990e-05
2.513553040306426567e-05
1.210902364290333821e-05
1.847210779148955595e-05
1.228579206102864418e-05
2.276623176777903268e-05
1.016393939334836460e-05
1.597772121653129318e-05
1.086583930209883420e-05
1.937081941927321083e-05
9.400617964061552811e-06
1.483096683241313940e-05
9.919866453045322885e-06
1.992473390899363039e-05
9.012225375082394407e-06
2.002393589917161876e-05
8.750127575618549258e-06
1.174315831309336033e-05
1.420296481513538822e-05
8.426160722496689459e-06
1.502137499742595139e-05
7.848312046365713002e-06
1.293867100404799686e-05
8.024839061482325064e-06
1.345627808047034080e-05
7.002974933945083080e-06
1.391492869284860490e-05
6.452954270153021810e-06
1.431580967770074153e-05
6.156915464905488022e-06
8.361172568638330915e-06
1.272768634008603073e-05
5.935000272128121424e-06
1.252696735720704169e-05
5.599360513697249075e-06
1.262353351838552129e-05
5.256561334210374525e-06
7.256229985763695822e-06
9.234624368748001189e-06
5.401003316585217817e-06
9.320212903451974285e-06
5.151137832948293749e-06
8.360005930629910154e-06
4.898421533505725733e-06
8.247413486150989570e-06
4.576586262294846108e-06
8.376953073874204847e-06
4.157137755034234772e-06
8.444181407885054114e-06
3.878382048960737905e-06
6.174950982984483971e-06
4.211957981059555323e-06
5.834825500650175911e-06
3.899975191012927667e-06
5.786904967663986099e-06
3.693909928603744675e-06
