6.360197177307645999e-01
6.018245823966462682e-01
6.512720307371441253e-01
5.788539510295964696e-01
5.286260171385470663e-01
4.735084841538235167e-01
3.621049815381249815e-01
2.580167378117617094e-01
7.573622478661079516e-02
4.177613137774716101e-02
3.573381724917457092e-02
1.893569797597006721e-01
2.618973122277434840e-02
4.229348811128101904e-01
6.800660332871588665e-02
1.662455514889551456e-01
7.323935297584371895e-02
3.108146137061518210e-02
7.252113683209926442e-02
5.630521921540776464e-02
9.296543886532004919e-03
1.574053224847848931e-02
6.010816931794427109e-02
8.056008502162370633e-03
1.369845586171836160e-02
6.803114850634672806e-03
2.254000080613649537e-02
7.361738471954870633e-04
2.058524907349701394e-03
9.986921579721586006e-03
2.753444114482306304e-03
5.643087025579029969e-03
6.911802409141909465e-04
1.991635275238268221e-03
9.884500888666103435e-04
1.036644841890366209e-03
4.845141557865417781e-04
1.901921433586029053e-03
7.285510478971524151e-05
2.808031919893094752e-04
8.405153815421728680e-04
1.542038517510224693e-04
3.613296863493875577e-04
1.199284693559343751e-04
3.473008099277308247e-04
2.896207314129206623e-05
