8.777951481623151864e-01
8.609730358480113255e-01
9.006371345520061134e-01
8.236666808197534717e-01
7.475735876173750238e-01
6.491271694666284064e-01
4.443858677876521002e-01
2.768984740432671732e-01
1.061149573618979103e-01
2.443749085178050784e-01
7.024801101873148212e-01
1.659104439100226314e-01
4.359019818395309942e-01
1.268882709264362862e-01
1.970678090482885780e-01
1.196634603228837745e-01
1.640287785882903471e-01
1.103497568187773448e-01
1.117158643012313712e-01
1.068648492816911544e-01
1.055227151957421894e-01
1.118281392011284403e-01
1.151255329847757913e-01
1.046558439293795439e-01
1.057323565312269231e-01
1.047975023103908665e-01
