4.532276204028129474e-02
4.755853865564962923e-02
4.809241433012734213e-02
4.546738164813701744e-02
4.509687738328382878e-02
4.511848384925776223e-02
5.270845162475767953e-02
4.539025754109160538e-02
4.456145875172290438e-02
5.315877800841950496e-02
4.873348382685138702e-02
4.904670429298652046e-02
4.684812165957996655e-02
4.838711620239022348e-02
4.654056224244806916e-02
4.872335487493384409e-02
4.620733424094314312e-02
4.789102095387298696e-02
4.588805240941096208e-02
4.748564236267549532e-02
4.575569170451843082e-02
4.765019671679715518e-02
4.556028644883602929e-02
4.714161877628564312e-02
4.543498769895859546e-02
4.688666701648036561e-02
4.539115333252219386e-02
4.696612453858672875e-02
4.528386245966375956e-02
4.401110115090089980e-02
4.357240034694287445e-02
4.567744365747339330e-02
4.523181002678711149e-02
4.532606208782585799e-02
4.552470536518848920e-02
4.520653813026354051e-02
4.545027553086922190e-02
4.518289395735564096e-02
4.414805527540299757e-02
4.543354897678630877e-02
4.509746378682122359e-02
4.540209079333257236e-02
4.507025086921712109e-02
4.493231381394091617e-02
4.494416070410500730e-02
4.436208698869048561e-02
4.424918050134818426e-02
4.363846853216379884e-02
4.330846495110596273e-02
4.293963107924014810e-02
4.235374765269117603e-02
4.173606782912597790e-02
4.071010183481171829e-02
3.967447128753132102e-02
4.068378502957104015e-02
4.060313746260180157e-02
3.906078235889720585e-02
3.805406407391576096e-02
3.834483772774743837e-02
3.814521926246583483e-02
3.465500340805460766e-02
3.302069664131634941e-02
3.296224477318032697e-02
3.121800647591554956e-02
3.234839005582768046e-02
3.078002977009519636e-02
2.915019561021414685e-02
2.775982903236273724e-02
2.567321220631080259e-02
2.569457353081971984e-02
2.724029379744785651e-02
2.031389391558724444e-02
1.763719838045230137e-02
1.664930800353847662e-02
1.430945427638019574e-02
1.655509028755342005e-02
1.375624185575663461e-02
1.175853025695738907e-02
1.012096684433072546e-02
7.973957430526201762e-03
7.354639278441044148e-03
5.229121551860282935e-03
4.742106645587051972e-03
3.160444868695155840e-03
2.647176451340604864e-03
2.510802256610267236e-03
6.422590689682539100e-03
6.698106816203197589e-03
8.632518920371312632e-03
6.654715761085450154e-03
1.158712139020778853e-02
5.724181628011693057e-03
3.962112187763655591e-03
7.580958485626676513e-03
3.823590021970857400e-03
5.987826890531122714e-04
1.298925751799795414e-03
6.419503154451722260e-03
5.729840068250613427e-03
2.247711130066498697e-03
9.390476803352032498e-03
2.883862293135419641e-03
8.768681577399295435e-03
2.099605000310367231e-03
4.890637970362488041e-03
1.846890859818817177e-03
7.852911555464414661e-03
1.953677730145431113e-03
3.862224122259672043e-03
1.603732491822107420e-03
6.480101599328103035e-03
1.429687606170682024e-03
6.948588089586427152e-03
1.234818170744889088e-03
2.295370931705842388e-03
1.041543991405768921e-03
2.263541573207294988e-03
9.529739509028800626e-04
2.836538279721856348e-03
8.377376850005058273e-04
4.222568909547197435e-03
8.668024672133789466e-04
1.827946865573970570e-03
9.878124094013784884e-04
3.690730775352868420e-03
5.181090999907267403e-04
9.030151247486628563e-04
1.916550385382520538e-03
5.688106204402298971e-04
1.226574470069019540e-03
4.624972892334211494e-04
1.905410368968185608e-03
4.347488341286398494e-04
1.017607552641353053e-03
4.019587511812083847e-04
1.192824070721743013e-03
3.678116643089923699e-04
1.454199718549875620e-03
3.858196985224715547e-04
1.263800647353763296e-03
3.345246816233160558e-04
7.679847220009028419e-04
2.800572710354165551e-04
9.163199382019593386e-04
2.524688452969492403e-04
7.469962851635036927e-04
2.139759558417164698e-04
5.154777884522898646e-04
2.099671030646454994e-04
7.712217404302057489e-04
1.891984507199628851e-04
4.744590159759809467e-04
1.712497679628999236e-04
7.005146874452528039e-04
1.636962470006331216e-04
4.642703592894203979e-04
1.570942485883408679e-04
5.571593274839026222e-04
1.327392629236756605e-04
3.265267998285859008e-04
1.321934880373909493e-04
3.797612911154990556e-04
1.124119292360559186e-04
3.364649781488759928e-04
8.787312947555747655e-05
2.103602408300986326e-04
9.830374609265390973e-05
3.227062759560972438e-04
8.166903636375177911e-05
2.137236774186757060e-04
7.397355097249480593e-05
2.986657769801226436e-04
6.845145148992592965e-05
2.095317686777731225e-04
6.774673202769587732e-05
2.459349120612630557e-04
5.197107214971463662e-05
1.379515151102017612e-04
6.364399615854665626e-05
1.582153014794140944e-04
5.077313225632096305e-05
9.036681672991431213e-05
4.214973345528783000e-05
1.110225239653317431e-04
3.858624106023444966e-05
1.317594878332828401e-04
3.511281765389284715e-05
1.004716998349586277e-04
3.154603162625058133e-05
1.043336720976117959e-04
2.976538748000745471e-05
9.203648924627216843e-05
2.914780422869078791e-05
1.184341104056851890e-04
2.580063875878835233e-05
6.286756050055686273e-05
2.332502900348476516e-05
9.232357001909274885e-05
2.090304492230465883e-05
4.031555014938348336e-05
1.881000588010994790e-05
5.968728973004822080e-05
1.615934567134047484e-05
5.789274961631729610e-05
1.495583083621632170e-05
4.103140166500374164e-05
1.386458076868546385e-05
5.397810486218457271e-05
1.226127196463089319e-05
3.998528448034832650e-05
1.276167130492833479e-05
3.074836789551671501e-05
1.194609588361927877e-05
4.024469475250036510e-05
9.551221646475482885e-06
2.917711749250706532e-05
9.382539202573703108e-06
1.633395018896255380e-05
7.495225650244741189e-06
2.061197731328956451e-05
7.143151518618218176e-06
2.417264004750396822e-05
6.310375813112223398e-06
1.855956290530702546e-05
6.029036077270788496e-06
1.959260540063123557e-05
5.354809814894778697e-06
1.659516385454917753e-05
5.432646070002711269e-06
2.132676450972148530e-05
4.854934773201868836e-06
1.166912352079663151e-05
4.295057738468166519e-06
1.669140711602068450e-05
3.835579923561205362e-06
7.832675596008975560e-06
3.518210382025266370e-06
8.713116412040200487e-06
3.210319589386223527e-06
1.037629410827189957e-05
2.645260277711614094e-06
8.158699762006449419e-06
2.635899425396104334e-06
8.492788969527431675e-06
2.314623396282300405e-06
7.102489500976361114e-06
2.361001322892519738e-06
9.519846278727150946e-06
1.910099291957401135e-06
4.840882824708181431e-06
1.984324813686377809e-06
7.397116148388782619e-06
1.531074485972006016e-06
3.190405758024539296e-06
4.988784248149968903e-06
1.364588178121017847e-06
3.215165785830365053e-06
1.503998727891975307e-06
4.558448990055197214e-06
1.093723993483841639e-06
3.258859232246891224e-06
1.187030676197409207e-06
3.450130471649437425e-06
1.018619917636520711e-06
3.892750728651250824e-06
9.659533235506501114e-07
3.615216175201219073e-06
8.046408510598013208e-07
2.070387620012326124e-06
8.999190631575615384e-07
8.046408510598013208e-07
1.580139131865554436e-02
2.768583971778582065e-02
1.177834747649553204e-02
1.368239193227815953e-03
7.050740723041237779e-03
3.139218813869026903e-04
2.770025078677740282e-04
4.782832317216101359e-04
8.280012001723568993e-03
7.927247933908310173e-03
1.727192694234402914e-02
5.199406557015118224e-03
1.153095862073560962e-02
3.484607236123982155e-03
1.529686366838678424e-02
3.377909507625620478e-03
1.012530371274689145e-02
3.331271185263662282e-03
7.252594144620982952e-03
2.314296168806406762e-03
5.333486812469367955e-03
1.447558460509257294e-03
6.669697401499807832e-03
1.398360420825195405e-03
4.355758610954274523e-03
1.568944825000695431e-03
2.997244329166259824e-03
1.046246981553200506e-03
2.453972492348133194e-03
6.911253221811852754e-04
2.154773970123202709e-03
6.133901801625984973e-04
2.675981075896727290e-03
5.760249781096016264e-04
2.143057083267785323e-03
6.195505176681548321e-04
1.485970016655846493e-03
4.632149446053279718e-04
1.250700972399876321e-03
2.902189686991851758e-04
1.395276156821889657e-03
2.451784961223779646e-04
7.701205119041709679e-04
2.799442707150934240e-04
1.074038553223632952e-03
2.425651850457288816e-04
2.785941144537451564e-04
4.599906090839711581e-04
2.147646417467452551e-04
4.359844400511070361e-04
1.313165667470306275e-04
6.288556678962775592e-04
1.130123216024347954e-04
2.463384459808759530e-04
4.373393250604040716e-04
1.345843374922495173e-04
4.469629445142953017e-04
1.081428324863908941e-04
2.806891343052342336e-04
1.148384091849141697e-04
3.324551741343828581e-04
1.120823052040975654e-04
3.986391754725593373e-04
1.013873201948234382e-04
4.038149947768188142e-04
8.429980333291009487e-05
1.812001587681022485e-04
6.539672880967462021e-05
1.926524205373425502e-04
5.480673275293224123e-05
1.143285882243549878e-04
5.334730726347380880e-05
2.288062302732152276e-04
4.454235684370200232e-05
2.580691743613305889e-04
4.264099008033372940e-05
9.695185853952903443e-05
1.234291713664292800e-04
4.700024060622087774e-05
1.004586910297033953e-04
4.819112939125069772e-05
1.279705362989824735e-04
3.602691545101510684e-05
7.991487444813927254e-05
3.244152460002425187e-05
1.315274151431067295e-04
1.900261069931463709e-05
9.740494844701075294e-05
2.224204391831907657e-05
3.184541229883652846e-05
5.332457697704295896e-05
2.170519210986654457e-05
7.801642162386102086e-05
1.831962560883138025e-05
8.374316295378658737e-05
1.704170657934600541e-05
3.306451920048747439e-05
1.537820343677775980e-05
4.920327569124527400e-05
1.466965974450396004e-05
4.643068910736847243e-05
1.314772705451883184e-05
4.382868228691716439e-05
8.650285223565923332e-06
4.770724073632770512e-05
8.218785919278381868e-06
2.920247159399202985e-05
8.024894105562729862e-06
1.375098292477616724e-05
3.148160849664183303e-05
6.903784268597057405e-06
3.000908917261124742e-05
6.065657568221638485e-06
3.680708991704584321e-05
5.492008951168969588e-06
1.038059357483245293e-05
1.987119647728352589e-05
5.432647052661110365e-06
1.181302274488871262e-05
4.785954442976247947e-06
1.651165442084767676e-05
3.405625552233004782e-06
1.796466366466020759e-05
3.107035498439714161e-06
1.061991222317537620e-05
3.537306813683471773e-06
6.438997982249894392e-06
2.991360199766646133e-06
9.365769069513696365e-06
2.598930153085987627e-06
1.315645886923455521e-05
2.091788777969227908e-06
4.017725517169168370e-06
5.986544131530990853e-06
2.160841499398991061e-06
6.075050411502580516e-06
1.763016620581758787e-06
4.881087129371408651e-06
1.496915372101170760e-06
5.197976147730543062e-06
1.436356625306167700e-06
5.293706346831683618e-06
1.280600722686209281e-06
5.685579833158982410e-06
1.177282135556012577e-06
2.677109241955299979e-06
1.224474935002106690e-06
2.368062673951953911e-06
1.007335989844371227e-06
2.909560380515152644e-06
9.586353980628459226e-07
2.582726696176429471e-06
7.674983228955767345e-07
2.038849404972786772e-06
6.371376478631063378e-07
2.205342849004310324e-06
6.045134384180528286e-07
2.211285163422616051e-06
5.254402413168435260e-07
1.432260894662640283e-06
5.582973048312567244e-07
2.045993860777528539e-06
4.769867079090772677e-07
1.163495626954613726e-06
4.637706871868374492e-07
1.388057159323885514e-06
4.307858194607661062e-07
4.286388023411191739e-07
5.507406466431774561e-07
6.260852213335610372e-07
7.037628920736338500e-07
2.935823602001619292e-07
8.510720795884552103e-07
2.607996845149784804e-07
1.240749162301213460e-06
2.309988001991669648e-07
5.188813577694517676e-07
6.182041267788207506e-07
2.408300551204334283e-07
6.400793721716979690e-07
2.314931427660482655e-07
5.743072087893708044e-07
2.025831195018312769e-07
7.616273531851902590e-07
1.981164160502757454e-07
7.889763395940718738e-07
1.771779247761173792e-07
1.552520743408614123e-06
1.854497819753220256e-07
4.235102833982651305e-07
1.286571109648804168e-07
2.852492402283246520e-07
1.208226162452419317e-07
2.304902214644855007e-07
4.291150037527557970e-07
9.381746057801620964e-08
4.789722383158334651e-07
8.970447018530336436e-08
1.662507671529311892e-07
2.352002009819997852e-07
8.882768542939345480e-08
3.526291214583920919e-07
8.154347297395503347e-08
5.494445740605868878e-07
7.848344230065862348e-08
3.967560293638427993e-07
6.701842114598122180e-08
1.988818353337862277e-07
7.754555164662946254e-08
1.659970665368604159e-07
5.857545815057818572e-08
1.154486890531103427e-07
5.568842376124649718e-08
1.019987149186718511e-07
4.402693587479689086e-08
1.167440401017572071e-07
4.052715762981051739e-08
1.773638531599175394e-07
3.438168461045165714e-08
1.203203485733439493e-07
3.653151581239910684e-08
1.555821740328866554e-07
3.692701555646493716e-08
6.604202951177029490e-08
5.870201891244875014e-08
1.071374917671619187e-07
2.767241480405857601e-08
6.131449215018847099e-08
2.725696757188700303e-08
7.940201796063917072e-08
2.562453316201640519e-08
9.472017958866985055e-08
2.321039604957775282e-08
5.376117340194497274e-08
1.986949260679438112e-08
5.625723298319229571e-08
1.764298729334257132e-08
8.015818131479335307e-08
1.555867890079554172e-08
7.271391033736307463e-08
1.440960617493658447e-08
3.122553771106595377e-08
1.474579558458088968e-08
3.130048187305334295e-08
1.271587657392103665e-08
1.271587657392103665e-08
3.460738775673988243e-03
1.576583548262389112e-02
3.172112993125941749e-02
8.807200772936729649e-04
1.714506376750413175e-03
1.503897205519577618e-03
2.504702175013528986e-04
2.164107262619285876e-03
1.593305621897000979e-02
6.041829037733426055e-03
1.530555613961914752e-02
7.034167349131759117e-03
7.814540448667917083e-03
3.187866354451007744e-03
7.885141485546864892e-03
2.656308495391557223e-03
5.637569716285040222e-03
1.455715741803698116e-03
4.036227442295037271e-03
1.403103415989814806e-03
3.918636637374239839e-03
1.129936005034859470e-03
2.627709279589551805e-03
8.758061893218149763e-04
2.781267781794438676e-03
7.973315814949755165e-04
2.100750429924524987e-03
6.348798343660533305e-04
2.121260384759904305e-03
6.302722560383999806e-04
2.033536611201980371e-03
5.976604291674236791e-04
1.903567508730774627e-03
4.629482099307580256e-04
1.143475780567948519e-03
4.165821282331449993e-04
1.114059961889068973e-03
3.649905556823984654e-04
1.172686185615834376e-03
3.667838030734227317e-04
9.701604221651338733e-04
2.642498273347504423e-04
8.519224453666929264e-04
2.782397164738936723e-04
9.395307150975584776e-04
2.497716400756688770e-04
8.508244479386029013e-04
1.850346193373875181e-04
5.033188803353905172e-04
1.970665161096230023e-04
5.417852847432458319e-04
1.652699549186120720e-04
4.179022751197303265e-04
1.605284810597407130e-04
3.875627402371017993e-04
1.216501854579554731e-04
3.999175640416741118e-04
1.112034229596714496e-04
3.175930863728027020e-04
1.040114346830822711e-04
4.188271981321323167e-04
1.025999659512999429e-04
2.429961046654938173e-04
9.126721200580778515e-05
3.333769138819109301e-04
7.450657617147360412e-05
2.231793634304146678e-04
7.513470698927715574e-05
1.856701295407381380e-04
7.154668816544695886e-05
1.570469866812862492e-04
5.418318850147763044e-05
1.812518311901101242e-04
4.584427931098034037e-05
1.392472477895756455e-04
4.368031644308434380e-05
1.852601395248010263e-04
4.124681162331889084e-05
1.012278298831992274e-04
4.298230468657848746e-05
9.765145964069077422e-05
3.403642456933919647e-05
1.379878839830039894e-04
2.972172638493475461e-05
8.188012098986341414e-05
3.235326421724415979e-05
6.343672514663722950e-05
2.472715796730806659e-05
8.216650543613202018e-05
1.836372182006940079e-05
6.044506934144155963e-05
1.856203330474759383e-05
4.857092130039486477e-05
2.002501624798203039e-05
7.452883312508706837e-05
1.658295350803751234e-05
3.981551681231376705e-05
1.576124775437559578e-05
4.078138188545743503e-05
1.435301254748555522e-05
5.467709478801374701e-05
1.188537387286636715e-05
2.587942633791584512e-05
1.159660147009855535e-05
2.357025333421525204e-05
9.207745426564883928e-06
2.675971501509000205e-05
7.833205057150571804e-06
3.155181468017520530e-05
7.477361426477813211e-06
3.279764647790006649e-05
6.479333796827191350e-06
1.634552910223519007e-05
7.495190771367177263e-06
1.758790193562287385e-05
6.473348749147511683e-06
2.412389461092789844e-05
4.606387299932457324e-06
1.071639849870020811e-05
4.979118841674790019e-06
1.598887083220645877e-05
3.814454248796117497e-06
1.577930823748463496e-05
2.993883548851883347e-06
1.406410292048576594e-05
3.078125387134811319e-06
5.768661822225240599e-06
1.182537726762689090e-05
2.594390243970678966e-06
8.349603386359483181e-06
2.884168692762756336e-06
7.123602219438751604e-06
2.613372073523301253e-06
8.732905039665617153e-06
2.029927270497111635e-06
8.943806509065233001e-06
1.816581817082330019e-06
3.393905520177042945e-06
1.540576742065091764e-06
5.892469207124939601e-06
1.234773356229013075e-06
3.579715778689873673e-06
1.336852150091161207e-06
4.755492410413175719e-06
1.198453617012873451e-06
5.622384367187649445e-06
9.913892861090900510e-07
2.501976473778810828e-06
1.181507404801607208e-06
3.981974076361360915e-06
8.024280744312051183e-07
4.345375440695242730e-06
6.671043446537794352e-07
2.754238817348486634e-06
6.533325701552072928e-07
8.047332672456164460e-07
1.372251193787477064e-06
5.974602340641510523e-07
1.339437737724047395e-06
5.508721385716341956e-07
1.442606655799316684e-06
5.353487514403454384e-07
1.222108014009570809e-06
4.485136260168332001e-07
1.063113307053775713e-06
3.684909321011176075e-07
1.421630630105141790e-06
3.226745862727753433e-07
1.341748044891843961e-06
2.570548618407997310e-07
1.474091913422626021e-06
2.427941674376654646e-07
5.549913039137877036e-07
2.529088463099071760e-07
5.405300466110318780e-07
2.564318605235982318e-07
1.102938936847763784e-06
2.055201159256725418e-07
1.109507143826071740e-06
1.621463315837345931e-07
5.633544900573994596e-07
1.648841712054149866e-07
1.856179252524015055e-07
4.026822810754282500e-07
1.092362431620585994e-07
4.631185871462051296e-07
1.036756129835225693e-07
3.058043575032698413e-07
1.148692666541606400e-07
3.303585489611293724e-07
1.020951189145691274e-07
2.159829037839955390e-07
9.600484329741476586e-08
2.280951673094833154e-07
8.397148754113459290e-08
2.861009654742119324e-07
6.749614511747381584e-08
2.394858732435167781e-07
7.138255120331393755e-08
1.362445543051649111e-07
5.213710319029729590e-08
1.895956880382243526e-07
4.446768286925362190e-08
2.088045978343444631e-07
4.018199062372218577e-08
1.463491734465804939e-07
4.296127620317946594e-08
8.679731877681007290e-08
4.006721820992709127e-08
1.582698841984253590e-07
3.329396969231623871e-08
1.611293940495528432e-07
2.711727675741570920e-08
9.429542413563751779e-08
3.047320995541724642e-08
6.808565389260223810e-08
2.365635232148832756e-08
3.395061554112288604e-08
4.733838587789307439e-08
1.805856264525118604e-08
7.471631402466982763e-08
1.600292665049352081e-08
8.472763257660886893e-08
1.523492632049538997e-08
2.822597688911798741e-08
6.525761964137899440e-08
1.301050878144138778e-08
3.854152408333533231e-08
1.392299597835489067e-08
3.147004146164533722e-08
1.316247677518589398e-08
5.711219075443807469e-08
1.063735366457763121e-08
2.981455482498063247e-08
1.060017629228582337e-08
2.307044411065106715e-08
7.852527961205169049e-09
1.437362961986821119e-08
3.161165407217225720e-08
5.831865990124640575e-09
1.317165343461823568e-08
1.737642385535309586e-08
6.362782967173075122e-09
1.588404774377494277e-08
5.954219783887992890e-09
1.867456278503709655e-08
5.729079322058794332e-09
2.000828203119198179e-08
5.497612809435281633e-09
4.123794095090005385e-08
5.302211114610599907e-09
2.334499349387897382e-08
4.077646886813113269e-09
1.294476337232453034e-08
4.814554754872801823e-09
9.813773349520715783e-09
3.493341949045714045e-09
7.011305869220052500e-09
3.017976868413541069e-09
5.381978862573078004e-09
1.202801003241660283e-08
2.240619467741566950e-09
1.367773461158350301e-08
2.092365725125944209e-09
4.230097827573331415e-09
9.353609553564012913e-09
2.203295212943601200e-09
1.677681493728044870e-08
2.104471263919549529e-09
4.942941056462757388e-09
2.281379973823050022e-09
3.766744249844578007e-09
5.228338872953486316e-09
1.855972042719145065e-09
4.918576101964333702e-09
1.673212346453567534e-09
4.420233734592216024e-09
1.531187066028394383e-09
5.501436084465183285e-09
1.217476786052884563e-09
3.133030168633865742e-09
9.993558203191810207e-10
4.689025834281324023e-09
8.555438579804786059e-10
1.990609899138462424e-09
5.545760517478015572e-09
8.414950958268718750e-10
1.954922335123399080e-09
4.267609488017853892e-09
7.535518875556590501e-10
7.535518875556590501e-10
4.395836978919875904e-04
3.408351894339767263e-02
1.124473630866440477e-02
1.497119245052247472e-03
1.348529622476557499e-03
9.491640548957569479e-04
2.713731360711180152e-03
8.919842882878503687e-04
2.489336641820016904e-02
1.107067924177140839e-02
1.959625659135078024e-02
5.002143976836848083e-03
1.534297044685561939e-02
4.879815494841843737e-03
8.163205075807367095e-03
2.210975667776393649e-03
6.814130476171964546e-03
2.143377326885298473e-03
3.979486807621945843e-03
1.096657902832642861e-03
3.822903407194488956e-03
9.483839586271747280e-04
2.558700502595656623e-03
9.836089075402343340e-04
1.954771488437923033e-03
6.856006358622046548e-04
1.685417824042745316e-03
6.541315079739984384e-04
1.814002316325113995e-03
4.382858093729957716e-04
1.254025380388656963e-03
4.454371333036943881e-04
1.458134697052360096e-03
3.687786667907477778e-04
1.310543734985736286e-03
4.307520258842734151e-04
1.650053634463799490e-03
3.199834517513266974e-04
7.951984019859414943e-04
3.265861016681359530e-04
5.742232803515046058e-04
2.505766991081070927e-04
5.725468364217167760e-04
2.003613737686649188e-04
8.498170384882985928e-04
1.899104173486154679e-04
6.846510046915055270e-04
1.828115055924062204e-04
9.134450916273850751e-04
1.700892282364696584e-04
3.105077336585937431e-04
6.839258320849861406e-04
1.294415402306459129e-04
3.636051157912545406e-04
1.426784141010939422e-04
3.297900695501398971e-04
1.508568258005160700e-04
4.516799662948045579e-04
9.666725431878298025e-05
4.473623777779822674e-04
7.610180558825785369e-05
3.089539491855086695e-04
8.658749699985701653e-05
1.487719025509148807e-04
2.472448734988086372e-04
7.576045728374669608e-05
2.468282967950097273e-04
6.560413488065908183e-05
1.383681051947416307e-04
1.749781784197157464e-04
6.306542454137531450e-05
1.714956801774913941e-04
6.171683649991432929e-05
2.274555548006373940e-04
5.410002250694212478e-05
2.000040284508841637e-04
3.617854137261122816e-05
1.066527970833286432e-04
4.128575953354918227e-05
1.832072198475476199e-04
2.820373162515377174e-05
4.743549775132471780e-05
1.043616853477757900e-04
2.812284827669042642e-05
9.150147569014777105e-05
2.665634289145124569e-05
1.093261953181157153e-04
2.477602424610925169e-05
6.537880757961911371e-05
2.491233236956436059e-05
5.729863633918697019e-05
2.121441982139149474e-05
6.647435536932810862e-05
1.762971228325138640e-05
4.675365786821483738e-05
1.584080006766797055e-05
3.990803492803784991e-05
1.228760140592477512e-05
4.607450752602826327e-05
1.183033513141307225e-05
4.064943968828949039e-05
1.119443305064304894e-05
3.347742692860755653e-05
1.109621969741514391e-05
4.122442227139089255e-05
1.019568914262247716e-05
2.450876153559100601e-05
9.628973080211267188e-06
2.843975315403035609e-05
7.477340927763975742e-06
2.006612750260483580e-05
7.012029017983145707e-06
1.647043976238382612e-05
5.426899835847542874e-06
2.038563415984739891e-05
4.868013480319177688e-06
1.776276969844836628e-05
4.677682844622665925e-06
1.414432058999270936e-05
5.003106728240780399e-06
1.794203057092769171e-05
4.133630666869336778e-06
1.036934545795009655e-05
4.455923976132147857e-06
1.223487848922566457e-05
3.152299481223863609e-06
8.565867817944550211e-06
3.149250263789760140e-06
6.735817797975940380e-06
2.446407111333925855e-06
7.370265005746112763e-06
2.160325172639865343e-06
8.596678037986471566e-06
1.983048907194806532e-06
6.733599810404555797e-06
2.023368446013584787e-06
4.955851832910695975e-06
2.047865128029791038e-06
7.058637676804480066e-06
1.692054869995018862e-06
5.326545317929642920e-06
1.317910129361443694e-06
3.616215267676636813e-06
1.442209722202214550e-06
2.862652926483022497e-06
1.121344904819743249e-06
3.028130960647246184e-06
9.480494471691969238e-07
2.568323816731776787e-06
9.157563013451053280e-07
2.713113223529184381e-06
8.877845847354848274e-07
3.472772013513036882e-06
8.065932198819680821e-07
3.048095066016109911e-06
6.832506423970485798e-07
1.807750882543146531e-06
6.496630402530456649e-07
2.015620549356000879e-06
5.693147631102846162e-07
1.224956048151426558e-06
5.237131720514653921e-07
1.246243915731248819e-06
4.247584352023991983e-07
1.023969984803585476e-06
4.214644729882977003e-07
1.235920326525530299e-06
3.869651239440941026e-07
1.564560279443405477e-06
3.167256422687003692e-07
1.333450389218171495e-06
2.701170119800977432e-07
7.477596678517883788e-07
3.008533573378713299e-07
8.951123126044180367e-07
2.463162555033093781e-07
5.158103660862778383e-07
2.452402317887347749e-07
9.061999403092713123e-07
1.639127040764520871e-07
6.910639512858196554e-07
1.801874037754558344e-07
2.689258155053053656e-07
4.859803690582253921e-07
1.344464830577152270e-07
4.452495913076504053e-07
1.273610540364344956e-07
4.928363694922666127e-07
1.077248541481168331e-07
2.962107535919855650e-07
1.246044151193004268e-07
3.285471239511394970e-07
