4.785086816692400991e-01
4.851323200208191855e-01
4.929271634556374737e-01
4.700873932073017514e-01
4.575792768823900847e-01
4.494301940380531768e-01
4.288371281593263973e-01
4.039078613734895518e-01
3.601655974935252802e-01
3.229674417514435403e-01
2.450039016498464228e-01
1.686349534923565763e-01
5.338211039283025094e-02
8.460850123362506636e-03
1.318972887318969889e-02
6.527931905945472124e-03
2.186885300111216512e-01
8.247365884507973366e-02
6.465992982439994208e-03
3.455253026841687003e-03
6.403962056877332554e-02
4.305722869462735858e-03
5.553615663478339570e-04
5.910585684936242590e-02
1.555966734606156754e-01
2.282456371185581645e-02
1.983680519789587926e-03
2.289493806444697910e-02
6.403962056877354758e-02
1.611942050414594263e-02
2.841063506786845050e-02
8.711937697742255793e-03
1.368777603209525573e-02
4.038097344141622358e-03
7.178653564038905976e-03
1.464578356215273658e-03
2.794036192981241840e-03
7.439816981509306260e-04
2.857166842922698180e-03
4.194095665788211136e-04
6.033042155557666320e-04
2.701950551211584894e-04
1.228302080281240549e-03
1.030737282560201251e-04
2.546652236334878694e-04
6.318308315395038122e-04
4.627904989384923340e-05
1.963402858338181289e-04
8.421467039210206451e-05
2.330685531204412797e-04
1.881961339067483863e-05
5.697843834062688018e-05
2.158004312091676979e-05
8.675315303552366686e-05
1.306047584193059663e-05
1.577857991175157792e-05
4.766313635617969169e-05
2.189056079737738969e-06
2.189056079737738969e-06
1.164849262403000463e-02
3.929915167720232638e-03
6.269514783812546455e-03
2.364389087196272499e-03
5.807823484945906500e-03
1.302727750797871842e-03
3.854680922729891712e-03
8.826927847449539399e-04
2.125629928641181721e-03
4.223517831557499491e-04
1.331630766834401847e-03
3.387127633871500620e-04
7.522096862779825699e-04
1.259045727379781709e-04
4.702356384775896458e-04
1.378464194279338528e-04
2.666285575443350098e-04
3.707031524857740123e-05
1.601856820576674778e-04
5.412850553854209323e-05
8.891665210364330107e-05
1.830383833778537195e-05
5.767796579536632606e-05
1.344082057541662323e-05
2.953361211721627910e-05
6.323770583405163848e-06
2.198667182917724006e-05
4.603874090181037104e-06
8.728176059680237131e-06
2.550949285029524560e-06
9.356279589423088794e-06
1.122386075858017307e-06
1.122386075858017307e-06
9.522462299690670484e-03
6.465971953696358909e-03
1.312798599243403253e-02
2.701378579768043409e-03
1.053251321370041182e-02
2.745589346222487848e-03
5.760841593756227397e-03
7.509089006934033250e-04
3.269960516403491724e-03
1.138720896401546057e-03
1.847227392111738808e-03
3.747596211648440701e-04
1.142300522521066952e-03
2.845710957029012889e-04
6.553840423497714340e-04
1.151371273899748360e-04
4.010018431813699991e-04
1.141275180061018801e-04
2.298241582983084896e-04
2.864660187684719972e-05
1.420147756238110404e-04
5.023903979095578620e-05
7.783212112877357924e-05
1.825802246036012377e-05
4.796761264480586817e-05
9.465834484911894720e-06
