7.859957188095172409e-01
8.255328869856690677e-01
7.563691447420124447e-01
7.130958309417365637e-01
6.529768677001386301e-01
6.177382957196735358e-01
5.322617739389181590e-01
4.516378891631511738e-01
3.796740496353675498e-01
3.690383224211971624e-01
5.314789651240208190e-01
5.621792032508834414e-01
4.092460635073417174e-01
4.243030181981709559e-01
3.767763574228184531e-01
3.557745614469340900e-01
3.564120853371229858e-01
4.101643065205078376e-01
3.618034568554284736e-01
3.553601534856636324e-01
3.627676684008708241e-01
3.445555125175399080e-01
3.371670755590520097e-01
3.395877580584540922e-01
3.188573980701812083e-01
3.058861965195722732e-01
3.343053600261678415e-01
3.141121895271891118e-01
2.771269839858855333e-01
2.529351926789096261e-01
2.897366831207773830e-01
2.406449852989677174e-01
2.312215046023499143e-01
1.650495594190907189e-01
1.067807118542258848e-01
1.301579243579124023e-01
2.313637363246934253e-02
1.875744083738373202e-02
8.064863742750072451e-02
5.403361588137312044e-02
2.656894495060557748e-02
1.157973206727964666e-01
2.169995863880980203e-02
3.324368236726693571e-02
1.922486779034471294e-02
3.619750665060073036e-02
1.782808654156431416e-02
1.804264163660407316e-02
2.211782404727358209e-02
1.771371594221415879e-02
1.786113748752249375e-02
1.768119667881218326e-02
