1.249463940076500634e-02
1.546141177788085130e-02
4.036303831667087394e-03
2.654457384300890066e-02
6.543224745392806074e-02
1.659476271018400784e-02
1.556917173455274472e-02
1.408471673979283523e-02
1.396122368234498090e-02
1.284316216982028802e-02
1.375417398213629738e-02
6.083800071176415081e-02
3.649620301163225555e-02
3.993211828256604257e-02
2.413237298920611895e-02
2.757765674232770525e-02
1.883654368191578499e-02
2.620859206821035681e-02
1.805793164080127244e-02
1.929098767271719694e-02
1.545386301524154238e-02
1.939031459398798951e-02
1.511729708988041043e-02
1.802882082543477704e-02
1.435730263955925512e-02
1.463765064775557345e-02
1.884416220354767635e-02
1.355426047383390120e-02
1.492487043699786131e-02
1.506925169254014207e-02
1.371243032224278569e-02
1.550920346412898443e-02
1.358198309984159913e-02
1.500133292768468518e-02
1.345623769556458793e-02
1.393490059412139104e-02
1.354967093224734853e-02
1.096704819228144778e-02
1.459136388411796936e-02
1.291127173861328359e-02
1.018591615937258776e-02
1.055847538725596113e-02
1.263243427348181847e-02
9.684776950442675059e-03
1.152169635185584795e-02
8.728545659868358619e-03
1.006360893536406564e-02
2.459096605717081552e-03
1.649633787285331721e-03
7.669765840778608457e-03
2.337183664852249265e-04
4.133973786557554320e-05
2.377358734550250041e-03
4.369688481712485917e-03
1.093444912085850262e-04
8.708590625041701117e-04
2.983905480458126647e-04
2.427991311619082104e-03
6.804331532765828250e-03
8.392220581845077909e-03
4.504085770976828940e-03
8.295983304382970047e-03
2.531491594598422878e-03
2.881689265748277329e-03
4.252453552440638163e-03
2.039226364821344895e-03
1.164321195240392015e-02
2.032953443435903118e-03
2.615273161983511230e-03
1.364126099508644607e-03
4.205635611117308770e-03
9.855105226096450011e-04
3.966160308690236391e-03
1.017397628770067008e-03
1.323399126550328653e-03
2.235510114533045822e-03
9.861972687905673496e-04
4.163902085127624275e-03
1.002623052556605998e-03
4.375406313124718949e-03
8.596292193394639014e-04
2.857568976932123306e-03
6.092442451286483873e-04
1.852780366223494291e-03
6.845739167541387005e-04
1.010982615959443720e-03
4.965960378188194468e-04
1.551583326670824547e-03
4.928066879406056700e-04
1.623641670280950855e-03
4.210374214970169504e-04
1.323677081916385667e-03
4.347235741462007752e-04
1.069815292073950097e-03
4.191438650976708757e-04
1.855027521813878977e-03
4.307434805459475768e-04
1.385209840223833311e-03
2.909753140586390785e-04
6.903588238414970490e-04
3.016956225155853488e-04
4.627879929897105171e-04
1.097131965590358860e-03
2.143813312596165588e-04
4.485282709606464024e-04
2.183121804514298603e-04
5.306778441507287170e-04
1.996362632560311212e-04
9.506581780653888814e-04
2.030293762538271096e-04
7.744318231623914528e-04
1.746761031611310244e-04
3.898699464646160351e-04
1.853179462314447079e-04
4.470291603790865764e-04
1.383902138279990979e-04
6.561809267260354517e-04
1.466155574779692827e-04
4.905131303976073553e-04
1.345899142684015004e-04
3.240161971357347070e-04
9.850838675851125714e-05
3.006545466898158381e-04
1.011888488081646997e-04
3.025071901591180890e-04
9.831874193355627511e-05
2.969163445422084990e-04
8.814503195653244916e-05
1.882864871922684813e-04
8.946865291159511457e-05
2.300629703085865785e-04
8.247950442830109807e-05
3.250190331290925272e-04
6.794219111594390625e-05
1.630089046333882408e-04
6.603369971891481782e-05
2.275941306006945553e-04
6.064245150105840310e-05
2.679447555398173364e-04
5.607008587071860006e-05
1.302941501291066118e-04
4.799966563051594193e-05
1.620983422052635348e-04
4.311299469794693806e-05
1.377758543232854294e-04
4.691439286541587705e-05
9.640405975952504036e-05
4.278020160530804361e-05
1.219621302649409600e-04
3.982347021080911986e-05
1.031611587285485854e-04
3.925251038894295164e-05
1.308553035875847925e-04
3.140739874429865353e-05
8.184786061971038862e-05
3.094538565451276924e-05
9.486376679523900179e-05
2.775432621360263141e-05
1.221816279941556616e-04
2.755421747591135784e-05
6.604861711323462004e-05
2.222861164713485493e-05
6.550318587994485853e-05
2.189554446774266694e-05
7.612349591046285724e-05
1.838451132485374728e-05
4.707223470290511358e-05
2.045893756374983496e-05
8.788755211797116829e-05
2.046753293361014414e-05
5.697446347607826311e-05
1.791700179132327264e-05
4.547482659977841735e-05
1.891063988546104468e-05
5.590516229936337567e-05
1.436082498829094334e-05
3.885857247132307180e-05
1.448176205665063776e-05
4.061862877224875490e-05
1.281588669110877987e-05
5.430145623097626384e-05
1.304287213277355306e-05
3.055502359428086123e-05
1.028210549047781086e-05
2.874470217173463737e-05
1.032383703836181610e-05
4.164046783972086274e-05
9.622129836461823515e-06
2.068466413585046126e-05
9.974037135207503013e-06
2.236671966382441923e-05
9.007242249947644552e-06
2.881321136261050242e-05
8.078082141982356745e-06
2.693320303026602858e-05
7.958409803499044699e-06
2.047031891505568524e-05
6.605771912804314638e-06
2.219165469141692881e-05
6.709983330743796159e-06
2.690017256490317976e-05
5.833942701483074700e-06
1.563325793174641376e-05
6.191428323365499864e-06
1.128085259161082377e-05
5.060293136849303153e-06
1.524543419295643076e-05
4.661654656845648503e-06
9.614187020057229915e-06
1.329946103922896583e-05
4.774233856141840704e-06
1.052874398699277236e-05
4.629596109251288283e-06
1.486245622239756869e-05
3.908821488929348220e-06
9.366453457837486951e-06
3.837297604669664963e-06
1.003114064346277701e-05
3.699782504029691665e-06
1.144888490700601835e-05
3.008749495547746733e-06
8.231524567303694084e-06
3.092309451391273001e-06
1.077410701721959185e-05
2.657799776151215099e-06
6.991529985400646297e-06
2.883438680045813385e-06
8.603264517903497222e-06
2.205792847154164349e-06
6.669588690111361018e-06
2.305958647474959378e-06
6.742732239439774844e-06
2.122687742689421952e-06
4.541459223683652624e-06
2.211957113251727947e-06
4.634720419782745182e-06
1.853136829654822293e-06
5.910650359819413779e-06
1.694528171669595906e-06
5.751416428001476788e-06
1.630068678926122061e-06
4.177202622135389731e-06
1.425259600673633997e-06
4.502511841364409406e-06
1.379113261368303256e-06
5.134074679058464596e-06
1.278752976840991096e-06
3.245453308764467693e-06
1.269870088638214156e-06
4.869132341878135151e-06
9.697080315396178207e-07
1.854906103826436947e-06
3.070567404672708278e-06
1.014524550702056160e-06
2.763663060623144929e-06
9.873304347429723293e-07
1.977630337157698648e-06
8.963376021409175110e-07
3.164345552475467116e-06
7.941429656099785461e-07
1.825359930984760126e-06
8.179075141612202060e-07
2.234068658513166383e-06
7.436767570645486103e-07
1.827018238365063496e-06
6.623833626040465106e-07
2.219164475736334907e-06
6.150208303745685612e-07
1.488755492551341320e-06
6.188741117352236643e-07
2.156814972620324511e-06
5.467972337136473016e-07
1.594298105089819728e-06
4.513955415008652494e-07
1.401552202850986362e-06
4.516008755839351352e-07
1.222408300138866366e-06
4.667390788304359717e-07
8.494139311920889668e-07
4.114038402169839514e-07
1.329278435990843832e-06
3.558450193397177941e-07
8.638098913937852785e-07
3.831569627132935807e-07
1.168931921147198238e-06
3.265416037567803187e-07
8.618651279324041070e-07
3.073502788941695485e-07
1.074809686252287122e-06
2.689684407419790091e-07
8.323447681091167283e-07
2.861306748203062966e-07
6.756548214248425666e-07
2.586309585383972376e-07
9.300003182000082802e-07
1.948488754788257893e-07
5.352716297979398519e-07
2.166091742639153495e-07
4.597026027619577349e-07
2.227704151147591460e-07
3.792692588877599746e-07
7.133978493500947593e-07
1.597078657100681198e-07
3.617051643756141743e-07
1.756389754747900156e-07
5.505214156764637323e-07
1.573283261446789538e-07
5.507557014894359781e-07
1.409076303415801590e-07
3.841939191229215567e-07
1.447047004443646756e-07
4.343206665424759194e-07
1.290863190783753112e-07
4.375048758831212581e-07
1.197722890866614875e-07
3.168998908842368678e-07
1.231975325088896511e-07
2.081908655471309544e-07
4.382974447825205289e-07
8.798629780315536664e-08
1.975500535378316158e-07
9.687817503767348626e-08
3.514348149158408319e-07
8.402664031237350173e-08
1.415028210161040079e-07
2.676265383749765192e-07
6.875000047035229045e-08
1.713713333462152377e-07
7.568413606939827787e-08
2.000900342080669247e-07
6.585561584948607106e-08
1.674122398487298824e-07
6.677131814125658593e-08
1.878446637126884866e-07
6.456428391921065213e-08
2.007777076817873763e-07
5.710005657189043404e-08
2.112421644273609900e-07
5.266757785449271978e-08
1.261392632567748251e-07
5.835404737197791292e-08
1.329198860977598429e-07
4.430258071508319517e-08
1.158989140215282987e-07
4.061796687881980006e-08
1.135598785007019274e-07
3.881028332042291140e-08
3.881028332042291140e-08
5.085387274844310745e-03
2.715906330235828836e-02
4.912142642462791198e-02
8.048944936111790405e-02
5.872046625285065602e-03
1.771644557961082889e-03
4.175271136654945536e-04
2.233548114874972512e-04
8.757466242181877192e-04
7.821218989345624095e-05
7.112833719955036216e-02
3.526350860468829840e-02
2.562915539637766749e-02
2.806498988478745016e-02
1.388387101132737556e-02
2.408111001676094265e-02
2.401314915575847309e-02
5.341365139156906139e-02
1.173883296218736216e-02
2.251384166543513032e-02
1.212809005695036912e-02
2.267187180674212765e-02
6.382802375309082343e-03
1.020900872818797378e-02
2.302587130764932599e-02
5.656781668407440122e-03
1.062698024784769490e-02
4.634680005740077213e-03
8.212558365700006746e-03
3.124138322959324476e-03
6.215995455426392979e-03
2.674953127562273991e-03
9.942532165118644905e-03
2.710543107559360010e-03
6.059106917751577726e-03
2.173341003293138840e-03
5.429870796301972113e-03
2.099023671909949762e-03
4.113140982892282693e-03
1.489059449392371448e-03
4.308522119028879160e-03
1.286826141903563148e-03
3.036098511862261873e-03
1.205208266275570317e-03
2.596588654529052853e-03
9.565997022370487102e-04
2.765125368501264447e-03
9.385142131252965925e-04
3.821584437474934148e-03
8.093177193373435330e-04
1.875833578144914249e-03
7.080135105516083271e-04
1.897101031918202452e-03
6.071097114143109152e-04
1.380392305014188636e-03
5.465102616788453105e-04
1.218830526581671236e-03
4.211080217589868724e-04
1.279510922578275256e-03
4.193191864481082831e-04
1.570521352443621232e-03
3.925617950799598077e-04
1.739707673051760217e-03
3.598398519245593619e-04
7.363197794606479718e-04
3.480875599927157893e-04
8.429309531250428478e-04
2.864099628862026847e-04
5.212223002963867202e-04
2.629627760672992309e-04
4.180807875393544037e-04
6.635516150861331397e-04
1.827498932138738041e-04
4.305054560723720058e-04
2.097084563872364527e-04
3.859748920723715671e-04
5.011023758596522271e-04
1.945674359510318752e-04
4.678014177953437880e-04
1.974794701586901624e-04
4.994407006215784151e-04
1.837320374249440391e-04
5.588268770569948529e-04
1.534382469270401117e-04
1.783332991491803909e-04
3.199328366904063969e-04
1.245394663260679380e-04
1.079697516291888704e-04
5.078714291200103759e-04
8.098247970433902765e-05
2.018400364319772322e-04
9.313343549954833378e-05
1.806656316668542317e-04
3.788082445683738086e-04
7.652589556983446784e-05
1.339820448527095920e-04
2.579419862489551463e-04
7.857205164252256679e-05
2.662490218652280305e-04
8.204703972780613697e-05
2.443560631302243991e-04
6.377806818147480072e-05
1.410218153072850811e-04
6.347500553405271972e-05
1.476050583001375927e-04
6.185766720967489363e-05
2.608542260094104392e-04
5.704604672263080545e-05
1.201945797567605112e-04
4.360934366565150100e-05
1.251870693393941636e-04
3.718060156310265540e-05
1.086982366501620945e-04
3.532124912686285256e-05
1.308956194042698584e-04
3.316709447909182984e-05
6.808476480957281751e-05
3.974033719722491753e-05
1.322120589640762844e-04
3.701732293015513875e-05
1.205455643379371722e-04
2.598191493241586159e-05
8.773716384358198894e-05
2.849686495431935640e-05
6.884878662338778099e-05
3.065956642878120419e-05
9.442959124805749838e-05
3.159617055092933668e-05
6.354059376800780257e-05
1.991179538096687907e-05
5.236081085224775222e-05
1.813499347680380680e-05
3.571521066159100144e-05
6.914616036557408307e-05
1.895595413081707648e-05
3.598416020578198982e-05
1.723485210369801734e-05
5.520764817512624489e-05
1.523280484694300441e-05
6.131788594376796908e-05
1.346791937717473076e-05
5.719574090479184747e-05
1.568251453643032534e-05
3.204018361913085755e-05
1.529577970349471627e-05
2.497055938421866017e-05
3.309165499409960631e-05
1.206794446551029409e-05
3.028140168470638827e-05
1.192258768012433023e-05
3.259414576073371705e-05
8.933679336409205973e-06
3.610727884417741507e-05
8.669840196207090344e-06
1.882125272167911589e-05
8.765550469691518742e-06
2.944021356454662453e-05
7.330168472652331957e-06
2.773605129402501035e-05
7.540165523844954976e-06
2.915840905581834619e-05
6.435887801581330336e-06
1.661516489837033816e-05
7.301429474249054863e-06
1.202044664161405763e-05
2.487441564080761225e-05
4.872711506620497346e-06
1.176762463706015893e-05
1.185035278050694529e-05
5.735585268396015124e-06
1.983942846439656904e-05
4.915759405199615628e-06
9.060661912752010494e-06
4.480511598847769505e-06
1.643229909265020439e-05
3.632388385299556433e-06
1.093314334410511179e-05
4.386656106580844039e-06
1.218731038765685781e-05
3.538926282353749286e-06
7.421623650083475354e-06
3.576699050822362835e-06
1.205332398934721994e-05
3.127526836732563709e-06
6.500058517544538006e-06
3.190945013886725690e-06
5.674984189907306131e-06
2.799210450543654360e-06
5.501006126173990651e-06
2.290724390952014744e-06
7.003796428706188237e-06
2.187644780993203142e-06
6.786620974086332581e-06
2.032013156960665867e-06
6.828945572023847888e-06
2.017694313183326926e-06
3.861004411298551986e-06
1.756645384043409308e-06
6.639006088882126733e-06
1.487379093556562282e-06
4.881536768142069604e-06
1.723484046589618401e-06
5.673229791502976127e-06
1.373403564208786065e-06
3.936566878692815408e-06
1.456359836948806219e-06
2.472478830117808002e-06
1.175671641595599226e-06
3.815202855084187661e-06
9.709540447211395531e-07
4.214038477945436512e-06
8.965232365376607504e-07
1.879614339506119336e-06
3.540880288199765857e-06
8.874557456683973555e-07
1.784946266347731125e-06
8.789204396508765171e-07
3.052372950618220671e-06
7.480688503092025599e-07
2.204594880983457017e-06
8.318879588520289303e-07
1.809317706880086973e-06
7.008722535672973208e-07
2.667278664048033932e-06
6.023380066944028499e-07
1.257886054761847561e-06
5.991467578736475730e-07
1.872539162728337203e-06
5.119830505107003660e-07
1.015873541843070882e-06
4.647611805408402574e-07
1.083327457851446241e-06
4.183380090116983752e-07
1.403184292203540906e-06
3.982061206331266590e-07
1.544403358089141420e-06
3.790145629567476249e-07
1.477662346816011052e-06
3.624585109829325802e-07
7.754771578216690386e-07
3.659516704113130459e-07
1.047001436549344078e-06
3.138865927176937021e-07
5.544180033956180864e-07
1.086028839747399388e-06
2.525522753149544997e-07
5.237546870651144104e-07
2.480492162781899879e-07
8.793120587213820727e-07
2.178487202852963378e-07
4.611414063937502306e-07
2.284175860678416825e-07
7.760916251875471517e-07
1.729501970526570176e-07
3.845174618710700543e-07
1.833544684970433991e-07
6.305256087246746688e-07
1.672117240225645673e-07
4.582404632413883405e-07
1.711069996801484194e-07
7.010834442988667092e-07
1.551881264605370347e-07
3.626356860353396883e-07
1.486086782520601446e-07
2.587493954653297124e-07
1.231538496737627497e-07
2.428291362432943856e-07
1.228046451196007638e-07
2.295324968981660163e-07
1.123646137246581134e-07
2.464247211841907870e-07
1.030198040208318844e-07
3.094099469969080474e-07
7.790934142271055407e-08
3.172250042648983026e-07
7.082252340140371416e-08
3.334507969743327749e-07
7.040594940388444911e-08
1.436917904662493584e-07
2.411786587108721847e-07
7.352977793306791909e-08
2.345373026901853564e-07
6.290194609626098554e-08
1.478242048769118355e-07
6.867632074136764686e-08
1.566312635148392474e-07
5.661833279990702295e-08
1.743384158148231222e-07
5.611973019625793313e-08
1.928837406461880732e-07
4.827881305846659643e-08
2.046824403301172879e-07
4.161218913889541682e-08
9.284851787416670277e-08
3.703019080258940221e-08
1.087913018560371370e-07
3.553550309565167709e-08
6.322768664190903110e-08
9.778095133583519782e-08
3.243804602703903583e-08
1.235445595826334397e-07
2.941440269133011043e-08
5.427355120879440165e-08
1.207239808120874613e-07
2.508290453118178220e-08
6.945396202606701763e-08
2.666348797308870644e-08
8.263044626311000229e-08
2.572815660517591141e-08
6.307609923261736640e-08
2.497187356897967447e-08
8.918207761166030423e-08
2.070153215516512546e-08
9.846960247195113425e-08
1.592417464557627227e-08
3.210174605028370820e-07
3.092163769480293922e-08
4.817915078003665030e-08
1.760073664591743636e-08
4.294482613964589746e-08
1.800098181625742200e-08
2.064296056314418593e-08
1.242052959371520160e-07
1.868729226917054120e-08
4.313775947561993007e-08
1.310147335065181551e-08
4.592749247578353788e-08
1.130152538220130509e-08
2.507678098506715969e-08
3.468526343919364763e-08
1.120520665143232009e-08
2.598881421178589335e-08
1.217492140437315129e-08
2.594190295912568445e-08
1.180282216406425277e-08
3.480351973284001588e-08
8.922294347790682423e-09
3.895719635771399680e-08
8.602309642391503530e-09
6.094810955925566986e-08
1.004200700371882249e-08
3.396542991307427428e-08
7.771946641810245637e-09
1.376717773116098442e-08
2.127454667988359915e-08
7.283226799437159116e-09
1.917791336847329831e-08
6.299193056058527418e-09
1.668905891261118768e-08
6.057789936342317105e-09
1.823171069670337374e-08
5.399666824779103536e-09
1.849995967528883511e-08
5.077016140830892255e-09
2.011165056714503407e-08
4.742735093543615221e-09
1.656299009056283467e-08
4.930650554513249517e-09
1.962347584427703850e-08
5.239622735686566557e-09
8.406226492674306883e-09
1.672216409787097291e-08
3.541154924846523500e-09
3.541154924846523500e-09
6.963755761998924321e-03
1.823770395457835480e-02
8.997431065498928682e-02
3.891925971467424805e-02
2.040249582810793605e-03
7.252932268500766888e-03
5.025216788641206911e-03
2.106245345814050651e-03
5.783387915142879088e-03
8.210024987196473667e-03
6.325341349126278878e-02
2.931139268130222852e-02
5.125349879007190523e-02
1.901718656703643706e-02
4.459172820955537020e-02
1.312047444877018076e-02
2.330104831722246139e-02
9.270910835948442674e-03
7.770177600029515297e-03
2.058025209780889320e-02
5.956591831754676214e-03
1.014685883503363417e-02
4.695645189718100632e-03
8.084493125346314812e-03
3.593781707309395834e-03
2.481795694526911511e-02
5.059287999930384139e-03
1.367626461413573580e-02
3.471271306992762540e-03
1.233769736889667179e-02
3.445839446218235125e-03
5.256391042211872033e-03
1.062736896706928391e-02
2.230510230489257673e-03
5.595139268898652318e-03
2.652071760014140800e-03
1.153711459381745463e-02
2.969128604506710012e-03
5.244459715505911390e-03
2.637606176454032614e-03
4.625209620185422033e-03
2.297065839654388597e-03
3.499019631038602363e-03
1.835067457837014082e-03
8.102371952513287567e-03
1.436265021967364497e-03
2.913408989363430734e-03
7.380851529095733277e-03
1.558902146730711813e-03
3.139319352824299081e-03
1.344433238509745721e-03
4.418878236594703246e-03
1.150298953205619590e-03
4.357525298887887644e-03
1.153544523230465302e-03
2.280058337125412393e-03
1.106509051052806392e-03
3.457086075537296743e-03
9.385472495032631812e-04
5.158024157339347049e-03
9.103335715660021421e-04
7.996044021736370411e-04
3.608187100019089044e-03
8.448602023015672202e-04
3.487089522316355605e-03
7.381824016486904227e-04
1.838585627774835807e-03
7.058536469426446303e-04
1.663556795486131890e-03
6.355921467332548147e-04
1.965341408383114441e-03
5.144531584825307036e-04
1.845972776938986648e-03
5.039352112757855551e-04
1.941280570461390020e-03
4.643556375643065337e-04
8.277218199175262470e-04
1.798061319489341336e-03
3.909626778643149336e-04
9.834262009683625294e-04
4.222306671198827743e-04
9.141247745164671201e-04
4.042704875198976922e-04
2.164456971118333684e-03
3.674916180773646346e-04
9.916685324519169953e-04
3.720997152598659596e-04
1.340914827136496790e-03
3.033920023685077183e-04
1.268122309461605646e-03
2.580240447886961164e-04
3.946294884710210837e-04
7.809947081163226557e-04
2.226758174782572652e-04
7.856475647861627110e-04
1.974092479193334526e-04
8.923802603207908746e-04
1.787672821335073436e-04
8.687328005021477395e-04
1.664404205432568062e-04
3.176873220115394858e-04
6.785044804592521572e-04
1.740023763365794451e-04
4.342826705115987451e-04
1.865751448792973832e-04
8.180034067665209463e-04
1.689159768268888584e-04
3.289639158727819535e-04
1.545930261530603644e-04
5.350887746277122048e-04
1.324133845093111717e-04
4.999829638503427987e-04
1.064912574229026632e-04
2.674499134254215704e-04
1.073154114089591715e-04
2.443383398363918602e-04
9.381104535988171733e-05
1.754985728992242144e-04
2.809878765516193866e-04
8.047526605137189648e-05
1.718302913676916788e-04
3.365444173192289057e-04
7.416428944595487849e-05
1.600258071147164785e-04
3.141020825507823133e-04
7.563427535528521872e-05
2.386695354502643696e-04
7.560716799048794456e-05
1.606515552776688338e-04
7.586390004454823810e-05
2.238895809940633086e-04
6.943592004082788094e-05
2.050045021241286847e-04
5.973731513519986436e-05
1.193871562126247454e-04
5.165742208101953281e-05
1.575304271356214869e-04
4.809187213805632410e-05
1.052825295030368480e-04
4.494301712343329314e-05
1.197977862500421153e-04
3.657001576351515126e-05
7.229348770099175425e-05
1.505659820513205460e-04
3.387282369815558525e-05
6.984275454680055617e-05
8.261217542759879962e-05
3.640517021796796371e-05
1.154534422863617849e-04
3.286356239484700126e-05
7.708924253613247402e-05
3.369879747905368816e-05
1.165066081462162728e-04
2.989341112114018983e-05
6.487831478518835127e-05
2.921138328149108787e-05
8.825574497361987625e-05
2.217928921000034137e-05
4.965986103289132814e-05
2.355114237373445718e-05
8.096001269886077267e-05
1.893239986661132690e-05
7.606426560147205862e-05
1.485903011311240363e-05
3.163880869638813209e-05
6.245390441550480176e-05
1.521760965750296180e-05
6.309095250256469001e-05
1.396407821974143815e-05
3.561251952111099683e-05
1.622122903222056323e-05
2.902005691385323161e-05
5.586653271938413212e-05
1.240927192114327227e-05
2.724654859764807924e-05
5.338096809981429658e-05
1.234531087745960320e-05
2.528955186076320416e-05
1.234853025910975788e-05
2.742499455599123337e-05
1.119651671421806327e-05
3.487445000216471414e-05
9.748613541193940080e-06
3.371675438257337731e-05
8.009124808916467941e-06
2.628610894772620554e-05
7.246422594309187559e-06
1.551234260888101346e-05
7.678646476882988736e-06
2.927188544854519847e-05
6.092971790105927710e-06
1.197305792433045468e-05
1.404492313950012061e-05
5.862988238347632830e-06
1.930586447917992388e-05
5.476586253161386253e-06
2.197688682337162192e-05
5.284907210856282234e-06
1.209755172881799012e-05
5.847478615428336468e-06
1.994374078984062493e-05
4.740000485448092604e-06
1.166676207653427610e-05
4.640639461261919507e-06
1.005794767283685331e-05
3.765262444610506520e-06
1.357318656636241627e-05
3.378706383783125489e-06
7.272914454459211697e-06
3.596989794907301530e-06
6.102301390531472691e-06
2.985023132784370148e-06
6.041152200042532172e-06
2.827752635936597869e-06
6.982732963622950706e-06
2.748619913450767172e-06
8.301464949567183282e-06
2.448174414526604892e-06
9.195615437218584987e-06
2.276728035321973209e-06
9.071804780380610111e-06
1.965461779884769555e-06
5.386783405669781644e-06
2.231211970182833682e-06
4.519783006085020816e-06
1.796422636313188548e-06
3.369163965705190833e-06
5.818900591814113454e-06
1.472839968874595229e-06
3.619943014565585315e-06
1.626393828835226429e-06
3.573277018276144190e-06
1.403126196897197531e-06
4.135015854611623354e-06
1.256335712462863796e-06
4.448140629165209248e-06
1.198026551296749176e-06
3.482669899024237736e-06
1.128338938283235393e-06
3.300759822355558981e-06
1.047762458128431717e-06
2.366781172491450036e-06
1.090223439303983355e-06
2.924950518790048193e-06
8.936069428866488806e-07
1.998300873551350776e-06
8.723834028501187277e-07
1.440938025343285744e-06
2.727591361662007330e-06
6.298194311638027898e-07
1.620436391513990770e-06
6.968085977110405338e-07
1.331185649156019224e-06
6.502881596537335440e-07
2.093958322069155997e-06
5.318952054356174131e-07
2.273533549312922730e-06
4.901337065099653501e-07
1.003431196799908776e-06
1.278163934137488411e-06
5.158898825907698438e-07
1.752630538587318654e-06
4.614395103796908870e-07
1.107337883166081838e-06
4.757709559655154408e-07
1.518163421421192538e-06
3.899801596096708067e-07
1.012577179548834749e-06
4.137052527219964304e-07
8.456368318920937099e-07
3.254106830663516803e-07
1.064345811152556109e-06
2.816305704200772198e-07
1.199024544207283327e-06
2.671146193122808654e-07
4.783053326740116518e-07
7.582814243178859215e-07
2.321119894066470124e-07
9.213546425801411033e-07
1.963903254464938186e-07
4.168838205753644388e-07
5.737032764407956620e-07
2.223806793155702621e-07
7.339160048580595230e-07
2.061994966995328582e-07
4.681949115070693779e-07
1.928503605697073908e-07
5.392976074602984227e-07
