8.264725295833235119e-01
8.385233629324655436e-01
8.307020735054755356e-01
8.121691804788839786e-01
7.888715903452176992e-01
7.873696858659620101e-01
7.584983539313225887e-01
6.861512902801591984e-01
5.676715870901616334e-01
5.216828283788284004e-01
3.382632479415617066e-01
4.528236296436949360e-02
3.337580815034452142e-01
1.865580412632347196e-01
4.155544196560106984e-01
1.310381346130258251e-01
3.788504296926347159e-01
5.407202960683510362e-02
1.363506165844119433e-01
6.280854906721899944e-02
7.148805005355352016e-02
2.884746348837663454e-02
1.309524805083508436e-01
8.937343580566525780e-03
2.517221722174312060e-02
6.197120061554162174e-02
5.803080310073038817e-03
2.210576384444085107e-02
1.026231971893643014e-02
1.338104588812838447e-02
4.345198696110497139e-03
1.915179831215829687e-02
1.934717318691658861e-03
3.437260954778476041e-03
9.689191508518546492e-03
8.315250572543675389e-04
2.297326292358681243e-03
8.778248031788837835e-04
3.652150165444290053e-03
5.391575586722874291e-04
5.947260295915413053e-04
1.959665047725156484e-03
1.334377428690025624e-04
