2.146784277073126024e-01
2.227869143726748380e-01
1.626003531681090575e-01
1.468883303580281741e-01
8.797366422064412106e-02
4.299462502820539100e-03
1.718339773038710661e-01
1.135873385097851962e-01
3.058953919305651414e-02
1.416740293503518933e-01
3.849879534788125390e-02
7.722896919646649039e-02
1.150488032361041135e-02
3.498112073329129323e-02
1.296360778287675153e-02
1.989191302379045290e-02
4.436883214365749950e-03
2.109888981293739363e-02
3.775449117416007638e-03
3.828434684318038350e-03
1.188376540857394303e-02
1.479552152193752690e-04
5.040548078861784020e-04
4.238341769304043716e-03
1.798467597224906456e-03
2.208505852296926975e-03
8.033359763992553582e-04
1.200160499165714434e-03
3.041141876376496356e-04
1.648813230810119990e-04
8.442155278103324889e-04
2.475692153625086434e-04
3.251925930547461263e-04
1.621099238493517447e-04
3.644540947005392439e-04
1.130954562658104123e-04
1.870711674816227799e-04
7.723756553312810524e-05
3.157383251348733211e-04
2.094002069930045451e-05
8.527673220481979399e-05
2.501102960716927726e-05
