4.365146020011910766e-01
4.416860010317785745e-01
4.389986063590856080e-01
4.338877841724050333e-01
4.300869708518227919e-01
4.276432318998523163e-01
4.221191729998026165e-01
4.161257334591627055e-01
4.066915596471497585e-01
3.994187390624047707e-01
3.858245969329217040e-01
3.741716768915869240e-01
3.573894092831813030e-01
3.453713555792294887e-01
3.342659069250742965e-01
3.410343490371772202e-01
3.657355743834591610e-01
3.398096596586505092e-01
3.546643819278549881e-01
3.360945970110971182e-01
3.361677518129005948e-01
3.347755853010483396e-01
