2.146784277073126024e-01
2.017575331141554518e-01
1.618626395203506263e-01
1.505405887594459813e-01
1.063460821199728734e-01
2.697992792044900945e-02
1.172933539490510491e-01
4.634622276603717062e-02
1.545889426121310750e-01
5.401426575185963586e-02
7.792030161961860379e-02
2.418463506488532921e-02
8.754206807073949825e-02
8.907666679899395312e-03
1.550216343289168019e-02
4.993492078983730043e-02
6.538363012665193708e-03
1.028731957969486466e-02
4.994160459225627235e-03
2.044220250054040733e-02
1.446105626224380991e-03
3.701007512732168436e-03
9.886412612637007769e-03
1.304708538867993539e-03
2.869742199403502170e-03
1.516772414317024698e-03
1.767606394042386952e-03
7.681827752954450972e-04
3.471376026716432861e-03
1.752038186413340526e-04
9.184376876656408228e-04
2.844204204575095929e-04
1.212541802916300426e-03
2.742853607959894191e-04
3.398699922108061600e-04
1.107472504932038859e-04
