4.785086816692400991e-01
4.776488055129473054e-01
4.941379765761779730e-01
4.596900435156604514e-01
4.391512251210111240e-01
4.376693729560202639e-01
4.135928190013269390e-01
3.640215049562318672e-01
2.936532374028456571e-01
2.600906096754853625e-01
1.624386660825248851e-01
5.363441399532842269e-02
1.699846959575457284e-02
2.193040390395084582e-02
3.355440203331438997e-01
1.451961435301574177e-02
1.050199905574469295e-01
1.370416863947765407e-02
3.378481644663589023e-04
2.177573326915582808e-02
5.429786484016929649e-03
9.444832104365419312e-03
1.391105781827062238e-02
1.612632043705009011e-02
1.504624366110718370e-02
6.898465108585161154e-03
4.145411304700763466e-02
8.374518364888672295e-03
2.022236184303694007e-02
3.077127418304348438e-03
7.905786860753050149e-03
2.519520731716240469e-03
6.502738341876090900e-03
9.094316127071788713e-04
2.872903227929324288e-03
1.085898673427676542e-03
1.610756831851745119e-03
3.903267718265990283e-04
1.682239046794542503e-03
2.783439913296437140e-04
3.286896848824216733e-04
9.338503132818587460e-04
1.570855746768629047e-05
6.733519252544173384e-05
3.639810020176215133e-04
1.188152424973498711e-04
2.023476589023687211e-04
3.878761693498766761e-05
8.977509948904227599e-05
2.780154118287025966e-05
8.232271956754022568e-05
8.545357210731907571e-06
2.050564719424663451e-05
8.487836743009680163e-06
