7.546517695374653778e-01
7.422282416275344241e-01
7.669360302183035882e-01
7.215265471171533607e-01
6.860898710751128782e-01
6.622523487001688025e-01
5.956243731322350410e-01
5.118718597311278096e-01
3.935540154063842389e-01
3.377356628588478182e-01
3.654729149995168402e-01
3.727315173840750617e-01
4.475484209167478467e-01
3.379038754655834254e-01
4.902036410467031091e-01
3.298203717994580009e-01
3.277155566839052847e-01
3.402114349074916166e-01
3.709145488781271371e-01
3.266261714059489618e-01
