9.753328061254639136e-01
9.753458714166681753e-01
9.752947655369729185e-01
9.753780493974286703e-01
9.753422789344747823e-01
9.753124122600247414e-01
9.753340549617721678e-01
9.753246318550199412e-01
9.753390971681038524e-01
9.752783798528781301e-01
9.752659056829214856e-01
9.752659056829214856e-01
9.751911929275078883e-01
9.753042424292654999e-01
9.753007836883527126e-01
9.753046844059684028e-01
9.753410032029734555e-01
9.752083887966837006e-01
9.752877659425578383e-01
9.752502024880895792e-01
9.751871976989525681e-01
9.751679371369021965e-01
9.751679371369021965e-01
9.744233353503678474e-01
9.764305216156963230e-01
9.753002296135354632e-01
9.750083690621578203e-01
9.751570673830065594e-01
9.759391087229861705e-01
9.753285157231036395e-01
9.742944006512109789e-01
9.736877170630665601e-01
9.733332139557691054e-01
9.735432079445442977e-01
9.737256875854636284e-01
9.733533139866961115e-01
9.730276550212038078e-01
9.727534950135554581e-01
9.724231481479762573e-01
9.720707519174784927e-01
9.718255359355243428e-01
9.714134207042726121e-01
9.716757221046162796e-01
9.711371346349573219e-01
9.707286242534323151e-01
9.709736149522744109e-01
9.705050206254146605e-01
9.701127333483534620e-01
9.698734951209744271e-01
9.694224558692546845e-01
9.688845610944215592e-01
9.683036199523422649e-01
9.683585789318212012e-01
9.681333973419120609e-01
9.676217637652478887e-01
9.675124212423581449e-01
9.669708253646072116e-01
9.666437723210905553e-01
9.660200713403759298e-01
9.658375362870856851e-01
9.651645720492973979e-01
9.646542181140782546e-01
9.638528376740063131e-01
9.637013362186487297e-01
9.628545469265201717e-01
9.627496497466127012e-01
9.618676747225824997e-01
9.622346850471360513e-01
9.606890841623298982e-01
9.596767861288743040e-01
9.593690001003106760e-01
9.582696680588123073e-01
9.578057462648453813e-01
9.565788434717577005e-01
9.563960321877466031e-01
9.551072846539996331e-01
9.547065513963273187e-01
9.533011431922416845e-01
9.534160751117738419e-01
9.520368559734656566e-01
9.505856565260363267e-01
9.496473119312924815e-01
9.479451364248382417e-01
9.463243024259300196e-01
9.441932143961675461e-01
9.447905646502590127e-01
9.427906526485320127e-01
9.406850865463952660e-01
9.405279751239579156e-01
9.383468184842813642e-01
9.377595547572983303e-01
9.353944511584898480e-01
9.349233319018934729e-01
9.323992375104820374e-01
9.293533490340795122e-01
9.260222786414021856e-01
9.260148061905029149e-01
9.226101655599840967e-01
9.223595223454643666e-01
9.188204707518073944e-01
9.191491305796933853e-01
9.129693258736035766e-01
9.086146849310600127e-01
9.085564619918511386e-01
9.041334364516340205e-01
9.021742233604728156e-01
8.975251905567384059e-01
8.956936432322334385e-01
8.908609821890840497e-01
8.891024383194642278e-01
8.843240034875967659e-01
8.850163276186271410e-01
8.816858365018584998e-01
8.783475923564671994e-01
8.745955718348368269e-01
8.704168009071324708e-01
8.674789173764614336e-01
8.638557688320483985e-01
8.662255369198483823e-01
8.610570788314991786e-01
8.580630822104142741e-01
8.589415077041141489e-01
8.561121083581336721e-01
8.537404144854783272e-01
8.540720855173289383e-01
8.502720707235511544e-01
8.484608677098213203e-01
8.475478475416304835e-01
8.460172989208345484e-01
8.483292594433131661e-01
8.445555518415082119e-01
8.430550414503406031e-01
8.435687974287536806e-01
8.441102018784604200e-01
8.419543818425905268e-01
8.412409594303972282e-01
8.407951889553175739e-01
8.401141819148256751e-01
8.404548113838703483e-01
8.403768786794872936e-01
8.386528076194875725e-01
8.381416735210580615e-01
8.396589811527205294e-01
8.382658815281709419e-01
8.382310895803815054e-01
8.384370210752256636e-01
8.380722040003769635e-01
8.378406982857569130e-01
8.375500167435763199e-01
8.373341072512191507e-01
8.371637328777392639e-01
8.368924896119553924e-01
8.366723691068718161e-01
8.364379791485602178e-01
8.358763112879736834e-01
8.354549325489510903e-01
8.359195247985194976e-01
8.360735023735061944e-01
8.351702631817712330e-01
8.348302956665049068e-01
8.352245609756030476e-01
8.344939198112391043e-01
8.342416416779906418e-01
8.342138685206547111e-01
8.339827342463024262e-01
8.340377359793893497e-01
8.332226498885604293e-01
8.328471905743535242e-01
8.332250563240015673e-01
8.335308714821514364e-01
8.330451836913757013e-01
8.321513562594843316e-01
8.318137501274184276e-01
8.326345990419772303e-01
8.322588602246933087e-01
8.322942601849102617e-01
8.316207940613755678e-01
8.313849625487041983e-01
8.311327539827855215e-01
8.308585431521577913e-01
8.316164254140808731e-01
8.308580208246824084e-01
8.305954208547580153e-01
8.310624231584418098e-01
8.302558060584517285e-01
8.299338125604533989e-01
8.300417631369967353e-01
8.294269928183695129e-01
8.290537669598510018e-01
8.294275575563736513e-01
8.288445025068174044e-01
8.284775850156873567e-01
8.283666584640032582e-01
8.279748766775965052e-01
8.279769206242704183e-01
8.277905798891821432e-01
8.274804510159408100e-01
8.271718582051323931e-01
8.267907864041212918e-01
8.266130896045857934e-01
8.261767067364975681e-01
8.258422056164353986e-01
8.253314442157104747e-01
8.250078259294337801e-01
8.245955493368370970e-01
8.247428922656165895e-01
8.242373035870134146e-01
8.238548032849796199e-01
8.243699076256911784e-01
8.234827980299110894e-01
8.230612751860335585e-01
8.225641723299581543e-01
8.223211663446911013e-01
8.230393321480420354e-01
8.216526787575798574e-01
8.219080248816584833e-01
8.227910892923346875e-01
8.219657823178527778e-01
8.209401829430637010e-01
8.206235364283521738e-01
8.294969798829009422e-01
8.235839583072136483e-01
8.218393239769540282e-01
8.273067125487971740e-01
8.228751425547069509e-01
8.227087206361048954e-01
8.206045362030853774e-01
8.204767800581930226e-01
8.257830302966374658e-01
8.222459369414454322e-01
8.206935756263744608e-01
8.222148746730570945e-01
8.200326181432293637e-01
8.198049799011362104e-01
8.208527665816834906e-01
8.218532814353356475e-01
8.197922924533940225e-01
8.196727861790413794e-01
8.215037068933001008e-01
8.204599655875546294e-01
8.192318722570597345e-01
8.190692713385212542e-01
8.194801176284693955e-01
8.198475993055166500e-01
8.187693712698523862e-01
8.186163859113118058e-01
8.183071482467787483e-01
8.181099693679688700e-01
8.183881234070768951e-01
8.184651209173179343e-01
8.190239871083005996e-01
8.182886620994518356e-01
8.173517745207741214e-01
8.171253243214819939e-01
8.179422058438314824e-01
8.176568561969936866e-01
8.177168827030416587e-01
8.170401801620884585e-01
8.169459645512944235e-01
8.173635769654397087e-01
8.172916414218923675e-01
8.175137721356835474e-01
8.165310761459477762e-01
8.164483904432355832e-01
8.163055282312013938e-01
8.162223525393211832e-01
8.167683206915763439e-01
8.167501101290932652e-01
8.172124588352609464e-01
8.169398101812918034e-01
8.163737081108644045e-01
8.169218635234016812e-01
8.158699019801050056e-01
8.157768795294008113e-01
8.159246677469902398e-01
8.169061956637559963e-01
8.158943398159600457e-01
8.170179932957197799e-01
8.165813044317187241e-01
8.163906676026382314e-01
8.157390413088803083e-01
8.156970870559308029e-01
8.161114403398611605e-01
