5.936875247790295296e-01
5.539803877478579608e-01
6.147920314879178338e-01
5.248209811046091744e-01
4.664107631923627428e-01
4.093803854175703805e-01
2.938295719057975042e-01
1.847064151688766476e-01
1.629455931982448647e-02
6.709497287706733815e-02
5.333691401214535333e-03
3.469488632080115487e-01
7.279067687601781245e-02
7.297898496483612440e-02
7.589929116018390154e-02
6.882017908418425201e-02
5.689468466690195125e-02
1.940611978248493186e-01
3.480910322486541197e-02
6.650979165172565821e-02
1.440040987027502162e-02
5.402431865454149218e-02
1.671532136594167106e-02
2.792869961081267949e-02
6.571677221642646671e-03
2.397414070214942683e-02
3.941822320608023844e-03
5.253944610326355402e-03
1.508843841015106157e-02
4.400329740152919555e-04
1.712992680710234694e-03
5.953944465660443441e-03
1.414276389676172307e-03
2.709382365184254127e-03
6.176767653971459993e-04
2.450094763089438743e-03
4.399179093497185278e-04
6.185491676935495065e-04
3.094640507985690903e-04
5.716077016771903274e-04
1.878457158355217871e-04
9.344548578518185877e-04
9.527295154432291469e-05
