6.360197177307645999e-01
6.092791465356219849e-01
6.569969053161925920e-01
5.760820005809195177e-01
5.167320558406460762e-01
4.714003196794747108e-01
3.582462347514187018e-01
2.262685298931963462e-01
3.378481114546494357e-02
5.789168890269591472e-02
2.879207581159892726e-03
3.860787220288798283e-01
7.161258527368086213e-02
6.934196716526686011e-02
7.548699031125716274e-02
7.154395289736981134e-02
5.759448348242945936e-02
2.137125252819827015e-01
3.763613623709871625e-02
6.730784864734351558e-02
1.434927161731880396e-02
6.198919223891585784e-02
1.785934984276371651e-02
3.226549476623052914e-02
6.595556400770696825e-03
2.182683280623010091e-02
4.556228440488307996e-03
8.518138948781506237e-03
2.939181330163131989e-03
1.005521389213459571e-02
7.840210990509577371e-04
8.455374894557055043e-04
4.587416227827545434e-03
1.042188358719497998e-03
2.691252511011654747e-03
1.162294179024581098e-04
1.770507432399259784e-04
1.072564063197001261e-03
3.180208184565547214e-04
6.102737670119484648e-04
8.548354870330232558e-05
1.467931139831346599e-04
6.560695321455867202e-05
2.674818963330771737e-04
2.039280210164307050e-05
4.004465608620222383e-05
1.260648212895176812e-04
1.766621196919171410e-05
3.751164782950233700e-05
1.804385097370353463e-05
5.608617217345290840e-05
1.277874088767561034e-06
