5.866271899357298203e-01
5.860111828333403050e-01
5.891394387784061326e-01
5.882746588650051844e-01
5.882935330039016364e-01
5.869491547075644799e-01
5.885589402369821865e-01
5.873463543416290733e-01
5.861874005173030033e-01
5.853951981228131540e-01
5.849177329100335720e-01
5.850692576655693866e-01
5.845102079358288627e-01
5.840235242782565450e-01
5.834447808335170294e-01
5.828211094705109119e-01
5.832680211874958776e-01
5.827488199449279982e-01
5.822103267824956241e-01
5.819446673191568387e-01
5.813397094755710093e-01
5.811651041698059350e-01
5.805148641978906676e-01
5.799362571196644556e-01
5.791455399500198276e-01
5.794269155525064718e-01
5.781942550701133499e-01
5.773252613655420751e-01
5.774118514857351503e-01
5.766877160682412073e-01
5.758308115423889095e-01
5.753731468853431341e-01
5.744027349591087628e-01
5.739973509454456835e-01
5.729208313211842096e-01
5.727575061069689610e-01
5.716305703786142001e-01
5.713659802058504988e-01
5.701664078330810348e-01
5.701579523235960067e-01
5.689451578550304145e-01
5.677920497100396036e-01
5.662917983014070789e-01
5.667994427878413344e-01
5.641610798857121800e-01
5.624234044616465145e-01
5.622720815463595478e-01
5.604712626427529321e-01
5.602171181809973977e-01
5.583324113922882859e-01
5.580770516056345887e-01
5.561104421542515386e-01
5.554287350032190984e-01
5.532727828733132736e-01
5.526130393278936292e-01
5.502689874305202178e-01
5.490756210028330253e-01
5.464152368249128866e-01
5.461586631389336866e-01
5.434013988901743586e-01
5.406492178556898676e-01
5.371940896449552971e-01
5.384480880256730106e-01
5.347749168570181677e-01
5.313279129921183452e-01
5.301061666158598529e-01
5.263227618374362038e-01
5.247587340516056686e-01
5.205522283807680894e-01
5.193588310991604784e-01
5.148122424263211760e-01
5.134231868653573727e-01
5.084841658240786266e-01
5.078139476874832248e-01
5.026489821372901456e-01
5.004714382377255522e-01
4.947269085924018706e-01
4.949144768373078263e-01
4.847771457301170983e-01
4.779144632701821660e-01
4.782251741601334372e-01
4.734664114603381879e-01
4.681897072942556859e-01
4.645437294532132055e-01
4.582753011961571143e-01
4.583230054160470912e-01
4.527604650113454809e-01
4.478726813815117058e-01
4.479098884345789067e-01
4.418400988174732147e-01
4.374545534788444323e-01
4.352939299258844486e-01
4.316151184847494271e-01
4.346747509349665473e-01
4.286186853526329221e-01
4.256255371511018515e-01
4.250560789371520265e-01
4.221614067367339684e-01
4.219342284789355801e-01
4.192476255068369184e-01
4.190264586204347497e-01
4.167889982914513292e-01
4.143509600574338814e-01
4.115311762088518233e-01
4.094472348985659371e-01
4.065252242358672330e-01
4.102108390749158451e-01
4.064237209084359259e-01
4.045695604409209611e-01
4.016382069417453460e-01
3.997436727152625657e-01
3.999338167253703169e-01
3.984878755272978079e-01
3.966163609156949654e-01
3.961430946093049688e-01
3.948055880903180714e-01
3.913187935477316914e-01
3.896369409042019782e-01
3.930196067518961778e-01
3.894607232331050994e-01
3.883061816275399369e-01
3.901632985694434286e-01
3.877687165561630733e-01
3.866869401506929371e-01
3.878899391316015244e-01
3.860297139002550892e-01
3.855426901997262013e-01
3.868276034435927935e-01
3.848646735050891277e-01
3.844270425781098899e-01
3.817478629851076555e-01
3.805436161337665268e-01
3.816789480652897915e-01
3.834093241839413579e-01
3.813504796357901627e-01
3.804523048873900137e-01
3.801035156785235181e-01
3.801841101767147180e-01
3.803553453474487478e-01
3.787057919718034293e-01
3.781781281171736619e-01
3.787357768733942143e-01
3.766087858433796454e-01
3.758119906267555210e-01
3.768332238220269970e-01
3.762598410180384434e-01
3.769850146295600224e-01
3.752289333572342844e-01
3.745753260242380422e-01
3.753987270471094151e-01
3.732548173843796002e-01
3.724314652367503031e-01
3.731230262936164888e-01
3.727316062578783784e-01
3.721846965711951283e-01
3.715718440438540160e-01
3.704927869295210341e-01
3.696806673832658818e-01
3.703524907595414639e-01
3.701200660767258732e-01
3.685876433776434924e-01
3.677839959161159911e-01
3.679442993325028333e-01
3.678179931839571370e-01
3.664018223340660407e-01
3.655837650117611526e-01
3.649383716938829902e-01
3.639515492157485710e-01
3.654215937422057303e-01
3.644314095935060616e-01
3.622503767533993280e-01
3.613531431142587014e-01
3.620005341528276244e-01
3.608666203180702636e-01
3.606928448441830692e-01
3.597427919984755862e-01
3.588365731240692469e-01
3.588710951068136978e-01
3.577616397731118170e-01
3.568002047924462294e-01
3.568845378114455791e-01
3.568784831791921297e-01
3.533293007635236460e-01
3.522869539815306483e-01
3.531337844993911457e-01
3.537249956608011781e-01
3.506427361989616909e-01
3.495797313705917286e-01
3.528616525392568315e-01
3.510302589581830723e-01
3.483817432063626152e-01
3.473703317407963453e-01
3.458334953926109900e-01
3.444849390927355870e-01
3.477918766227550140e-01
3.450589104773649218e-01
3.449279145827163218e-01
3.434603677331456995e-01
3.429734995717974577e-01
3.413481034743751641e-01
3.407951543528675575e-01
3.389643103675267222e-01
3.378995259678311269e-01
3.398847520203496231e-01
3.397834982406269244e-01
3.353367054422211613e-01
3.341301711101620775e-01
3.372794386490408636e-01
3.333036189485705236e-01
3.320443371920668296e-01
3.331806221246059740e-01
3.315802524578983501e-01
3.308275654927654852e-01
3.311302999926761803e-01
3.329577547303523843e-01
3.274817908133677014e-01
3.263741428681186107e-01
3.268305577588408450e-01
3.236660551365835303e-01
3.223003415743311839e-01
3.231615799320245452e-01
3.216135498763964540e-01
3.205698546829602869e-01
3.268415284501288154e-01
3.199308174468686872e-01
3.189445370164815108e-01
3.252057026147650021e-01
3.165072771236291382e-01
3.150838052571730552e-01
3.195423412279593256e-01
3.149978409012514913e-01
3.137610099738417091e-01
3.131437480110880189e-01
3.119923732036182784e-01
3.204138816096120390e-01
3.102076071242160227e-01
3.085464434868543382e-01
3.097701780914410286e-01
3.086616716797887516e-01
3.153945523356522784e-01
3.118757523282670308e-01
3.064070369991236387e-01
3.059031506786067389e-01
3.105119291092932610e-01
3.049593826579145572e-01
3.047605405940650991e-01
3.035500994284107135e-01
3.032863101900520331e-01
3.008361513265678244e-01
2.998978614854386215e-01
3.089678831106590362e-01
3.028209748846761862e-01
3.018930460952347072e-01
3.116685471792737250e-01
3.058019120959286630e-01
2.994734625605242062e-01
2.984774139992134590e-01
3.011284750471013849e-01
3.009248156210115877e-01
2.999764510312814547e-01
2.960484489676487030e-01
2.946214033718943526e-01
2.919965133581122751e-01
2.901404447676571019e-01
2.973678239992911809e-01
2.953318165576782617e-01
2.907417292986708146e-01
2.896809678922170894e-01
2.892034198693426150e-01
2.914402522807271190e-01
2.846465731912399821e-01
2.829645813999667192e-01
2.833308270521199823e-01
2.844340713029280820e-01
2.844850612013621882e-01
2.795198410373176401e-01
2.794663826046691613e-01
2.910655016269222406e-01
2.860602876475583090e-01
2.818953758702007484e-01
2.830954589274308209e-01
2.768033062831061208e-01
2.764452597033584258e-01
2.781698943965479343e-01
2.766428349232384898e-01
2.789857876020360727e-01
3.002979860099983522e-01
2.808271164076682203e-01
2.804176372824005448e-01
2.773087140073342560e-01
2.766167997255921662e-01
2.807556930880009682e-01
2.772808550984725562e-01
2.944476105805374777e-01
2.782460699273086036e-01
2.763607277574232635e-01
2.763194844125909100e-01
2.765579074419020067e-01
2.761270364151097167e-01
2.760634521447247192e-01
2.761314735471129822e-01
2.764673838154160235e-01
2.761331412018880327e-01
2.757686764752066422e-01
2.757058804924467088e-01
2.758689018092995715e-01
2.769088075237940982e-01
2.760275161229859275e-01
2.762347022918419936e-01
2.759502655596891563e-01
2.756491878138181972e-01
2.756383431744819923e-01
2.756637534064824147e-01
2.758705189179880835e-01
2.756503149175714151e-01
2.755434312564878363e-01
2.754832437616963059e-01
2.754110372925895334e-01
2.753339182693164133e-01
2.753324057727780660e-01
2.752558438868374369e-01
2.754687252180982870e-01
2.751245304022325033e-01
2.750592851781653581e-01
2.752734837879690089e-01
2.750310706132521599e-01
2.749632413453885205e-01
2.748634886695228152e-01
2.748038213263755969e-01
2.749318760311434406e-01
2.747401456876619186e-01
2.746565016012991745e-01
2.748829204143081739e-01
2.746049852737479924e-01
2.746893146162135979e-01
2.746946813541268906e-01
2.743695544315114532e-01
2.742775712805287647e-01
2.744424713630866375e-01
2.744814716983432490e-01
2.898436387884796295e-01
2.747802907188311439e-01
2.745427154495085897e-01
2.741592326238011523e-01
2.741049346989764546e-01
2.742001588275990720e-01
2.742181317156457965e-01
2.742596643742422069e-01
2.741595062830444185e-01
2.741547372724828513e-01
2.738734766260673137e-01
2.738801561945007901e-01
2.745495830003251703e-01
2.743085631846384764e-01
2.738240664073799957e-01
2.738365982679972221e-01
2.737750262954646852e-01
2.740194572208098922e-01
2.738829168815221093e-01
2.743981995080190250e-01
2.740704911167762825e-01
2.738979744337202149e-01
2.743521522947219848e-01
2.740388515111094048e-01
2.741163603633379742e-01
2.740315788141099995e-01
2.738062631455187024e-01
2.737770779717091374e-01
2.737750262954646852e-01
2.737735672437603407e-01
2.737627056760723043e-01
2.737663234738147988e-01
2.737755142754765281e-01
2.737851933063161214e-01
2.737713547552171889e-01
2.737671990005406952e-01
2.737709286313111390e-01
2.737741261286188443e-01
2.737627056760723043e-01
2.737679319143032641e-01
2.737526230772295843e-01
2.737599363508750328e-01
2.737487211551353772e-01
2.737546995828973317e-01
2.737525789090962114e-01
2.737510780188490145e-01
2.737626999879160250e-01
2.737437980195428500e-01
2.737549982961798856e-01
