4.785086816692400991e-01
4.672325726348081076e-01
4.907660622991903976e-01
4.530048772585973937e-01
4.309815628367836826e-01
4.164662126539886433e-01
3.792987944124259769e-01
3.331551632100665516e-01
2.539255307699086472e-01
1.921583968242266405e-01
7.829718639750127274e-02
5.652025259592630135e-04
6.256382197746379603e-03
6.463610317005930028e-03
6.402437695904428239e-02
6.122066211760035515e-04
5.805470886594665814e-03
1.676015796381147283e-02
2.061269263468989976e-02
2.032707719942772329e-02
4.140377239018833144e-03
5.882807119527377893e-02
1.361013372370933894e-02
2.678830123254261064e-02
6.761498885021755001e-03
1.354147991895393588e-02
2.494148846550414689e-03
5.564646435576303674e-03
1.503630613258311044e-03
4.857688878786348141e-03
7.687954422044285252e-04
1.661541174780012398e-03
6.911353630733030329e-04
2.071156778035043722e-03
7.615169275787536662e-05
2.002950520365587295e-04
8.302273985183461491e-04
2.120005746580888584e-04
4.857196169389954576e-04
3.648407862644198474e-05
1.613308298190618828e-04
7.061053310031262242e-05
1.836560084876870391e-04
1.137207645585114335e-05
4.541084904152725699e-05
1.645489968704616501e-05
6.423437072378135326e-05
1.126741534263064892e-05
