5.221193463888140762e-01
5.178377383951267010e-01
5.286693212912503270e-01
5.085776833493895754e-01
4.942513047588740216e-01
4.863332611356613322e-01
4.603707283879255874e-01
4.211033202374979689e-01
3.499797794261876316e-01
2.938742532444457156e-01
1.696935874397796917e-01
5.604159111932738302e-02
1.956070090303985154e-02
6.014201690634857211e-02
4.016111737874735743e-01
3.633569546697135166e-03
1.307850090735617199e-01
7.521222384693659890e-03
1.469322067739442517e-02
1.792165069578466330e-02
1.981421712204856078e-02
1.642523526638628439e-02
1.741071812966776822e-02
2.762856877891683993e-03
3.782543950499683838e-02
8.603338057541431994e-03
1.876182795238134915e-02
3.188866006265111963e-03
3.937947560843868544e-03
1.615936086915681358e-03
8.248441990544197466e-03
5.887767451957515163e-04
1.649189899441072527e-03
5.889655953268402300e-04
2.682738954279173527e-03
4.997132291757466760e-04
5.005111590513644515e-04
1.616550271253847093e-03
4.780556484851317123e-05
