8.514471577626414600e-03
7.083021033746694783e-03
1.015968973503289519e-02
8.274570202274511566e-03
6.191799979592849112e-03
5.311857535986841405e-03
5.413492210525672199e-03
4.289295893554534445e-03
3.755672636393203589e-03
3.911050520529424368e-03
3.773083300115165351e-03
5.066962557047749449e-03
4.161301142164841593e-03
4.320805538009508950e-03
3.870048966705619264e-03
3.546897558033612619e-03
3.472325605878623378e-03
3.516508355736691627e-03
3.619153284176279683e-03
3.219135367839132122e-03
3.135139378883433636e-03
3.477487376495003168e-03
3.789483769099044608e-03
3.346513254773308965e-03
3.457466504210415792e-03
3.346229416343993179e-03
3.024477603116859648e-03
2.948169014250656694e-03
2.971960937619977372e-03
3.124576293213165989e-03
2.783198552996357655e-03
2.729491816204965282e-03
2.760280491483357856e-03
2.628022134891105921e-03
2.659988422626047289e-03
2.394249204938803111e-03
2.325059637259374590e-03
2.902468878575037436e-03
2.570819483648012493e-03
2.235738683253774006e-03
2.162885681372461733e-03
2.415980405223394634e-03
2.033648355623030035e-03
2.017388957787136228e-03
1.815852327223699270e-03
1.759979867279493071e-03
1.473743402811811265e-03
1.344962399005278364e-03
1.274757375318458230e-03
1.314278667466139972e-03
9.261486025358145469e-04
8.993643193909717226e-04
6.525496760263482798e-04
7.723687979875881737e-04
4.206334754320861791e-04
4.603522211595878488e-04
4.921138022346838170e-04
2.113492642548120415e-04
4.688629101559094181e-04
3.452913550429093092e-04
4.882466672501140081e-04
2.410711227581741056e-04
3.167360789779749553e-05
1.895533324528519969e-04
9.343839915076923575e-04
8.771962878217909321e-05
1.889897408786644917e-04
3.766946676914129100e-04
6.649781576106850167e-05
1.818276188085832246e-04
6.365605791058825957e-05
1.990388366084339111e-04
2.534300906864572767e-05
1.212739202974821850e-04
2.243833723547528081e-05
6.631073948371035698e-05
2.406815980737775362e-05
1.170862846153752912e-04
8.421324055984946710e-06
5.322649785277633327e-05
1.103163638782600486e-05
2.034191776534299834e-05
1.434639411057592184e-05
3.197827457435131748e-05
8.535801921172314621e-06
1.674462129330755999e-05
7.073484055486467525e-06
3.831136721399452938e-05
4.441519738884736057e-06
9.597598718102950954e-06
5.622993242804241731e-06
8.255272348267617133e-06
5.462315669335637836e-06
5.691943924079900796e-06
4.270390336902352146e-06
1.102392574348076693e-05
4.003907013827578965e-06
5.050125350458678497e-06
4.115454370512416915e-06
5.557252969246029295e-06
3.866328015633690995e-06
