9.736910538037644169e-01
9.735665424255641742e-01
9.738154438223588505e-01
9.737328148967543395e-01
9.737162602507722919e-01
9.736574315893961051e-01
9.736079260576092631e-01
9.736248196114918319e-01
9.737115938032069318e-01
9.738225073777325713e-01
9.738544024971964586e-01
9.738544024971964586e-01
9.739703257071977704e-01
9.714847383500587741e-01
9.736562183350196964e-01
9.749488189616924982e-01
9.735264690764818818e-01
9.737995280732270054e-01
9.738379500081313367e-01
9.739280985030918103e-01
9.762735351354834279e-01
9.768366759356179596e-01
9.751898566734611418e-01
9.754406119788101570e-01
9.757048465953280791e-01
9.761223442243782689e-01
9.766554764434468572e-01
9.772417426755778402e-01
9.776374482308689551e-01
9.780787711471581325e-01
9.785632651393154635e-01
9.780585445919548482e-01
9.785226887157624232e-01
9.790284952413486064e-01
9.794535475489161147e-01
9.796818088043804940e-01
9.801491956016796792e-01
9.802648379165296300e-01
9.807496637288319885e-01
9.807608643401742876e-01
9.812406095751677881e-01
9.816331928112094207e-01
9.821854052949346991e-01
9.820074972042018846e-01
9.825573153052630238e-01
9.830751428576083306e-01
9.832190970024519139e-01
9.837560183216417231e-01
9.843706803654519444e-01
9.850167429333912539e-01
9.849101009637971638e-01
9.854143017386490788e-01
9.860003516128587053e-01
9.861145458412654552e-01
9.867059619478518728e-01
9.869466059709761652e-01
9.875651929402939899e-01
9.875836403213927861e-01
9.881843232240042907e-01
9.887466524086064856e-01
9.894247427172312426e-01
9.894620340146981219e-01
9.901147887630714628e-01
9.903152730898427958e-01
9.909672570912805289e-01
9.907930770348827298e-01
9.918483387388166150e-01
9.924831527883725135e-01
9.925136530980690486e-01
9.931034738985936583e-01
9.933097689319928536e-01
9.938734930954173930e-01
9.939846876008052723e-01
9.944997526649732578e-01
9.947395912596032064e-01
9.952035533846612658e-01
9.951232670356034982e-01
9.955436112336943921e-01
9.958563792629933076e-01
9.959544619029878643e-01
9.961685648706074536e-01
9.962934740063835726e-01
9.963049298779255158e-01
9.963245902362647399e-01
9.962634694384844281e-01
9.962468010854310663e-01
9.960482092936905341e-01
9.957184454730162448e-01
9.953442960197265155e-01
9.941518742297541511e-01
9.958847042310283726e-01
9.963245902362647399e-01
9.963287723574634214e-01
9.963196647154766161e-01
9.963332682289516296e-01
9.963330128517553508e-01
9.963297860501812986e-01
9.963188570301289015e-01
9.963169165025196339e-01
9.963228776187947888e-01
9.963347550792311935e-01
9.963365925511693533e-01
