4.785086816692400991e-01
4.618316392789735270e-01
4.840477782614456270e-01
4.557606547622831128e-01
4.401822269020980727e-01
4.200787354074495550e-01
3.857431211498232315e-01
3.595617841382757751e-01
3.006139655503361485e-01
2.347844024861206469e-01
1.282572012432452446e-01
5.622402089413236492e-02
2.056970663694857038e-02
1.655294027880160890e-02
2.762294509130145403e-01
2.319036421654181446e-01
4.757082613849550334e-03
1.612604594881483777e-02
5.638585805730067513e-02
1.630613659170632168e-02
4.807838855975354875e-03
1.280734792779220088e-01
2.039340313197457455e-02
4.780829362985405950e-03
2.041513963889762806e-02
5.625720917968168866e-02
1.138502911010119689e-02
2.754433906921283093e-02
4.172002660343343550e-03
4.196276786953445637e-03
1.139950904008912858e-02
7.450393443964031803e-05
9.900625170267129960e-05
4.768549461969584513e-03
2.096327376290396671e-03
2.375029747037737948e-03
1.018291726532449815e-03
1.217521988675418498e-03
4.692811025268639469e-04
6.486426499178188365e-04
1.922848311839420177e-04
3.666791569136851336e-04
5.316487020468052549e-05
7.616034224278145359e-05
3.304698014772178283e-05
1.605892295675204196e-04
1.556715486561444095e-05
3.653892700483662992e-05
1.377571008009947917e-05
6.233544139899738212e-05
9.220005955601351388e-06
1.078898699247154980e-05
3.387622806161338929e-05
1.858071201787936388e-06
3.642274341020268480e-06
1.461938881242019761e-05
3.261321707803688241e-06
4.833901296796838665e-06
1.434360878849183507e-06
6.527426610558606512e-06
8.193988245697170214e-07
