2.956867074735531897e-01
2.956867629267456721e-01
2.956869465763523053e-01
2.956871998670522750e-01
2.956867796388791270e-01
2.956868242940391411e-01
2.956868370032981197e-01
2.956867623440309067e-01
2.956867556360980309e-01
2.956872054184133125e-01
2.956869446922214539e-01
2.956867074735531897e-01
2.956867620431957722e-01
2.956868527594107565e-01
2.956867346380653849e-01
2.956867783194606636e-01
2.956867942310380526e-01
2.956873088945033423e-01
2.956867483554139753e-01
2.956868139550881125e-01
2.956873784488404100e-01
2.956869919346403197e-01
2.956867074735531897e-01
2.956867325053857964e-01
2.956872443660299998e-01
2.956870181009683130e-01
2.956867744486164629e-01
2.956867584136484428e-01
2.956868511800518906e-01
2.956867869763739609e-01
2.956868254215083702e-01
2.956872363177439622e-01
2.956869630899460200e-01
2.956867074735531897e-01
2.956867426884564054e-01
2.956870034012033521e-01
2.956870060828389324e-01
2.956868987549761130e-01
2.956867717335034396e-01
2.956867692254607771e-01
2.956867443963125952e-01
2.956867219523625634e-01
2.956870306261945025e-01
2.956868494312534512e-01
2.956867074735531897e-01
2.956867675696986941e-01
2.956871596899436350e-01
2.956869919965467997e-01
2.956867704806837027e-01
2.956867841855115309e-01
2.956869462103519641e-01
2.956867539881000706e-01
2.956867672111513912e-01
2.956872456939866334e-01
2.956869126806446202e-01
