2.731687486064766635e-01
2.731545791504887966e-01
2.733778506555720744e-01
2.732767335855061930e-01
2.731452288599243161e-01
2.731394135275569957e-01
2.731700283908253812e-01
2.731599478152153537e-01
2.731752319324551870e-01
2.733215998219298282e-01
2.732327171191399895e-01
2.731394135275569957e-01
2.730998750104736139e-01
2.733176243331562061e-01
2.731436292538207411e-01
2.730888405915559147e-01
2.730652240691857635e-01
2.731251020856577671e-01
2.731380745024791779e-01
2.731606048650312424e-01
2.733153477429289824e-01
2.732066653493168129e-01
2.730652240691857635e-01
2.729768189730097383e-01
2.732760564356853106e-01
2.731654902875944035e-01
2.731261124940597140e-01
2.728488030518194662e-01
2.730494117977939617e-01
2.730338284961124629e-01
2.730790825020391610e-01
2.730539630621560132e-01
2.729989357200650613e-01
2.731614397819028817e-01
2.730525537429542293e-01
2.728488030518194662e-01
2.730255471174289905e-01
2.729923296004017619e-01
2.727392859414604631e-01
2.727198886679949030e-01
2.725899535074682856e-01
2.728737685547696357e-01
2.728177970490303084e-01
2.728603873644118716e-01
2.724327777623276603e-01
2.723313466923942272e-01
2.728271062414493464e-01
2.724731238529380928e-01
2.724330977624405126e-01
2.722629171497144007e-01
2.721686549649249276e-01
2.726898522887153398e-01
2.720642359395459842e-01
2.719394202865574872e-01
2.720521687674185562e-01
2.718418527469175228e-01
2.717114516971099736e-01
2.721652534160257098e-01
2.715722396108229963e-01
2.714108156087700063e-01
2.714354955381630408e-01
2.712512216929614528e-01
2.710765564245041226e-01
2.709585027188994300e-01
2.707380581619203141e-01
2.708039856546264890e-01
2.708275139469527026e-01
2.702139914718607594e-01
2.699274712776411622e-01
2.697557868791315983e-01
2.694054782269454940e-01
2.696739296016121834e-01
2.693356850842898442e-01
2.690149118340302570e-01
2.686474970678103258e-01
2.682114370348371857e-01
2.684387213497801961e-01
2.683802629086071700e-01
2.672703207148477977e-01
2.667158129565978530e-01
2.661208732443453018e-01
2.653706194342941860e-01
2.662297183894096753e-01
2.655673840092975801e-01
2.646552572886415877e-01
2.639190737131758002e-01
2.637576672649871723e-01
2.629461960565807610e-01
2.632245032045166244e-01
2.618414574540706141e-01
2.608870044597639826e-01
2.595054849562672405e-01
2.580995462748454372e-01
2.593643766491630087e-01
2.582380400212893612e-01
2.568548279881129881e-01
2.555323739238715142e-01
2.541132042920726253e-01
2.523361544824824776e-01
2.529481399190969260e-01
2.513104112093875742e-01
2.495588219151244624e-01
2.472252580195760663e-01
2.447233504206066668e-01
2.458822782422070974e-01
2.439962391066810010e-01
2.416601131273539149e-01
2.408358681443866223e-01
2.381800114162609949e-01
2.351421213470845650e-01
2.322785041442274601e-01
2.326403399434229247e-01
2.312981516485549394e-01
2.290839851115087367e-01
2.261069412922467325e-01
2.239535968528959531e-01
2.238143287446012764e-01
2.218738654903512630e-01
2.221165640881648251e-01
2.204555004580540656e-01
2.191935012639844027e-01
2.182804105870468359e-01
2.170681763242024997e-01
2.172075862255694600e-01
2.161145352105617867e-01
2.151604367708500609e-01
2.147919090034735579e-01
2.139862941327569379e-01
2.133999560615100766e-01
2.126425067277993852e-01
2.129545591370405333e-01
2.123697417400135512e-01
2.117780475382298189e-01
2.118350060385130185e-01
2.108217462943423604e-01
2.103488076470182433e-01
2.103879755936453044e-01
2.098248092789547492e-01
2.094621108669827425e-01
2.095855842963694204e-01
2.091175742145705563e-01
2.088206986916900654e-01
2.089330550740636783e-01
2.086478733457290957e-01
2.084100859129902616e-01
2.082226916430369723e-01
2.080152686330267731e-01
2.078376837433746349e-01
2.076535624782060996e-01
2.078856234995817287e-01
2.075142040966923007e-01
2.073689485350674877e-01
2.073890007300457361e-01
2.071739814156152715e-01
2.070371189974379300e-01
2.070526319603325227e-01
2.069041363152641644e-01
2.067978105883671036e-01
2.067449365108088299e-01
2.066621384153172203e-01
2.068114900952500168e-01
2.066005176251617392e-01
2.065240587016041740e-01
2.065158062169502040e-01
2.064367121360860535e-01
2.064340596087242963e-01
2.063747310807708679e-01
2.063519948836771700e-01
2.063156508407139045e-01
2.063285176168215829e-01
2.062687542015041453e-01
2.062293831742147976e-01
2.062119955042652775e-01
2.061739878882781207e-01
2.061299625643491229e-01
2.060961344517215910e-01
2.060957967258303380e-01
2.060667313305332149e-01
2.060697338316619387e-01
2.060452011380691228e-01
2.060208805438710211e-01
2.060153484876893204e-01
2.059899787015950778e-01
2.059860439960728984e-01
2.059605023288265668e-01
2.059338063802339525e-01
2.059094314728988628e-01
2.059186807028560162e-01
2.059140042139524507e-01
2.059094314728988628e-01
2.059069650703061471e-01
2.059163265825327827e-01
2.059217167284004280e-01
2.059031769267387624e-01
2.059066715355263311e-01
2.059014586092023924e-01
2.058989972751723574e-01
2.059046445675343229e-01
2.058944148747686720e-01
2.058943759647375860e-01
