1.634339397449033893e-01
1.634345169060382741e-01
1.634375302755131099e-01
1.634380882979429295e-01
1.634355623208290087e-01
1.634344561139506879e-01
1.634348639462076536e-01
1.634347899809152072e-01
1.634344002766784376e-01
1.634389385636522141e-01
1.634358556156412234e-01
1.634339397449033893e-01
1.634353831702313187e-01
1.634383465611394248e-01
1.634365345786616963e-01
1.634360324287591482e-01
1.634352138411807598e-01
1.634347992507421132e-01
1.634342351766362444e-01
1.634345938698882339e-01
1.634374978337911344e-01
1.634355669821025980e-01
1.634339397449033893e-01
1.634344737865804920e-01
1.634396063367516971e-01
1.634356311556586228e-01
1.634352221238553060e-01
1.634351807660875400e-01
1.634370404497328400e-01
1.634341156073100265e-01
1.634343206308463969e-01
1.634409644298360220e-01
1.634365135209151498e-01
1.634339397449033893e-01
1.634358024340888393e-01
1.634372998232974661e-01
1.634356044325891988e-01
1.634349877604869272e-01
1.634356031539052623e-01
1.634371135014232035e-01
1.634353760621962692e-01
1.634344780535625929e-01
1.634369139942832838e-01
1.634339397449033893e-01
1.634340705764466550e-01
1.634405870917039483e-01
1.634360663899683264e-01
1.634355650102560231e-01
1.634347388027392878e-01
1.634353552207308269e-01
1.634349073667503704e-01
1.634345860826756924e-01
1.634417999415971323e-01
1.634370216597224035e-01
