8.514471577626636645e-03
9.011078016524454171e-03
1.007021710738253972e-02
7.564043285673394124e-03
6.499410881420475405e-03
6.186679167228481546e-03
5.191299827612128048e-03
3.976720675338274447e-03
3.146692009517115807e-03
3.615883516323248337e-03
5.331576999856979526e-03
3.763751796220127233e-03
3.824833412147232714e-03
3.412484449255459573e-03
3.620396434883543790e-03
3.360556854469121113e-03
3.146560664670339236e-03
3.143069806311515890e-03
2.804859607976717406e-03
2.555319541086564783e-03
2.886924349334130113e-03
2.230333241743043260e-03
1.886208789616095061e-03
1.748185125306056520e-03
1.671271619840153377e-03
1.051763371091141153e-03
1.004178943954880943e-03
2.343165180144879400e-03
1.270186618229973696e-03
1.055072204411811043e-03
1.913944115534360613e-03
9.583878369394671637e-04
1.267401491287234450e-03
9.392305214988017070e-04
1.077335583640315342e-03
9.345386154185897354e-04
1.056399773092020489e-03
9.235348265049792005e-04
9.668602878477594587e-04
9.240579958649242087e-04
9.346538280298188894e-04
9.240467753984793475e-04
