9.753328061254639136e-01
9.748744758423057988e-01
9.728452466751517091e-01
9.749432426575747046e-01
9.756728102436417194e-01
9.753164557713659422e-01
9.755350361900967382e-01
9.750670579994118459e-01
9.755828698859980719e-01
9.742040190887006901e-01
9.739461914536060583e-01
9.735905062093667128e-01
9.733566282689216642e-01
9.728712880521190876e-01
9.725709271526054023e-01
9.722499793233214671e-01
9.720107173037735304e-01
9.716320142009221561e-01
9.712474091544791577e-01
9.707757894380052432e-01
9.710843841252280173e-01
9.706206038286421256e-01
9.701900536552968690e-01
9.701255280961266214e-01
9.696765613260142080e-01
9.694264792342834891e-01
9.689152222327986896e-01
9.689284621032272504e-01
9.679331741425657443e-01
9.672888591795364421e-01
9.672963458164459682e-01
9.668400918992098303e-01
9.662136372038927501e-01
9.661732678391754536e-01
9.655312028632322408e-01
9.651448355137610680e-01
9.644046971632916909e-01
9.642816297424054994e-01
9.635041399604481471e-01
9.632361394341758531e-01
9.623859902636271446e-01
9.623552591225653652e-01
9.614876841947396224e-01
9.604083021267814102e-01
9.592704706099987044e-01
9.601292161652490442e-01
9.582359597540870411e-01
9.570252583975480398e-01
9.570317329050761490e-01
9.555420259343772038e-01
9.542025637151568818e-01
9.541304234673628759e-01
9.527534825665628926e-01
9.523098144846074975e-01
9.508044044196528599e-01
9.505209770988080065e-01
9.489230576550634622e-01
9.482118257365879099e-01
9.464147577108796838e-01
9.461347274941004359e-01
9.442386804915575693e-01
9.431058018922615638e-01
9.408982541749996154e-01
9.414323751587010403e-01
9.371694035794604360e-01
9.344286396513512560e-01
9.352456856785975603e-01
9.322049064320225842e-01
9.293855963045390967e-01
9.287601111447377766e-01
9.257312213994461914e-01
9.247487283626487642e-01
9.214162680464405009e-01
9.210139440091309471e-01
9.175140430650117196e-01
9.164013747117356612e-01
9.125543975714202061e-01
9.119832653199690942e-01
9.079156576435739590e-01
9.035553728397025530e-01
8.983091496727044767e-01
9.005503224432362952e-01
8.921853304774434168e-01
8.864691364858192646e-01
8.869997377032069474e-01
8.808770144971452831e-01
8.750346302948741606e-01
8.743714920667930990e-01
8.686908658969391128e-01
8.664520785051428309e-01
8.610525212125035299e-01
8.584824747725900984e-01
8.532018192673423984e-01
8.514790598418222611e-01
8.466404058525985876e-01
8.468689891849887630e-01
8.423167758614445999e-01
8.388926264048929271e-01
8.386319698262481026e-01
8.356465424647401274e-01
8.318601573128069360e-01
8.286734772218851131e-01
8.295995514779135327e-01
8.262642891869526052e-01
8.243398681538052220e-01
8.235090103143325457e-01
8.217630404195400695e-01
8.224694285182017062e-01
8.213041600590786917e-01
8.202520203996200854e-01
8.194849241879114121e-01
8.184279195060359946e-01
8.173429520313119090e-01
8.161309556149024536e-01
8.160386168206528179e-01
8.151327282390127271e-01
8.156141395958811380e-01
8.144293837937329750e-01
8.141633068565188314e-01
8.143908268326366384e-01
8.139076733716517076e-01
8.139020219184647242e-01
8.139018582053889617e-01
8.138975981518781211e-01
8.138916919215495316e-01
8.138861042319984751e-01
8.138796493329840676e-01
8.138726112350387343e-01
8.138823102578993662e-01
8.138723475386252515e-01
8.138662224254032962e-01
8.138624155007585514e-01
8.138554355634113335e-01
8.138554355634113335e-01
8.138548315862128568e-01
8.138504200989201687e-01
8.138533277391857279e-01
8.138509860479219427e-01
8.138510394069788934e-01
8.138536353244576471e-01
8.138508250512286324e-01
8.138546617611840395e-01
8.138494963386790904e-01
8.138487539974441631e-01
8.138487539974441631e-01
8.138490567615452864e-01
8.138443282892107167e-01
8.138452354980273418e-01
8.138455871968697242e-01
8.138443532629056065e-01
8.138462283936375163e-01
8.138441642044962343e-01
8.138480673599400861e-01
8.138431483086400187e-01
8.138425363678918334e-01
