9.247931889406783013e-01
9.247942482284192689e-01
9.300719220903376216e-01
9.385831948416271109e-01
9.087869276958197018e-01
9.282646921051683764e-01
9.040998346357753679e-01
9.088892451612077261e-01
9.245702723457507322e-01
8.953405499682912660e-01
8.884091973772965112e-01
8.969304907897225343e-01
8.891415160657040184e-01
8.850341963700033565e-01
8.792351854790989574e-01
8.714283486901959197e-01
8.633250621842900596e-01
8.545561035982979226e-01
8.438770707199110266e-01
8.562495323796578406e-01
8.423198571872135831e-01
8.323250007110284399e-01
8.276683428380930962e-01
8.159992924761312327e-01
8.150070583562436521e-01
8.026394673626047194e-01
8.026369172649368000e-01
7.899755025372947603e-01
7.738012376535683412e-01
7.563328683419485721e-01
7.517006096076216393e-01
7.324089418707051546e-01
7.362819118515914196e-01
7.130280196603463461e-01
6.918837251592988569e-01
6.832100184733462811e-01
6.587909464970747031e-01
6.522941934508791340e-01
6.254980621639555372e-01
6.224271047689291514e-01
5.941908064783374410e-01
5.803797528488618962e-01
5.476241687009208992e-01
5.271853269820251375e-01
4.881513375448446324e-01
5.005226778758529171e-01
4.601893350100535462e-01
4.206537399254770548e-01
3.775160709238645218e-01
3.265770671800636293e-01
3.282919958725390996e-01
2.853710234773635390e-01
2.343648640781046399e-01
2.177279859512224469e-01
1.618525731438565929e-01
1.416237482048664509e-01
8.113536763672501984e-02
7.258575782006826405e-02
9.904098716051690232e-03
2.268817108054710374e-03
6.147758312623974319e-02
1.084700024539069219e-01
1.691764013263454824e-01
1.938944438101843915e-01
3.171426251557218912e-01
2.212769970353258842e-01
3.310163161576982205e-01
1.437546144637408263e-01
2.039635792921814517e-01
1.371373057146173524e-01
2.599018015825783623e-01
1.248545787309589539e-01
2.445430771736868403e-01
1.057122163541768245e-01
1.523482631891242001e-01
1.043456210027802200e-01
1.942058247659050885e-01
9.008454790597331119e-02
2.009888579889071991e-01
8.377365516260659728e-02
1.120001937396122305e-01
7.458239152646828352e-02
1.420818672257019299e-01
7.012190426628972517e-02
1.467489481160758613e-01
6.665724167230613340e-02
1.556868176225587597e-01
6.430523372023744244e-02
7.694780331528905393e-02
1.112901165007700310e-01
5.295625031574635599e-02
1.092950684594897748e-01
4.950233797205660924e-02
7.498782559000183312e-02
5.078067594094437531e-02
8.368813061033808509e-02
4.967268556402981705e-02
9.138156424290411195e-02
4.522528704603434591e-02
9.257757670277155793e-02
4.192427476599536185e-02
9.619230406285728119e-02
3.945566399017863546e-02
4.467447182253581062e-02
6.531587604354194276e-02
3.234924933393756863e-02
6.938961642314556144e-02
3.098487702501362406e-02
7.029829016686583998e-02
2.985712870394308105e-02
4.005338973220640142e-02
6.034227833810890118e-02
2.833185096964241367e-02
6.108694379058809965e-02
2.591327291764033980e-02
3.714765946664666529e-02
4.273820680367390601e-02
2.669846046979618137e-02
4.329165424683478758e-02
2.471950398110656089e-02
4.043949772795296660e-02
2.084625231560588432e-02
4.200264555386068466e-02
1.954786154881626992e-02
4.196903389172823573e-02
1.824923907877451512e-02
2.643513619456760999e-02
3.811927238426837672e-02
1.660680674616776820e-02
2.580273249149289683e-02
2.653279134272357176e-02
1.773580875620472952e-02
2.848422811653195108e-02
1.734771977266191811e-02
2.939195203164723935e-02
1.632567427807085636e-02
2.545854784404144588e-02
1.355449926201146571e-02
2.583196763752448888e-02
1.244390377743587184e-02
2.534740222371301144e-02
1.127252707916504004e-02
1.726030161469049862e-02
2.554625219533435132e-02
1.065785504323657484e-02
1.606168861737433673e-02
1.798566837003978680e-02
1.121877508351065700e-02
1.902200762899708408e-02
1.082848060155039427e-02
1.999794034343438387e-02
1.043553003170627491e-02
1.553993643289741655e-02
8.983542080855166923e-03
1.537233648351277182e-02
8.092213437723261293e-03
1.472092325234886090e-02
7.140320123916521489e-03
1.211178447064531483e-02
7.581387730103195111e-03
1.255105690328384149e-02
7.187255701478267866e-03
1.321975395450281088e-02
6.931429320525595017e-03
1.387045056633118278e-02
6.641208999642822519e-03
9.271277429506508128e-03
6.595930311641406973e-03
1.349857192380654602e-02
5.465019000351678535e-03
1.319221782975010804e-02
4.744129084870318813e-03
5.497346922035961647e-03
8.281122013473307675e-03
4.777818108700149224e-03
8.649575515924601277e-03
4.576445574924425941e-03
8.062582407703189347e-03
4.623926589780946728e-03
8.221836365382761969e-03
4.339185413726909246e-03
9.139815068986090196e-03
4.251374164075505391e-03
5.828528364712370902e-03
3.723821097248225520e-03
6.224671361402034364e-03
3.633215751273843885e-03
6.120303328739251647e-03
3.079885309958285688e-03
5.301367117637623139e-03
3.156582951259312431e-03
6.010102421043828080e-03
2.979049861994154114e-03
4.931477048136345687e-03
3.039897491934007157e-03
5.673148689217200058e-03
2.785914152974244828e-03
6.087692414535772478e-03
2.678783868739209595e-03
3.655643575427136582e-03
2.503384995043100858e-03
5.084989907345072169e-03
2.266891835385420606e-03
4.804623432975718700e-03
1.902557773171054123e-03
2.653982279290700852e-03
3.458485764214813685e-03
1.995819061108239367e-03
3.747166906329923997e-03
1.941701212060831239e-03
3.746889895221983124e-03
1.773724599241743860e-03
3.884623086028993200e-03
1.665772013398791884e-03
2.566238378101548534e-03
1.753365344404400616e-03
2.772872589246966335e-03
1.680237268052220401e-03
2.470103389478284228e-03
1.406020755890580176e-03
3.167697503529742775e-03
1.415256693738542459e-03
3.010082346938336428e-03
1.203764826480324679e-03
1.690600796745767020e-03
2.187144802730633941e-03
1.255075179540043884e-03
2.228067072346795463e-03
1.152133820991219082e-03
2.354160789280634880e-03
1.114141443448124491e-03
1.788934021334398494e-03
1.144005058214991877e-03
2.282156636705390262e-03
1.062507300614967676e-03
2.434485400834240920e-03
1.030223629887361270e-03
1.264807944907131443e-03
1.765165004094848555e-03
8.700791889204584351e-04
1.294184177816237735e-03
8.691109854215284258e-04
1.754007187024342329e-03
7.803205789802536430e-04
1.789676279954521831e-03
7.272015582395763289e-04
1.011337286757729714e-03
1.327219891290365439e-03
7.575838326118189414e-04
1.409405528974949640e-03
7.226224080347787293e-04
1.440509309634907531e-03
6.735169342455549213e-04
1.492063145404065594e-03
6.368419266338243290e-04
9.549368683647863065e-04
6.499648081006448308e-04
1.131471833810238081e-03
5.405112931819999744e-04
8.987849297305006147e-04
5.943381761979171785e-04
1.090252475824282641e-03
4.856941522306534864e-04
1.142648456226025289e-03
4.601476104141299928e-04
1.163921054308403313e-03
4.276254733235340666e-04
5.596447250922897965e-04
8.187319144862259535e-04
4.409176288158178636e-04
8.508268123877948952e-04
4.168051335760036835e-04
8.894502032141815562e-04
3.988517548674241908e-04
8.948635971185447957e-04
3.618904943134548802e-04
4.882004980346632550e-04
6.973025303078639325e-04
3.397196084281572936e-04
5.104828599351574070e-04
3.325512018721443752e-04
6.647939247228507043e-04
3.048017168041372571e-04
6.818460840312123850e-04
2.815352073632926277e-04
3.994701887464202628e-04
4.677228463330074248e-04
2.856538100048933160e-04
5.457890456324054895e-04
2.668115929165271183e-04
4.385186183157863127e-04
2.684915310448010572e-04
5.278590045424413901e-04
2.543834601598238265e-04
5.173030380118959215e-04
2.247172763851779109e-04
3.137983804257782339e-04
3.508400496907704280e-04
2.257969322603248230e-04
3.664834332756106150e-04
2.104757006025081978e-04
3.918514101912684566e-04
1.957311608722367424e-04
3.943732305506930658e-04
1.790000372015043695e-04
4.164738133454193303e-04
1.722319875098188291e-04
4.273787488562330594e-04
1.595075266955792159e-04
2.135204488269426548e-04
3.202589303397118670e-04
1.651229674017873350e-04
3.048426080946020633e-04
1.429099220993101937e-04
3.260320761857560257e-04
1.391177156608858212e-04
2.021265986353881772e-04
2.292555561798081953e-04
1.430400087780725471e-04
2.307017127833876913e-04
1.345198301949679376e-04
2.494400676469332723e-04
1.260855584196418633e-04
2.456279782028225611e-04
1.124954337589079145e-04
2.539300924906395807e-04
1.055282885062958087e-04
1.516011040025855294e-04
1.750790471908292290e-04
1.070141405853375360e-04
1.782697981416170308e-04
9.984398654905302095e-05
1.781676190473202581e-04
9.331032191073340698e-05
1.886127733581322019e-04
9.111090224211970678e-05
1.979151963610314979e-04
8.671690774519902334e-05
2.042321212089026616e-04
8.159095784399106321e-05
1.082606347981851513e-04
1.497726291810330679e-04
7.148682656155092019e-05
1.158350553953635398e-04
7.325313140449374316e-05
1.442342496815740560e-04
6.768492602871045705e-05
1.520339418779048657e-04
6.517472542888480547e-05
1.550008360760024573e-04
5.991693511531170913e-05
5.991693511531170913e-05
6.103619406733651331e-03
6.303759240156492361e-02
5.317170419982752971e-02
6.824342375099545777e-03
1.385187965093759299e-02
6.072063885113609949e-02
4.088416827670049436e-02
9.895284971430440280e-03
7.632868646253987421e-02
4.089701526722699931e-02
7.163867672838464262e-02
4.016352305276149615e-02
6.566371568590900765e-02
3.453948759774405630e-02
5.450119244677265051e-02
2.581498913698576647e-02
4.410334677304594830e-02
2.782716485148517549e-02
4.578372547006492876e-02
2.678068638905251042e-02
4.425505570119225851e-02
2.219503112856036076e-02
3.089410492982025414e-02
1.875545659417432454e-02
3.152637443791117544e-02
1.768970258467872370e-02
3.160680411795158129e-02
1.674902160122326844e-02
2.966010800999963060e-02
1.407551154638719826e-02
1.964238504440285471e-02
1.280831511259061806e-02
1.962031730332147728e-02
1.186749462281255774e-02
2.179030327936715139e-02
1.067842069883928602e-02
2.012418030502405308e-02
8.722318932582240336e-03
2.029203716851335493e-02
8.301022305916894162e-03
1.088417531511265413e-02
1.553542853725220496e-02
7.592220813663841383e-03
1.174196234604973910e-02
7.320948260270299102e-03
1.233374404509746114e-02
7.046602127918522029e-03
1.393029345558616239e-02
6.557250156211891223e-03
9.987655286894714379e-03
5.790994770841217942e-03
9.800599554579125794e-03
5.372803660718905583e-03
8.942098335595671799e-03
5.011502280301671775e-03
9.012853147906785267e-03
4.756466627459210450e-03
9.292364748045622846e-03
4.477578732354325908e-03
7.925102830796282305e-03
4.656297414956434011e-03
8.250610769802269040e-03
4.404550966517151167e-03
7.699667054993919457e-03
3.974412085007594797e-03
6.727296211143540816e-03
3.830775690769838704e-03
6.505965625916987349e-03
3.468273744713701312e-03
5.809782379512462569e-03
3.322236214199580928e-03
5.966668791349549750e-03
3.076870231477957240e-03
5.633656508725826129e-03
3.111992985850298155e-03
5.620133470779054008e-03
2.891704712085774176e-03
5.318230254954481317e-03
2.948491569075839536e-03
4.954574419273938268e-03
2.593706498432046814e-03
4.502909418160117028e-03
2.525998078364288801e-03
4.282355386007186127e-03
2.232625594955961468e-03
3.802865988520642837e-03
2.210074023157648782e-03
3.943466829516184546e-03
2.040169994004248366e-03
3.642282053084811011e-03
2.025697280691129976e-03
3.722275735528746132e-03
1.930197887609175211e-03
3.401943573553278810e-03
1.904304470653150894e-03
3.225675710035402766e-03
1.692471459642463927e-03
2.972601068176983219e-03
1.664938128760451441e-03
2.773215475440071742e-03
1.437321991380691166e-03
2.532889203478050355e-03
1.469984569426374676e-03
2.566634974595971563e-03
1.335724996126996800e-03
2.399129620800577456e-03
1.333810241212152192e-03
2.405660549431809514e-03
1.261024413792721788e-03
2.242174488570114477e-03
1.253792324403479874e-03
2.100953286529150255e-03
1.104570491222034434e-03
1.961569936819396176e-03
1.096762585303334703e-03
1.812183326176164400e-03
9.579233918726171026e-04
1.664869051023254443e-03
9.449878377859599610e-04
1.682504603809475974e-03
8.723167768509565434e-04
1.569884517235387023e-03
8.797547586740783743e-04
1.569325820524380966e-03
8.212991165656990944e-04
1.466308832315244004e-03
8.268820126947629134e-04
1.380467246722139052e-03
7.193999059149636111e-04
1.281825163702343673e-03
7.238023267280846440e-04
1.191589933892234221e-03
6.228963143992682916e-04
1.087186292355379891e-03
6.228555569914862033e-04
1.103299655832223891e-03
5.695963849726703998e-04
1.028264282879831626e-03
5.801428711180722786e-04
1.035435414419971778e-03
5.343692992095805394e-04
9.479267066004881670e-04
5.454170579701766997e-04
9.123534653909803893e-04
4.671192123273382180e-04
8.330105268469223390e-04
4.791296288910729118e-04
7.668933673035116527e-04
4.065950446305865995e-04
7.270378613972727777e-04
4.089504979927216510e-04
7.235585156708523868e-04
3.793426315037429220e-04
6.727908508794566700e-04
3.749442287002135998e-04
6.707280509566926341e-04
3.555200683771353454e-04
6.269152858344728685e-04
3.517045437918531192e-04
5.961487138718135625e-04
3.127087474210643592e-04
5.469121217001049473e-04
3.076104499339926690e-04
5.100227472680796126e-04
2.633895386626727841e-04
4.691180215677936971e-04
2.707082774680014126e-04
4.735785301333006458e-04
2.480461517333498733e-04
4.418688655636326956e-04
2.467315787623158840e-04
4.373145382490228883e-04
2.317572591852279373e-04
4.118382887170479734e-04
2.313554431826458924e-04
3.897508328205567807e-04
2.042153967263260483e-04
3.595634711364148473e-04
2.024122299733033259e-04
3.365013217634382769e-04
1.766073797482281549e-04
3.041098803009401053e-04
1.731567331639816132e-04
3.124724078885643408e-04
1.619072388951980912e-04
2.876399040097066262e-04
1.626226188443657961e-04
2.879652298707346958e-04
1.507811246765911051e-04
2.677349228366043832e-04
1.524551252037875670e-04
2.577484286787612433e-04
1.330795369487436375e-04
2.333264128735468290e-04
1.334737364071525434e-04
2.229257778501025911e-04
1.149214899762718289e-04
1.967222968928261650e-04
1.141547406297016565e-04
2.007950027491656186e-04
1.052844078430759112e-04
1.933100677199428574e-04
1.075881812633294743e-04
1.875263065869159362e-04
9.855849000095506796e-05
1.765528752499800902e-04
1.000149575314246420e-04
1.646106571020489184e-04
8.619117274155652098e-05
1.579524859226522082e-04
8.855839772903273399e-05
1.455176527415114052e-04
7.492436236544719463e-05
1.294933783584362175e-04
7.510842479252488602e-05
1.377966922839757302e-04
7.014150892037385177e-05
1.198710862284624312e-04
6.947892053144055780e-05
1.269842600002402122e-04
6.494450620975200650e-05
1.109217944523788191e-04
6.508391933046642208e-05
1.148078817124753570e-04
5.753453079426762429e-05
9.585393098432426484e-05
5.702969200072072198e-05
8.894895625632948111e-05
4.871425507069204741e-05
9.192455550621758675e-05
4.955810298357121724e-05
9.268259495498476497e-05
4.546064187405107759e-05
7.621499752574756315e-05
4.612253586833148233e-05
7.629203332548684102e-05
4.236968461301948707e-05
8.010861441443140052e-05
4.276304968420241437e-05
4.864801704518306735e-05
7.286099601322426622e-05
3.743429115088403591e-05
6.494963747694093570e-05
3.762311780797222838e-05
6.401973720948639368e-05
3.227972155017688749e-05
5.455554014544006236e-05
3.214784877070275826e-05
5.630635015185792014e-05
2.220130439101186681e-05
5.591094776713489978e-05
2.976600345139246429e-05
5.419925895933097593e-05
3.021438316097579957e-05
5.603908224816045447e-05
2.796605579247213313e-05
4.693431611513254609e-05
2.786986312719452741e-05
4.626088971337871669e-05
2.438703069607139895e-05
4.425590015522118392e-05
2.479356177276237361e-05
4.124412168993174532e-05
2.097285299873519193e-05
3.652141984078483006e-05
2.126032988636339383e-05
3.918317430517959110e-05
1.963305276131421806e-05
3.265386028394878792e-05
1.964764478079583654e-05
3.748632578270960636e-05
1.820492912263382834e-05
3.001228218613150034e-05
1.841873081964706671e-05
3.240188997077897426e-05
1.599257240170182115e-05
2.673322400981170688e-05
1.623754139523647666e-05
1.987372584988378321e-05
2.531536750649543421e-05
1.379550910851623513e-05
2.558628882176616770e-05
1.386988044593806535e-05
2.126989234074727619e-05
9.249743929018450217e-06
2.410430457855383679e-05
1.275452646276598045e-05
2.339759857650225428e-05
1.299288654332819704e-05
2.249101290230370864e-05
1.194378829305620116e-05
2.158935560025998512e-05
1.204640797602962721e-05
1.910612990174698211e-05
1.046480610833455671e-05
1.991256403799379626e-05
1.066083255740757352e-05
1.771907424041874179e-05
8.990709256639917157e-06
1.554790121005567016e-05
9.134449958536627889e-06
1.679717090752319564e-05
8.416220985019151613e-06
1.425381918385149049e-05
8.463139326342350444e-06
1.565090230504218027e-05
7.780677346858055898e-06
1.314214545988789951e-05
7.934970017275944087e-06
1.451880220904033791e-05
6.907616900475588295e-06
1.084216622682099285e-05
6.938467945971638073e-06
7.324686948084746518e-06
1.105178116622695939e-05
5.915401397382780146e-06
1.087129727950220115e-05
5.965739271029946167e-06
1.011578373932842112e-05
5.468294551058683339e-06
1.023800891020165693e-05
5.589322908949867497e-06
9.396053200827481078e-06
5.120496734067891964e-06
9.670644128378924620e-06
5.184638718125356149e-06
7.998386344687524740e-06
3.378250778229840989e-06
8.504683585153216541e-06
4.482004844930109755e-06
8.204712634185540310e-06
4.591268631060074767e-06
7.564530032699856577e-06
3.884267580245293061e-06
6.758325736377912563e-06
3.902273524092336743e-06
7.128530471356420151e-06
3.635474543850492068e-06
6.159394596139122768e-06
3.609078960353784282e-06
6.718755228618533692e-06
3.371244623462388290e-06
5.702005337449023159e-06
3.383687909530586069e-06
5.975789658219099465e-06
2.976967367285254795e-06
4.931701545363154082e-06
2.969008498832081955e-06
4.628581611765270054e-06
2.539718301997062611e-06
4.790683532762685104e-06
2.563197174954012780e-06
4.808855982085802339e-06
2.348362649673418900e-06
3.894117847069722416e-06
2.398751284049538413e-06
3.912386583371230131e-06
2.207113616425893099e-06
2.451465947239661602e-06
3.909086341291612143e-06
2.245652618304561088e-06
3.739536381774932750e-06
1.948785018024423721e-06
3.425532142831144711e-06
1.947254545942023185e-06
3.286362822985111620e-06
1.682975633077177235e-06
2.850213675076318509e-06
1.660326813146539848e-06
3.366761535117390736e-06
1.057453779984562914e-06
1.057453779984562914e-06
1.817987492884909351e-02
5.883392052318570098e-02
4.971672530560033998e-02
4.057059641966609398e-02
2.329473391115433056e-02
5.153112428320971716e-02
3.922411984508866745e-02
8.806039850464131291e-04
7.754939270446881139e-02
3.722369330067798465e-02
5.386311677033361889e-02
3.512259411941553999e-02
6.826625379069151123e-02
3.117185360857632759e-02
3.995256552171999598e-02
2.725772611052268424e-02
5.624061883591757738e-02
2.467144808460708383e-02
3.644789352564248297e-02
2.509669629515687284e-02
3.798624117527016342e-02
2.374731029271925919e-02
4.176460322823327687e-02
1.967332240245844854e-02
3.991119389837960441e-02
1.670265646216417821e-02
2.290812226759719739e-02
3.489949542790249382e-02
1.555349637512604133e-02
3.536626948192078679e-02
1.453275283770816273e-02
2.009450843773397111e-02
3.105453373079081203e-02
1.435275272033853522e-02
2.113765783651100350e-02
1.391616504762982487e-02
2.764537986094395272e-02
1.218551603752371371e-02
1.823705777837236752e-02
1.269276972182797891e-02
2.469241804532429363e-02
1.021668301347589125e-02
1.462742608343770012e-02
9.747578023575731443e-03
1.930437655573968847e-02
9.314246799438929969e-03
1.534736017293147903e-02
9.613003135508835229e-03
1.869744230318470812e-02
8.891372283362120044e-03
1.842765514284405715e-02
7.898417059789775152e-03
1.139596128915121298e-02
7.793142655304396982e-03
1.406540019937585484e-02
6.378517239906011937e-03
1.443241689779073411e-02
5.926023165116478530e-03
1.509310863857415974e-02
5.681843079786363937e-03
7.542358581016816998e-03
1.104021359594087315e-02
5.790594583398478434e-03
1.064650717253767809e-02
5.030794541310612544e-03
1.118686246126476824e-02
4.845215989004669765e-03
7.064795480809404893e-03
4.842096278476093474e-03
8.841075597366465644e-03
3.976231686763420647e-03
8.904938288293529070e-03
3.592485180349269669e-03
5.146022527089511023e-03
6.368923156978567590e-03
3.764728390414417980e-03
6.260588187342319699e-03
3.350849752213558297e-03
6.046052950569924533e-03
3.320764986468605073e-03
6.259905633137163861e-03
3.133967567779727403e-03
6.691254304106108997e-03
3.064337293498198278e-03
3.932293402702846663e-03
2.708894296913344490e-03
5.287204991786476072e-03
2.326474198066641463e-03
5.484136786572113564e-03
2.164017322912714647e-03
5.553598832087836001e-03
1.953313973223180788e-03
2.470871693908138766e-03
3.677702371925217761e-03
2.081996455465251472e-03
3.892075387426308097e-03
1.998137847404324319e-03
3.642890732803993892e-03
1.719081508912756462e-03
2.541600497850682316e-03
1.675085935519016189e-03
2.542208726805217367e-03
1.549542689507354964e-03
2.562348149266924224e-03
1.416976326823471410e-03
2.549417517158869551e-03
1.364290680796464983e-03
2.642378408572843007e-03
1.283023973383645711e-03
2.142575121199419286e-03
1.309703357484814923e-03
2.276124356767272872e-03
1.095688487289692148e-03
1.796308486264219795e-03
1.128460922983021142e-03
1.756518434445464294e-03
1.024336629906974494e-03
1.737891949400882652e-03
9.195662717036423572e-04
1.609216403325675060e-03
9.026876844542286449e-04
1.621885746778684023e-03
8.497618344672774882e-04
1.520088709241029790e-03
8.506343387810755274e-04
1.403070200854061866e-03
7.316260426019072227e-04
1.273936709940803880e-03
7.257115251202428396e-04
1.264385097376807821e-03
6.619063037952566120e-04
1.232806432326594148e-03
5.807668678737831769e-04
9.574260927613931216e-04
6.137189191195435711e-04
1.357555239449470541e-03
6.168830768149557997e-04
1.050993920139964288e-03
5.554034986441358512e-04
1.005405670773118487e-03
5.592130421435692611e-04
9.305878473837569942e-04
4.713133200437980008e-04
8.247507252097108221e-04
4.837155238850421313e-04
8.434604323501737611e-04
4.250647417780584192e-04
8.553286541016502653e-04
4.262613641063950354e-04
7.445918108901494747e-04
4.021521370287661767e-04
6.940250239728662507e-04
3.805664755101023644e-04
7.206804867097016398e-04
3.591130482260007639e-04
6.246396801949938293e-04
3.716247249865300972e-04
5.797169751855513198e-04
3.178269003740741283e-04
5.720944256557558560e-04
3.079035594526491337e-04
5.859812055027946442e-04
2.867229967986606454e-04
5.163803942214162390e-04
2.776701619178201241e-04
4.814466475108192256e-04
2.645238525864623824e-04
4.619585687473115598e-04
2.483715234968819630e-04
4.436383160579815410e-04
2.443825083340289694e-04
4.384450861874000793e-04
2.344714499614708458e-04
3.776772931192162730e-04
2.094392079936557849e-04
3.772081419013417758e-04
2.005422429874892387e-04
3.757060868291306477e-04
1.921701490890104225e-04
3.414091505273830762e-04
1.808279230920417646e-04
3.130549328089760053e-04
1.746037002072764466e-04
3.053789881830581976e-04
1.614899373327816079e-04
2.876201189818683446e-04
1.613058765379538073e-04
2.901913579556048006e-04
1.524498236650240202e-04
2.452208270773414966e-04
1.386836188101980838e-04
2.495038475676114587e-04
1.299375598409202581e-04
2.415335732531831425e-04
1.288974262101394430e-04
2.264948480497075423e-04
1.171034406509674497e-04
2.026991806747258096e-04
1.159245052522184238e-04
2.026763602267500630e-04
1.043120281499776425e-04
1.856764656050780005e-04
1.071510775536577142e-04
1.928426820929640684e-04
9.840746676292866368e-05
1.583617839798767690e-04
9.254533696045896818e-05
1.658540739115643703e-04
8.345339666382400878e-05
1.550478107474884126e-04
8.691428877805051911e-05
1.510655649501480013e-04
7.510559383028247993e-05
1.303689513566519409e-04
7.768652963369149234e-05
1.283398869071916693e-04
7.044051112137239556e-05
1.260955149529063846e-04
6.806058170083506553e-05
1.282318447242136727e-04
6.286577720149288950e-05
1.021478185453394971e-04
6.238324186846888608e-05
1.071161262831132888e-04
5.790192924637338479e-05
1.025536464283050009e-04
5.409410618950616367e-05
9.125091690864728378e-05
5.150362053063517465e-05
9.348672691400494728e-05
4.863032432256275683e-05
8.179282664744214060e-05
4.677165979849462474e-05
8.492398496651176742e-05
4.392853026180532083e-05
8.472486517985267085e-05
3.965057275501226997e-05
6.643330858979723530e-05
4.249678190770822539e-05
6.822839935904934094e-05
3.899788813277460520e-05
6.918728223226366936e-05
3.457928702921275743e-05
5.777336572920788171e-05
3.463047566842902825e-05
6.336247991867161033e-05
3.098499050913083863e-05
5.147861963994415646e-05
3.155879233807112882e-05
5.775778690164656837e-05
2.782899948783335020e-05
4.627978067206495183e-05
2.883268669151561880e-05
5.305665013666249763e-05
2.498496043767950425e-05
4.311587316552234483e-05
2.670086431111329262e-05
3.933531074096219271e-05
2.324734950431839309e-05
4.402828862803964682e-05
2.206016188177617465e-05
3.514872312315731051e-05
2.127317718958465775e-05
4.031511575308677209e-05
1.967989033702099988e-05
3.172770441461914004e-05
1.954894392142136894e-05
3.660648033232405396e-05
1.755077098042345796e-05
2.966176372265483252e-05
1.825358839457891236e-05
3.344320805331868485e-05
1.565974645190149062e-05
2.444310448768138855e-05
1.596395299108266386e-05
3.016963966384622609e-05
1.369225178093902429e-05
2.168373801936240852e-05
1.470474752118811068e-05
2.775973436386358628e-05
1.210634596393589391e-05
1.945903174938035107e-05
1.319328304649758365e-05
2.675774059601732091e-05
1.155600403301981771e-05
1.648518188424041853e-05
1.144657534757342887e-05
1.832344075847203158e-05
1.091020977717072071e-05
1.958166243420933483e-05
9.779973758283766472e-06
1.665413311657815143e-05
1.009928877770960298e-05
1.719084736961917770e-05
8.469332471339185986e-06
1.944505187845280147e-05
8.090024355755787155e-06
1.793053201448735479e-05
7.070117182594870542e-06
1.063918336230429418e-05
1.447265555010179838e-05
7.406658431907686690e-06
1.639232269023960242e-05
7.028491310290263527e-06
9.593076180758330906e-06
1.058663057229569660e-05
7.064032289783028773e-06
1.310865707604413899e-05
5.923391267814714922e-06
1.073771829751546392e-05
6.822825836305668190e-06
1.153027452605037695e-05
5.050131273165447965e-06
1.305032094078839577e-05
4.778399429805624266e-06
5.505061170252290026e-06
8.398465632497575939e-06
4.413376971990068398e-06
8.219956714294873734e-06
4.811698415263521156e-06
8.779092997790449715e-06
4.696791814584599933e-06
9.544995990040661127e-06
4.500705805154936456e-06
5.875998915216840146e-06
4.239086124568913760e-06
8.417908773372673181e-06
3.258212820100858664e-06
7.539133501266448434e-06
2.808609829707542360e-06
3.852999192144324070e-06
6.218417914372054156e-06
2.948356760512638175e-06
5.851993625682894162e-06
3.316692042787394712e-06
6.383124857567423760e-06
3.156419008609745447e-06
3.946079460304119380e-06
2.888314834748051396e-06
6.130513224733569189e-06
2.807354346989754390e-06
4.897801831660331118e-06
2.444251987032686202e-06
4.708858874491461677e-06
2.338403972013125554e-06
3.180327875496047341e-06
2.455788609134756939e-06
4.284144490385166648e-06
2.467804347983104662e-06
3.656737726842607117e-06
1.581660349803115651e-06
5.215780885858833926e-06
1.611643243415450399e-06
2.417115897213051312e-06
2.529220453073577346e-07
6.396951629517033666e-07
2.626713540010428005e-06
2.158078001190943951e-06
7.791741125640072596e-07
4.308105536310335992e-06
1.327275300999630758e-06
4.305498384704620207e-06
2.093955949522552373e-06
3.486084924952947972e-06
1.926458960799237730e-06
2.273270086949885638e-06
1.678921644598929674e-06
2.692956458716366797e-06
1.638311580398621459e-06
2.410960667109662836e-06
1.481230938127353625e-06
1.703284191023612948e-06
1.249806799830111004e-06
1.851751015968794434e-06
1.208960020537830360e-06
2.207256066588669796e-06
9.297738814417755293e-07
9.813843899753038613e-07
1.564159416767019195e-06
1.256104771973909351e-06
2.314710179307510884e-06
6.214204224530561760e-07
7.342086730810493123e-07
1.724028600880167517e-06
1.032469454820272858e-06
7.661737458919404276e-07
5.040315940840756070e-06
1.031769136794480346e-07
1.537012906838164383e-06
7.287447043591299689e-07
2.250527079916686546e-06
7.355339934900229082e-07
1.971850838167199527e-07
1.578932280477118866e-07
1.376128033081513991e-06
4.203729080387574868e-07
4.167366700613683861e-07
1.074312852900050075e-06
4.268467189705305032e-07
1.279824429212261805e-06
5.812705379248939153e-07
2.643489871445581230e-07
1.119748182953905768e-06
4.913019426844300597e-07
6.780649924875703505e-07
3.916948645432682952e-07
7.533132173609402571e-07
2.369416849390404423e-07
6.007867863200289094e-07
2.100660128068199128e-07
4.899385135370692979e-07
1.892975904915772389e-07
3.277825851855098449e-07
1.663598313550451735e-07
3.354296801427736341e-07
6.568472354917531675e-08
2.235133405248390659e-06
9.496539910003320983e-08
3.849002652156485738e-07
1.224241598096753592e-07
2.224478043988398213e-07
8.867856560179632197e-08
7.514109601203244893e-08
1.022247810844589821e-07
3.886950408205080976e-07
7.272883884024139434e-08
1.491974903622406146e-07
5.766569777243546469e-08
2.843249098383182627e-07
5.012729220599254631e-08
2.968903817235357678e-07
1.136851790484172398e-08
3.578211869026404202e-07
1.278316934527623516e-07
2.658561393253933147e-08
2.361558193442192533e-08
5.595259866542079408e-08
5.856361251499464515e-08
4.357031768709163089e-08
4.945946718848404089e-08
1.935916824624683841e-07
9.128819988823977383e-08
1.047454131541947220e-06
2.350363170755542797e-07
2.216085093209585466e-10
9.701934033934378476e-09
2.080985572749938228e-08
2.140223009927666453e-08
4.746053772208824739e-08
4.702515177257282630e-08
8.162015174839609699e-08
2.543368988749961090e-07
