2.971147520640895490e-01
2.971148649402276520e-01
2.971150467757694980e-01
2.971150223602478935e-01
2.971148348884021795e-01
2.971148579312481441e-01
2.971148802033387604e-01
2.971147864849370546e-01
2.971148087283276285e-01
2.971148984833817952e-01
2.971150990716582285e-01
2.971148748552447927e-01
2.971150031835327887e-01
2.971148145116981887e-01
2.971149364174328067e-01
2.971148102312266559e-01
2.971148793654988518e-01
2.971148119314588332e-01
2.971149430410661152e-01
2.971148009679305257e-01
2.971148305381923205e-01
2.971148514969614851e-01
2.971147905427922176e-01
2.971148525921467609e-01
2.971147879184699026e-01
2.971148482301450011e-01
2.971147794044040058e-01
2.971148443365299041e-01
2.971147783547143373e-01
2.971148295788066385e-01
2.971147786663449475e-01
2.971148347759688946e-01
2.971147773741755760e-01
2.971148504648096766e-01
2.971147718646025560e-01
2.971147974528629554e-01
2.971147706736771976e-01
2.971147980784785148e-01
2.971147691131132973e-01
2.971147748635323271e-01
2.971147520640895490e-01
2.971149948022402398e-01
2.971148733590536217e-01
2.971152340307552375e-01
2.971148193401924598e-01
2.971148085550814333e-01
2.971148520345039401e-01
2.971147915427581054e-01
2.971147988581959165e-01
2.971151887502334610e-01
2.971149594996100873e-01
2.971151749391710561e-01
2.971148570382744492e-01
2.971149498888263629e-01
2.971148499336793147e-01
2.971148391947502354e-01
2.971149433454385314e-01
2.971147978361585729e-01
2.971148200066835443e-01
2.971148691075793380e-01
2.971147983872415299e-01
2.971149164597004511e-01
2.971147884918485804e-01
2.971148522270591341e-01
2.971147835024703365e-01
2.971148164407636516e-01
2.971147840699741582e-01
2.971148514001933361e-01
2.971147769674534755e-01
2.971148487065504717e-01
2.971147720252473867e-01
2.971147796056246015e-01
2.971148126901687059e-01
2.971147735049914917e-01
2.971147798015307817e-01
2.971148285602933647e-01
2.971147663716338094e-01
2.971147818090122961e-01
2.971148015197602188e-01
2.971147658838202421e-01
2.971147801347899797e-01
2.971147655719406089e-01
2.971147520640895490e-01
2.971147888744076759e-01
2.971148469705218176e-01
2.971152145456126270e-01
2.971149026486894495e-01
2.971148539552619372e-01
2.971147712963991827e-01
2.971148664399099193e-01
2.971149501173272478e-01
2.971153180188483844e-01
2.971149648566616674e-01
2.971150359947762887e-01
2.971148503128753227e-01
2.971151655835109207e-01
2.971148315759792879e-01
2.971148846774933627e-01
2.971148170125439414e-01
2.971148272794522649e-01
2.971148913606929121e-01
2.971147984975643919e-01
2.971148547649455907e-01
2.971147994136498216e-01
2.971148488993635706e-01
2.971147977615864466e-01
2.971148984994156361e-01
2.971147850101228949e-01
2.971148634213854889e-01
2.971147857471334586e-01
2.971148725904797505e-01
2.971147794107353857e-01
2.971147998150309721e-01
2.971147758909215009e-01
2.971148140614353617e-01
2.971147740832260631e-01
2.971147933046636158e-01
2.971147722661654500e-01
2.971147916702976399e-01
2.971147702340566354e-01
2.971148305590514127e-01
2.971147652711119136e-01
2.971147850980377925e-01
2.971147687869749587e-01
2.971147520640895490e-01
2.971148630614830477e-01
2.971152129898828598e-01
2.971150724421500744e-01
2.971147864578409514e-01
2.971148676948927037e-01
2.971148163935335429e-01
2.971147758560487295e-01
2.971148037943385223e-01
2.971150052181537049e-01
2.971151903912307990e-01
2.971148922320803187e-01
2.971151509261904522e-01
2.971148584352683031e-01
2.971149342295751339e-01
2.971148144156967597e-01
2.971149223970943609e-01
2.971148017830997912e-01
2.971149409887889892e-01
2.971147977573778132e-01
2.971149034678848277e-01
2.971147984791649987e-01
2.971148447362075284e-01
2.971147802136351324e-01
2.971148381519057580e-01
2.971147796602595648e-01
2.971148296304312320e-01
2.971147745062918677e-01
2.971148224708393126e-01
2.971147740060455789e-01
2.971148228690229098e-01
2.971147721534870279e-01
2.971148407478163556e-01
2.971147703368535176e-01
2.971147934700749671e-01
2.971147681602234192e-01
2.971147520640895490e-01
2.971148067912361412e-01
2.971148057352510641e-01
2.971153609658756523e-01
2.971148248505539602e-01
2.971148471428234350e-01
2.971149138430421166e-01
2.971147997345544578e-01
2.971147684804080757e-01
2.971154390795214262e-01
2.971150411826621873e-01
2.971150948861295271e-01
2.971148926569157078e-01
2.971150395134394273e-01
2.971148269385579521e-01
2.971149041748091246e-01
2.971148267796934750e-01
2.971147590695661922e-01
2.971148628594098007e-01
2.971147886083187473e-01
2.971148175439572992e-01
2.971148716790914524e-01
2.971147862464482703e-01
2.971148151597742260e-01
2.971147853222828594e-01
2.971147926156537666e-01
2.971147770929558618e-01
2.971147927502733044e-01
2.971147713735372564e-01
2.971148235822897998e-01
2.971147692835502951e-01
2.971148363473450349e-01
2.971147661577481225e-01
2.971147814579477853e-01
2.971148119826025891e-01
2.971147662960592628e-01
