7.255130467090616930e-01
7.032753930399330278e-01
7.449930554129751137e-01
6.744184240387334217e-01
6.252149329760940955e-01
5.903811104580476421e-01
5.025723559651267269e-01
4.007799509908731572e-01
2.625683366427032928e-01
2.044933241349621289e-01
2.657734818754843298e-01
2.701669276698107636e-01
2.001604773536308501e-01
2.460023501096508802e-01
2.077683773348512064e-01
2.165667118341595421e-01
1.990439605325309280e-01
2.296269404497200961e-01
1.976011158608926843e-01
1.976310159867755711e-01
