6.360197177307645999e-01
6.004894925769072023e-01
6.496760776910757151e-01
5.802590437154706571e-01
5.328473749284424743e-01
4.763606931037204228e-01
3.669673790383430889e-01
2.706502253580305162e-01
9.246777070291334333e-02
3.284175400639965936e-02
4.750189457127174109e-02
6.228046379556961831e-02
3.214087290988365542e-02
3.291277541409898255e-01
7.685149436475180451e-02
6.843406050159583920e-02
7.292986523294486823e-02
2.505947932496543906e-02
1.493068250308882128e-01
4.693993469497792503e-02
6.821999907031750521e-02
2.543538569603587263e-02
6.248116738783959789e-02
1.143105196156901648e-03
1.596377458207398625e-03
3.239908553124570822e-02
1.245049068087067390e-02
1.634029191704788886e-02
5.688402390092051064e-03
8.714684332871369676e-03
2.196085104148259859e-03
5.006420432507763252e-03
4.225142741141052483e-04
8.691269700231707418e-04
2.417744258595311280e-03
2.460985143958316357e-04
6.971820242943627122e-04
3.036043210727923380e-04
9.747729879335809144e-04
7.427976732921059977e-05
1.312087702780573295e-04
4.512039324566785581e-04
7.150080617679410722e-05
1.290608104720369909e-04
6.370260974386532382e-05
2.095470472422977792e-04
3.399843288232062832e-06
1.080021715815782102e-05
7.799230874239171385e-05
2.825969795772209636e-05
4.258776002052933052e-05
1.054303800018807635e-05
1.825409194933236279e-05
3.663910230544686897e-06
1.764685296667956038e-05
3.490792938709574855e-06
3.835708183963504325e-06
1.826888248679381377e-06
8.722151841222824942e-06
4.308154774035344303e-07
