6.089356980619520243e-01
5.695417790217984777e-01
6.319202753755136515e-01
5.361686569616956888e-01
4.712678848226483641e-01
4.109105372224474140e-01
2.817139616864455798e-01
1.526496542757046493e-01
4.547651831620735940e-02
1.456692133389656529e-01
8.248877029479606549e-02
1.550593258069916658e-01
1.538466997538310288e-01
1.581538931269492743e-01
1.064957987746439905e-01
1.042359282286515754e-01
2.024301279832223521e-01
4.948229626092737199e-02
1.400611580822723745e-01
2.270957501604742301e-02
2.745756849006886213e-02
1.068442526115883640e-01
1.184271363241617969e-02
1.624140376466276514e-02
4.748481736781284823e-02
3.945686604501230654e-03
8.535688921169071186e-03
2.507994590958007031e-02
2.902285337744281435e-03
7.390284558785875646e-03
3.458499811080484321e-03
1.018125252371704370e-02
3.673269913403442999e-04
9.248731237218033030e-04
4.225539892515617346e-03
1.131888721972673650e-03
2.432078749167176923e-03
2.437833740804862259e-04
8.014588177578385597e-04
3.699343823675427245e-04
4.932307262367485734e-04
1.541577950407990727e-04
7.642801093707962679e-04
8.406583517639454328e-05
1.737410708310127561e-04
6.933191062841181918e-05
3.077153587487391206e-04
3.874331977926637194e-05
