5.936875247790299737e-01
5.491165234940982298e-01
6.078803961201224570e-01
5.301427488152554712e-01
4.814660542587150260e-01
4.193509006674892570e-01
3.098563865356332991e-01
2.242267320408821707e-01
6.368856616879992050e-02
4.705980191245817679e-02
3.670849285727295630e-02
1.538331527764956741e-01
3.298847423137929447e-02
3.873777748518549835e-01
6.757180658614814206e-02
3.486844502483976704e-02
6.790943726680320758e-02
1.467426923906325342e-01
7.231553000933521602e-02
3.393343817006710950e-02
7.215163579225136736e-02
4.297527218335572829e-02
5.435543119280961122e-04
1.759969283784301730e-03
4.369692312269057854e-02
1.704397156001835612e-02
2.145083253379276300e-02
8.219270741226747390e-03
1.104718075792576748e-02
3.601329063320335422e-03
6.034279003154674470e-03
1.241952918588085097e-03
2.438213445647097188e-03
7.010285708537455918e-04
2.506815872842516058e-03
3.124409563761698649e-04
4.690691483024700403e-04
1.320107818897797713e-03
7.571482795576400804e-05
2.329432688314980737e-04
6.222029342950463615e-04
7.926041467887223746e-05
2.360118846989056607e-04
1.154905541171924455e-04
1.189870520252878094e-04
5.681766915222041803e-05
2.119690644850624750e-04
6.532237847078903314e-06
2.529541684870295626e-05
8.862754289395979868e-05
2.043657281947108828e-05
3.930174745925274493e-05
9.185891418850289369e-06
