4.785086816692400991e-01
4.646646378531428256e-01
4.679868151911595886e-01
4.531467680445351309e-01
4.390570630937550289e-01
4.356631688717369499e-01
4.181476158575746505e-01
3.875651177568071315e-01
3.424460757228180441e-01
3.182131313790854676e-01
2.514044924942765435e-01
1.669452262764902217e-01
5.531625622853308943e-02
3.122152549882017958e-03
9.456393858595424362e-03
2.308709991569291020e-03
1.933050708579506782e-01
4.489300087525749383e-02
6.066725258763838724e-03
5.431962642483689763e-04
5.531625622853308943e-02
1.815959221976415350e-03
3.878518886159865176e-03
1.678208254336732708e-02
2.194711228644918855e-02
2.206075567695364725e-02
2.252381457788610319e-03
5.847148287197867500e-02
1.701165057515496848e-02
2.413222640069101477e-02
1.050804163582763628e-02
1.018237407080735402e-02
4.083424277509406508e-03
6.276645606663189270e-03
1.260704715442373391e-03
3.117408054013615093e-03
9.718176011259682667e-04
2.691208745084328058e-03
2.402826253516954225e-04
6.830800205932519020e-04
2.627518309652465689e-04
1.059393003001285471e-03
1.476326278473383269e-04
1.692341815537901084e-04
5.541439521354885045e-04
4.040324416854090828e-05
6.282817985336919264e-05
2.513220877452537749e-04
4.821174875924150172e-05
6.983558182516169666e-05
2.930756495445052678e-05
1.179785672998923118e-04
6.742797137082590098e-06
1.742374522351042287e-05
5.357518782767023424e-05
8.567261090774991317e-06
1.960903271125413738e-05
8.311377641234685143e-06
2.366342818005406912e-05
5.043539762494830825e-07
