2.070975347942094480e-03
2.078142397162197064e-03
2.105930387623300426e-03
2.070503021814551481e-03
2.071168289580982425e-03
2.087970254509574630e-03
2.077741523671128299e-03
2.072459667667558847e-03
2.072169404832013839e-03
2.120517630755713867e-03
2.086082313623394136e-03
2.096423877740227759e-03
2.078198150878396433e-03
2.092615602448999468e-03
2.077479168090090589e-03
2.081690474807329494e-03
2.074048224956381858e-03
2.081334775016818739e-03
2.074047977636106488e-03
2.080767025392171732e-03
2.073873984243745916e-03
2.080489039194999279e-03
2.073752414762153329e-03
2.075455540212933769e-03
2.072283498428584281e-03
2.075539373326718007e-03
2.072276532479211397e-03
2.075023300908029888e-03
2.072223778848414355e-03
2.075191553734589966e-03
2.072142221114847693e-03
2.070503021814551481e-03
2.071539729710636379e-03
2.121502138696773621e-03
2.094620530640689537e-03
2.071846143167577203e-03
2.072483649741996281e-03
2.076915027386383450e-03
2.070977618380709373e-03
2.070728516903153071e-03
2.118119417654051873e-03
2.092593803761699789e-03
2.120560809722338291e-03
2.079673123417391523e-03
2.090489372590043082e-03
2.079670106472253366e-03
2.081046632115390871e-03
2.074634245356588025e-03
2.082791908191605756e-03
2.074469238336873467e-03
2.079611405686576653e-03
2.073211092148086188e-03
2.075711099323807041e-03
2.072277179821613302e-03
2.076333261618934500e-03
2.072129808815437180e-03
2.073615477083401437e-03
2.071661673772706713e-03
2.070503021814551481e-03
2.076897833815261052e-03
2.074139391479268291e-03
2.129562100510296041e-03
2.069676747093573965e-03
2.070116954066891779e-03
2.071415154983102802e-03
2.071604552910444319e-03
2.076383670665649106e-03
2.128245620900637292e-03
2.097538909462404177e-03
2.098444445718938844e-03
2.083069316914376579e-03
2.083692021441763131e-03
2.076260567569598869e-03
2.083653996756584803e-03
2.072847385754417182e-03
2.081850701584397889e-03
2.072741247510001550e-03
2.074373912939520004e-03
2.072003841078307040e-03
2.077477254093906822e-03
2.071776819426496274e-03
2.073319680250707009e-03
2.071418870573604742e-03
2.072003640834596538e-03
2.075946077768286990e-03
2.070695177666337372e-03
2.072340251106141729e-03
2.071011171311476495e-03
2.071098167014784330e-03
2.069676747093573965e-03
2.098267075100967993e-03
2.082754236157002836e-03
2.091191508707401780e-03
2.070507722852998889e-03
2.067417997290155185e-03
2.088045880620281736e-03
2.070936677864176900e-03
2.074602456440532983e-03
2.075967841138726122e-03
2.087191909824759328e-03
2.090601142935244461e-03
2.077514042194916755e-03
2.094645235827474750e-03
2.076670631817822965e-03
2.092193156021160405e-03
2.074433655694929435e-03
2.079552456052624620e-03
2.072614056659372039e-03
2.081173861038010386e-03
2.072005678386279470e-03
2.085433036271622242e-03
2.071282262972373722e-03
2.071113665232937606e-03
2.082512329014352126e-03
2.070519800398407106e-03
2.069886684811561572e-03
2.072928961271758297e-03
2.069847114083533945e-03
2.075018652715088230e-03
2.069275317502117240e-03
2.079538206990361182e-03
2.068834241576333888e-03
2.066327547118551600e-03
2.066129008600481320e-03
2.070711185298224066e-03
2.068974108598631290e-03
2.072288632137708753e-03
2.068831030149542727e-03
2.073037938721267182e-03
2.068434136851649008e-03
2.067561466228884370e-03
2.064363349191133956e-03
2.063639027994779163e-03
2.066707256770050627e-03
2.064763232342392563e-03
2.067263338553337881e-03
2.062885702864725168e-03
2.062347821173204920e-03
2.062117967677523644e-03
2.061635762868996302e-03
2.063636377206301553e-03
2.057707648545403778e-03
2.056059754457773003e-03
2.068806193514793890e-03
2.064673233800551344e-03
2.065869057058744573e-03
2.057223590237189370e-03
2.065310612982207417e-03
2.063227294568648063e-03
2.056922588525522677e-03
2.059880102100342114e-03
2.054456571476848126e-03
2.053016228536486132e-03
2.054465476354017106e-03
2.054477741393001544e-03
2.048327259493998298e-03
2.046112961963331145e-03
2.045511636703745140e-03
2.043097957550865651e-03
2.048843830281588119e-03
2.044099406361965521e-03
2.040950816314390792e-03
2.038590677357232650e-03
2.036785907625793257e-03
2.033826295423590835e-03
2.041921852258377079e-03
2.029942101060555615e-03
2.026262221941244057e-03
2.024199312376073756e-03
2.019822063331844220e-03
2.024799557890255564e-03
2.020081047709787470e-03
2.014832870931293485e-03
2.010434422652251918e-03
2.006464306799848885e-03
2.000802589592343139e-03
2.005992760272468090e-03
1.991810549279993126e-03
1.984641515060836525e-03
1.984333965965867641e-03
1.976768924113470050e-03
1.981482698111602936e-03
1.973255273556073774e-03
1.966141483125238842e-03
1.962207421459583045e-03
1.953696682770122983e-03
1.943760440979547255e-03
1.932378922688049450e-03
1.933074894390429677e-03
1.928568628299598409e-03
1.919113485844503586e-03
1.900893813324477932e-03
1.885533387322335663e-03
1.896313947989836102e-03
1.875413656591717881e-03
1.859459664921181421e-03
1.848041985665127562e-03
1.828453012844177827e-03
1.827399467061008309e-03
1.807204981494114904e-03
1.800193648243575417e-03
1.777256572836116710e-03
1.785617209520973248e-03
1.748761048696922948e-03
1.722673855831025058e-03
1.713203022718268187e-03
1.684360583115718235e-03
1.674958902944556627e-03
1.645927484063891555e-03
1.636569879763016822e-03
1.622043133781003732e-03
1.614013524760649076e-03
1.606700921495174406e-03
1.606371541865048158e-03
1.599782222037049451e-03
1.581406484829184222e-03
1.570076984618418159e-03
1.579709755949565420e-03
1.554958727912891803e-03
1.541209409724575430e-03
1.589440099288519370e-03
1.541295840593370770e-03
1.543826763826472437e-03
1.520015209938163636e-03
1.507208326120945685e-03
1.499487936135079913e-03
1.486428382331705933e-03
1.489678875833844174e-03
1.485341365903281030e-03
1.474504594024095283e-03
1.465718007528704625e-03
1.454425373464962590e-03
1.439845874406042725e-03
1.426303187774369263e-03
1.438752776262597344e-03
1.417209396077812045e-03
1.405316719593097119e-03
1.402644521112828002e-03
1.392240574317527013e-03
1.399380739472100288e-03
1.387598904263542821e-03
1.378538112784988279e-03
1.372950459907040788e-03
1.364770716493324265e-03
1.362084695986198746e-03
1.353858242804983902e-03
1.350979789501605133e-03
1.343073660527216440e-03
1.344422721202720439e-03
1.336230120295267554e-03
1.330167239875890139e-03
1.333432775415643867e-03
1.321799596776918051e-03
1.315722106861594298e-03
1.310812224381896485e-03
1.304773364942279912e-03
1.307895048819229800e-03
1.303413228660899037e-03
1.298935014761304352e-03
1.300080358688449067e-03
1.295469528571513429e-03
1.291719175010030973e-03
1.288622858047983044e-03
1.284868706406205874e-03
1.282464002769656553e-03
1.278669579719338145e-03
1.276108558977750995e-03
1.272826985011188405e-03
1.276345386703181539e-03
1.273528194903783550e-03
1.271658737956204988e-03
1.270083926283138709e-03
1.268186715275732013e-03
1.267454174713633641e-03
1.268311178950987106e-03
1.267239051320423471e-03
1.266924297591787152e-03
1.267449683212573674e-03
1.267320831756069133e-03
1.266643619379781427e-03
1.266528254733501058e-03
1.266423857553933274e-03
1.266321809916370889e-03
1.266938542002882251e-03
1.266279113794288591e-03
1.266202019339690565e-03
1.266188401492174265e-03
1.266110658062591376e-03
1.266280322245849632e-03
1.266051946279600493e-03
1.265968847994791702e-03
1.265987983539718087e-03
1.265968847994791702e-03
1.266167351102298610e-03
1.265962386620689273e-03
1.266048877899494940e-03
1.265983344497234597e-03
1.265942703022937543e-03
1.265950015621464253e-03
1.265948316611198443e-03
1.265957058933286916e-03
1.266062800414635703e-03
1.265991746947303653e-03
