4.785086816692400991e-01
4.857507062811369236e-01
4.626419399223009599e-01
4.545429106115581597e-01
4.370924195794695377e-01
4.176378810952829923e-01
3.816303252333851370e-01
3.502264680462815472e-01
2.849857992874635926e-01
2.182603631133095412e-01
1.080105680758726150e-01
3.342744319068335912e-02
2.159068583197809588e-02
5.260260454381926465e-02
3.148872008254989252e-01
9.407632724265146962e-03
1.010999877179643569e-01
8.233493223251286963e-03
2.153947500060926501e-02
2.192810878583917322e-02
2.206551980002369184e-02
1.704888501106127663e-02
1.202011684613113474e-02
3.058727793656113025e-02
9.674291577353555383e-03
2.019650464600419859e-02
3.583984738697587602e-04
2.248934751423403711e-03
1.315437795889184969e-02
3.768036743436731228e-03
6.940795850972625303e-03
1.310461411240693153e-03
3.063284408295396943e-03
8.634216614047396376e-04
2.612166641866031647e-03
3.603113975052529838e-04
8.527149316253090916e-04
4.295165631003072804e-04
4.285566486705860711e-04
2.125803160624162302e-04
9.404364597263015213e-04
3.861442833619221915e-05
1.829878216517144551e-04
4.320061517175677324e-04
5.055981058199598976e-05
1.958106138367776694e-04
8.863314080853612609e-05
3.861442833619221915e-05
1.907487290244702649e-04
1.235197312926872293e-02
9.892675657046101634e-03
5.348418661889065007e-03
5.790886510896542383e-03
2.817003344324886527e-03
2.754773445002633991e-03
1.298859483691128247e-03
1.487294486547829919e-03
5.865609939612603796e-04
8.065491896707133179e-04
2.343413139703764969e-04
4.622179277107285600e-04
5.921570691913569107e-05
2.144382257399657377e-04
9.070332667104885616e-05
1.118883948384441496e-04
4.036832509979326744e-05
1.379441719291385482e-04
9.764096377207209798e-06
1.167382341971112680e-05
5.998314865640619331e-05
1.400550408958700643e-05
3.529329994955698879e-05
1.690919609220742359e-06
3.296412576681007067e-06
1.492133744940282725e-05
3.590213614956816457e-06
8.752503538156375384e-06
5.039032361375817004e-07
2.450826766198233031e-06
8.680840364316821933e-07
3.022077860959093698e-06
5.236494888816167759e-07
7.928900334075450473e-07
4.247162244119806473e-07
7.259467937892338796e-07
2.574390864928943756e-07
2.574390864928943756e-07
1.202217978696340506e-02
2.667957403189258336e-03
7.452333462671267839e-03
3.315847895148049673e-03
6.432708078905058358e-03
1.061166778187017101e-03
3.528279154719982103e-03
1.040962716200355409e-03
2.151850971629176712e-03
2.788255388588289918e-04
1.291862144019217951e-03
4.469189967055697821e-04
7.195016110410623611e-04
1.526039425551184436e-04
4.343214537377848572e-04
1.017987129674491342e-04
2.539118057691691632e-04
5.062709148129229675e-05
1.526633209714134409e-04
3.839464701860251239e-05
8.918413039094019723e-05
1.561498457103294157e-05
5.385136574409532528e-05
1.538249072674524598e-05
3.123426895146330651e-05
3.884661356146068556e-06
1.903734080033192555e-05
6.794131718557139266e-06
1.041577936078397215e-05
2.495803956392705913e-06
6.616780101609265330e-06
1.248420621768886463e-06
