7.255130467090616930e-01
7.361160533428698916e-01
6.938590319430728570e-01
6.792070569086225973e-01
6.425380978063310877e-01
5.962860543588790474e-01
5.126294556082111598e-01
4.454500733936896939e-01
3.191237472557697519e-01
2.289788282344029646e-01
2.236311653957679946e-01
3.646974651887510133e-01
2.269972649833095213e-01
5.436877745770486436e-01
2.106610839604482477e-01
2.119547333118347865e-01
3.217174909152883400e-01
2.010119355320577617e-01
2.021341011778302610e-01
2.252972504357299011e-01
2.019791000334821840e-01
