2.917275592137835716e-03
7.039716232889303704e-02
1.869187762486124171e-03
6.942057751937569243e-02
3.961047330086575613e-02
3.057453032456902697e-02
1.179045388528099370e-02
2.333659233498153185e-02
2.696856255453794482e-03
1.681735508004633672e-02
3.834726193566506680e-03
7.737551549842347498e-04
6.191749593769335647e-03
6.786817933986499796e-03
4.391211554505281001e-03
2.115564524494906173e-03
1.308626462822592984e-04
1.662666487396879944e-03
4.681306503585558332e-04
1.590643556862558761e-03
3.742835877498240649e-04
5.123343004687086477e-04
7.276614242934797971e-05
6.965387390150956648e-04
2.059273105783354652e-04
3.297105652614318316e-04
9.684218854055792747e-05
2.363782535648173422e-04
4.626282749553567442e-06
1.254967785947469494e-04
4.161965035098802446e-05
3.604613673990897382e-06
1.331394961259224630e-04
1.348257497737481714e-04
3.741031120418902844e-05
