4.785086816692400991e-01
4.639276376745727903e-01
4.876669364118014771e-01
4.535061135949083333e-01
4.340854950955178593e-01
4.158730484308920117e-01
3.785937584261412914e-01
3.413582990923912375e-01
2.697723424601642384e-01
2.034137669628092171e-01
9.064905234768438902e-02
1.502733845662773682e-02
1.319360217801723856e-02
9.577901765005392143e-02
8.631656956531008618e-03
2.289483046378085751e-01
6.615480782326210729e-03
1.114553852954536239e-02
1.869076074250175523e-02
2.156493172764473165e-02
2.143469086135829649e-02
4.031218328269581264e-03
1.647247962003128841e-02
3.436811987287968773e-02
1.651462837276551632e-02
1.175931805730157098e-02
2.486440028270919811e-03
5.716078563139381785e-03
2.302175399947592460e-03
9.751416023564551949e-03
9.368340705904198984e-04
1.109615535408892129e-03
4.112636860172713682e-03
6.100052551867296557e-04
7.890014959506252978e-04
2.394057283736761299e-03
1.261535720098461155e-04
3.015491515674373346e-04
1.023465429664804915e-03
1.961178064240343133e-04
3.737997090264011391e-04
1.338361959006828528e-04
4.537956348875660240e-04
3.271825803752292927e-05
4.056423968223921150e-05
1.999042541984685784e-04
4.486932967151524565e-05
1.181596490794634136e-04
4.169634444828318465e-06
1.175643056150477150e-05
4.875138293680691959e-05
1.233645985365683373e-05
2.839836165913212085e-05
2.149157424802261573e-06
1.001900353247986430e-05
4.454353724314685792e-06
6.433295249408388372e-06
1.702247910406740061e-06
8.043715872041445891e-06
1.135522156303636621e-06
