9.736910538037644169e-01
9.735379801484663753e-01
9.738788114581047317e-01
9.736243483341643357e-01
9.737011624316554981e-01
9.738717539933662293e-01
9.735318194418316473e-01
9.736668332274747151e-01
9.738969783594395579e-01
9.734783209988039365e-01
9.734257256428119343e-01
9.734257256428119343e-01
9.726614044394790159e-01
9.721978096567966965e-01
9.722680326007874241e-01
9.730279279040290330e-01
9.726109524637318593e-01
9.730447319831524444e-01
9.731056792948965528e-01
9.746779774269545005e-01
9.708330838628854709e-01
9.703306198640311298e-01
9.713788297602087285e-01
9.712720613298060357e-01
9.708827927223457888e-01
9.703497486242235182e-01
9.701433345757459747e-01
9.698197922824056683e-01
9.694801477524106481e-01
9.690755180655836742e-01
9.690255902894845397e-01
9.686064302035419793e-01
9.681694159258857901e-01
9.676440178843990214e-01
9.680905350805759646e-01
9.673809772915834548e-01
9.668752947878970216e-01
9.667648355319768960e-01
9.662288239447764937e-01
9.662756830966483523e-01
9.652388739278509044e-01
9.645713402277518167e-01
9.644321591924874815e-01
9.637245386736016384e-01
9.638566720143700861e-01
9.631268921651512382e-01
9.624075402361557119e-01
9.622145864736511012e-01
9.614418976375352921e-01
9.610904646410923791e-01
9.602259090430811383e-01
9.602016484578989042e-01
9.593207630220866866e-01
9.590469323271016977e-01
9.580901485080693947e-01
9.569444041579150406e-01
9.556988588133180640e-01
9.564907353831285652e-01
9.553457037445618472e-01
9.542145355371435267e-01
9.529677582799730429e-01
9.515188382360616481e-01
9.516030557291657033e-01
9.500777641384752226e-01
9.485497046767321638e-01
9.483708911269833619e-01
9.467745935100144727e-01
9.460782954961248770e-01
9.442870694480254290e-01
9.438255008592666417e-01
9.418909925744203271e-01
9.418011476173375751e-01
9.398119846006866007e-01
9.384563711110484041e-01
9.360987282273195431e-01
9.353414400668608186e-01
9.327517837614290874e-01
9.333867934857343895e-01
9.285171715167133133e-01
9.253320138853673438e-01
9.258337868432403583e-01
9.222592704801908514e-01
9.188793763162689254e-01
9.183814731471416914e-01
9.148084054324435721e-01
9.139451980900074046e-01
9.100853454209997251e-01
9.083765482498388222e-01
9.040095688450380251e-01
9.042213265476878314e-01
8.995320882861453926e-01
8.949378580121671867e-01
8.905995842364204940e-01
8.854588424539118208e-01
8.883778779823893190e-01
8.806149641961283914e-01
8.760157379082967877e-01
8.766122561333308250e-01
8.720474693532742627e-01
8.678437664787574946e-01
8.677780130770030853e-01
8.639154138055431531e-01
8.637085741845346165e-01
8.600640087926033628e-01
8.552460045422494161e-01
8.514159181747624761e-01
8.534929885819855233e-01
8.493745361099378499e-01
8.461558137016252923e-01
8.453888034064713786e-01
8.425428454933436839e-01
8.427594091329958514e-01
8.369601593311033483e-01
8.342178661439174636e-01
8.365787490895610912e-01
8.336120233750091701e-01
8.316588379964634514e-01
8.306047309170940807e-01
8.286079619724672218e-01
8.282889593197584333e-01
8.266431411968269138e-01
8.264257605934710593e-01
8.248840063590306970e-01
8.250006321964780120e-01
8.224597695658956154e-01
8.209871175200830207e-01
8.203555863320696195e-01
8.192499887562968430e-01
8.184635995434197397e-01
8.174389424190361408e-01
8.174721711774439736e-01
8.160276514062881903e-01
8.152883546428304484e-01
8.159849327411935471e-01
8.156938209504279724e-01
8.149435641796133334e-01
8.145499679197145682e-01
8.139285614355213916e-01
8.135295409171365844e-01
8.137985754663437099e-01
8.130804102835970104e-01
8.127193649268574793e-01
8.127527121126522092e-01
8.126614577742056200e-01
8.124391404190367538e-01
8.122498482030189315e-01
8.119848312233999277e-01
8.116328203668643493e-01
8.113048212765202605e-01
8.114232735430992882e-01
8.110164348751667251e-01
8.107509017428268239e-01
8.107521134471512569e-01
8.106839738763859105e-01
8.106109107048116158e-01
8.103367259907454656e-01
8.102019794584065515e-01
8.102510031404746016e-01
8.099472419996978090e-01
8.098411741394239138e-01
8.098775464427583337e-01
8.100147402504972449e-01
8.098088888160773768e-01
8.097553518428051156e-01
8.097473308088606325e-01
8.097328753349974928e-01
8.097309942741006683e-01
8.096976682792400570e-01
8.095612543490764423e-01
8.095123344691306233e-01
8.095123344691306233e-01
8.095349289653914759e-01
8.095194382710129144e-01
8.094945635894670311e-01
8.095099313478153480e-01
8.094744977411398867e-01
8.094671138075566486e-01
8.095323053652412337e-01
8.094885565403319161e-01
8.094647564165542430e-01
8.094559849128857287e-01
