5.221193463888140762e-01
5.268948818027192615e-01
5.145864492175815652e-01
5.083587196063300562e-01
4.962615078964484061e-01
4.840539040155548145e-01
4.569708778879350008e-01
4.282883985946892569e-01
3.677940435165119037e-01
3.049896690992032200e-01
1.848497684949409470e-01
8.671723585708623894e-02
1.822572513852249720e-02
1.635871864006055443e-02
3.124067639327358092e-01
2.791560090067204403e-01
2.203792616268318572e-02
8.969656912619605738e-02
1.679003156769098837e-02
1.294907815344048529e-02
7.136452090314859831e-02
1.621078549069109309e-01
1.841859481744090310e-02
1.463477818925973395e-02
1.867461594829311622e-02
7.648193891704646585e-02
6.620222281673360243e-03
7.716793793239196120e-03
1.891880515007171581e-02
1.877855800852423762e-03
3.287746492457221947e-03
1.378711997643000675e-02
2.278287098699260937e-03
3.522935148043027098e-03
1.488154200827263018e-03
5.985040985334255659e-03
3.409000904837089507e-04
7.136519331198964977e-04
2.457352909349452830e-03
4.695160750196603061e-04
8.515458658769903266e-04
3.272015561459618027e-04
1.123596638510582224e-03
6.596602894981540288e-05
8.001264643453520620e-05
4.766431294800366203e-04
1.275566825877927357e-04
2.743665009363738250e-04
2.740490904207248946e-05
4.129559413357242192e-05
1.344931172506669270e-04
1.576894095256520245e-05
2.978371173245619730e-05
1.196086996180234507e-05
5.515636311148597315e-05
6.778847651656150219e-06
