4.719010208782532523e-01
4.711406641293145459e-01
4.696847828663829327e-01
4.718392127672010883e-01
4.738823070768415358e-01
4.729821305036608914e-01
4.706173084396636508e-01
4.712033569321393278e-01
4.720747632857590359e-01
4.689448954280001081e-01
4.683501006704693381e-01
4.685769936661049462e-01
4.687189440557048004e-01
4.681227451822747021e-01
4.676806391794060547e-01
4.670936817960976706e-01
4.665196899110239936e-01
4.667018255518554648e-01
4.661110736040902092e-01
4.656701175630720835e-01
4.653962969834258834e-01
4.649462257255134734e-01
4.642453938833918103e-01
4.635376029213930105e-01
4.642100873309773501e-01
4.637644994260399223e-01
4.627479474696039041e-01
4.622127004899826419e-01
4.619815597889807002e-01
4.614279522457849225e-01
4.615322606299983033e-01
4.612005630108749754e-01
4.608825129020805988e-01
4.595489627660407361e-01
4.587974312898787099e-01
4.586042924639690543e-01
4.577913653083911516e-01
4.585775997729895082e-01
4.570787356797606504e-01
4.562766932419829446e-01
4.597662780939553162e-01
4.564496570607844417e-01
4.559787124616405674e-01
4.554451030537152167e-01
4.547832679865596583e-01
4.541811221629397100e-01
4.525723425884830009e-01
4.514864908088436213e-01
4.537684185834170991e-01
4.521780703433867510e-01
4.500324613926617312e-01
4.489362350919855471e-01
4.505468903763358846e-01
4.483822383014308688e-01
4.473286289654718750e-01
4.473368006232666394e-01
4.450084391161968078e-01
4.436315838946777168e-01
4.440779393368418093e-01
4.472310657339806372e-01
4.418873700659825543e-01
4.405297976486515221e-01
4.402508299794403168e-01
4.388818665444533806e-01
4.380718125416815933e-01
4.364988603647552701e-01
4.367599082083293283e-01
4.354590927174391002e-01
4.339427256964931701e-01
4.321091290127805351e-01
4.301729949957372456e-01
4.320306955470643029e-01
4.290305101836147106e-01
4.273753860169816621e-01
4.243253975503692432e-01
4.218628338871296402e-01
4.223102343356155419e-01
4.205239063508351416e-01
4.182499603983016456e-01
4.180378085831140123e-01
4.157270619676520784e-01
4.121775813976507052e-01
4.088158351151992553e-01
4.083026232447608539e-01
4.041812323322155898e-01
4.078330841788725403e-01
3.984401050341713768e-01
3.935190108146547905e-01
3.945100978920614843e-01
3.919447965650214583e-01
3.880291021762565240e-01
3.859660914894734729e-01
3.827645407993059967e-01
3.773728322731628726e-01
3.722361555573572289e-01
3.700922215547950422e-01
3.644583078380653207e-01
3.692126532724118171e-01
3.663163154735039617e-01
3.582695694377476814e-01
3.543083168116171189e-01
3.523090093729731587e-01
3.476246530440526561e-01
3.486488008509304182e-01
3.415153050497578002e-01
3.385851854207653222e-01
3.297676399626754407e-01
3.244389818401915981e-01
3.411831859280011203e-01
3.326061453187204586e-01
3.246256700340209855e-01
3.413999970109189430e-01
3.222124072323401256e-01
3.193476366007640399e-01
3.185258111570277162e-01
3.162009674867479747e-01
3.299836709915576760e-01
3.182777324278693865e-01
3.055792744628360591e-01
3.020733608856585040e-01
3.015931217964561428e-01
2.982979671556886814e-01
2.980254738257686054e-01
2.948329768745989732e-01
3.062085178286995113e-01
2.889014461500432063e-01
2.849937679768181908e-01
2.895910016697300637e-01
2.786732293482713230e-01
2.743318949541544427e-01
2.791432994615377083e-01
2.631545131766402923e-01
2.581183289942005077e-01
2.815743304155126081e-01
2.634947677491930040e-01
2.591817313789331889e-01
2.520421958101007887e-01
2.473615962147489578e-01
2.510595240367636816e-01
2.461494249126181533e-01
2.418145008340942814e-01
2.443049270128785366e-01
2.358054013360715295e-01
2.324598100642761844e-01
2.270223024273321233e-01
2.229166126547504900e-01
2.298062877133009163e-01
2.237956567903426341e-01
2.169886005886085822e-01
2.136689382184313590e-01
2.137863839140938804e-01
2.173477346414601774e-01
2.066260480807460276e-01
2.036914361481448887e-01
2.166442541088193785e-01
2.053324691899460763e-01
2.032462044183582783e-01
2.024047109939270950e-01
2.042020255106985482e-01
2.057735452987848879e-01
1.971902102021175773e-01
1.952826062198875778e-01
1.972127778283732091e-01
1.986731162150128238e-01
1.985538645054764073e-01
1.986584950815724060e-01
1.938378381198709866e-01
1.928178491702222663e-01
1.913432752787119773e-01
1.900704096255633191e-01
1.910662643208836942e-01
1.880336508538473783e-01
1.869191899553254155e-01
1.890135373433933230e-01
1.879737165497403772e-01
1.881130868691192060e-01
1.852299994050434773e-01
1.842313921114112629e-01
1.845539217370304463e-01
1.825966698584686743e-01
1.815807719821307398e-01
1.828804803015464664e-01
1.816654311351998397e-01
1.804570198876441767e-01
1.797635016727454627e-01
1.815771761061668599e-01
1.811484164816931086e-01
1.776614695188000193e-01
1.766829492836829996e-01
1.765698895341856201e-01
1.756977905605375812e-01
1.762165488856629603e-01
1.786840405296269418e-01
1.774685106558412384e-01
1.768348788457470011e-01
1.738860614322029763e-01
1.732023382512851706e-01
1.751223389284652932e-01
1.729917034912327178e-01
1.722298473233572214e-01
1.721790104560708690e-01
1.716350974971485588e-01
1.714207409649421976e-01
1.708056675367457533e-01
1.719633106648249532e-01
1.675523652916999229e-01
1.668769343989336962e-01
1.677202859965002402e-01
1.657356233847144811e-01
1.652482357336694241e-01
1.703300250125361348e-01
1.641218070186908351e-01
1.631043538293788231e-01
1.674137923476685108e-01
1.645766782031742315e-01
1.635514601329398632e-01
1.625603381908888867e-01
1.621758504025618830e-01
1.631465650398167266e-01
1.645501176023659307e-01
1.640792946994380497e-01
1.608299506259303069e-01
1.602940449907556131e-01
1.597624765277576575e-01
1.588684328238887389e-01
1.592667558516549509e-01
1.618542419275437183e-01
1.590741130229791356e-01
1.586267031324257726e-01
1.582720116053948356e-01
1.585518203703303319e-01
1.550051527634210835e-01
1.538957763812847102e-01
1.568617530075072652e-01
1.555745866099639274e-01
1.535352819134971902e-01
1.539437316377547660e-01
1.539709073983185350e-01
1.531283597461613466e-01
1.526708240213229262e-01
1.513525018955789170e-01
1.504489426336523827e-01
1.513764938781011482e-01
1.480503426293774405e-01
1.468468680041243868e-01
1.478775070116654655e-01
1.495090000204115643e-01
1.466806994271280251e-01
1.459504150260384492e-01
1.451528842119494955e-01
1.442657417801687103e-01
1.443026691338643586e-01
1.418787939814177834e-01
1.407089041099705007e-01
1.411283359057551312e-01
1.406720607205973472e-01
1.404338517232552874e-01
1.393698429470473510e-01
1.387829345174336204e-01
1.379580191306799541e-01
1.372283619601599725e-01
1.367432400694169603e-01
1.368830357500624428e-01
1.340490097659300384e-01
1.336116501369085663e-01
1.442775248381068520e-01
1.413386101617750690e-01
1.351523403032336423e-01
1.381775596485796953e-01
1.363905578222922577e-01
1.340915882367194056e-01
1.316612346530369182e-01
1.316543681302558833e-01
1.344078350119590759e-01
1.370684704106703844e-01
1.347940466559930384e-01
1.347586286922224375e-01
1.315905815718630967e-01
1.316628606289298453e-01
1.317503408876745663e-01
1.322001176925439170e-01
1.343354800262210880e-01
1.315906338751797744e-01
1.348547658590657505e-01
1.336033291157677771e-01
1.343934770176857807e-01
1.323071628505178010e-01
1.314785718512188062e-01
1.314593780606363449e-01
1.317130987178132262e-01
1.324882563051840156e-01
1.316739834261869690e-01
1.314785324871778904e-01
1.328013227091529025e-01
1.315618072194707500e-01
1.315325370349635925e-01
1.318294106814317246e-01
1.316483792789661100e-01
1.315590967836287595e-01
1.315477196510249636e-01
1.314564284132351268e-01
1.314417832888772342e-01
1.314584774868846617e-01
1.314370207514556910e-01
1.314259360714044034e-01
1.314276573659084457e-01
1.314118050016831463e-01
1.314045163261665650e-01
1.314007167437468704e-01
1.315469698478218818e-01
1.313970925510207222e-01
1.313988463770336956e-01
1.313970925510207222e-01
1.313975504752353807e-01
1.313973300016071377e-01
1.313983562303973063e-01
1.313971367173911720e-01
1.313971017570860766e-01
1.313981367536635192e-01
1.313971063960598373e-01
1.313972499007521888e-01
1.313976746721453592e-01
1.313970925510207222e-01
1.313978705743891195e-01
1.313971914125907636e-01
1.313971018458863771e-01
1.313978845255454608e-01
1.313979297146411485e-01
1.313975023823111821e-01
1.313971362127925868e-01
1.313971503294574239e-01
1.313976261167710824e-01
