6.360197177307645999e-01
6.355544951210723159e-01
6.629974936344074088e-01
5.950111256933754422e-01
5.421853799335052404e-01
5.405194663129286869e-01
4.755659662527307319e-01
3.301766207394086772e-01
1.407569873522958037e-01
7.005752501313133873e-02
6.498348641807205617e-02
2.496924678281053911e-02
5.121226032319765586e-01
3.428193515899324861e-01
3.869762925399156117e-02
2.578001202598367847e-02
3.456267578743081881e-01
7.191922250601767708e-02
2.415118426051687806e-03
6.914644524556434746e-02
1.708485954468133006e-01
4.120981045599791948e-02
8.317926981557732802e-02
1.802332123756333893e-02
3.859963786686959608e-02
6.403574645936660481e-03
2.457868624786618827e-02
8.389991743589009232e-03
1.293563058065361204e-02
3.311517390977458675e-03
1.162296176136612402e-02
1.706874229848276414e-03
2.632588166979754618e-03
1.125991921795521655e-03
5.335397920606443911e-03
5.105898536423847389e-04
1.083447573331675073e-03
2.698567759837899871e-03
1.615508795838049849e-04
7.391179316196261340e-04
2.814383231805051011e-04
9.567192663854084955e-04
1.449775984656564987e-04
2.644502205702004005e-04
1.281983915755180448e-04
4.341980309383597358e-04
1.240258725698772935e-05
