2.146784277073126024e-01
2.379798529601253598e-01
1.815952075060616178e-01
1.309893249467752874e-01
3.237441470598123594e-02
4.735031920581234122e-02
2.737419282567449264e-01
1.015434794183529554e-01
1.332971675232392794e-01
5.100115807459393302e-02
6.732658910069022618e-02
2.341504803102623100e-02
9.106734644696179437e-02
8.192891020159298598e-03
1.965785327259772508e-02
5.367299889568444282e-02
5.212623743970912216e-03
1.503836528518220916e-02
7.009712397421763441e-03
2.017268536832994563e-02
9.722814440645821676e-04
3.051370631453442783e-03
9.216821445275358293e-03
1.637109398123781645e-03
3.471423298648579348e-03
1.320549272960325204e-03
3.910718821410363866e-03
2.572387770869433155e-04
5.451714808739627216e-04
1.808005295022896419e-03
2.754459431699718408e-04
6.316355864942613252e-04
2.809625876458721194e-04
3.073935006214778554e-04
1.413748922280966269e-04
6.655946521849642750e-04
3.402243818129147002e-05
