9.984479141965245663e-01
9.999862890259166859e-01
9.962629819555645083e-01
9.925865007410288321e-01
9.992214541916095705e-01
9.960526714609246879e-01
9.971318416630532422e-01
9.997770016202659482e-01
9.976300888335902783e-01
9.852140325966585177e-01
9.917098782755973119e-01
9.912831594562845350e-01
9.910416836378489469e-01
9.909057774658061035e-01
9.907007415250800308e-01
9.476603395661528095e-01
9.329099010678856274e-01
9.740141380705027441e-01
9.671518187383731924e-01
9.678618094433246721e-01
9.619149538874287586e-01
9.541777459392191130e-01
9.429734772347689864e-01
9.274756261463947826e-01
9.170373384275591899e-01
9.042617231873013584e-01
8.897648361447205723e-01
8.909603470744672515e-01
8.908231884886040897e-01
8.801730230160902391e-01
8.675095212471728434e-01
8.531407151897024699e-01
8.363930600535258719e-01
8.291301566510411725e-01
8.101039886365646314e-01
8.029604757375601309e-01
7.814657284852151165e-01
7.794168786227620993e-01
7.567754752044602018e-01
7.497384074816140220e-01
7.249822156095921954e-01
7.252428726003086190e-01
7.208261299250089404e-01
6.991727611790800045e-01
6.736298045838760018e-01
6.463144796023245764e-01
6.136746336227276721e-01
5.791441901392808678e-01
5.765162134630521518e-01
5.420731078554261728e-01
5.461639598878673674e-01
5.143020148416495019e-01
4.804782856606697461e-01
4.805580312293488143e-01
4.495890841189621456e-01
4.178391743682023929e-01
4.157426470046313716e-01
3.849161568382726273e-01
3.416612199652088178e-01
3.045005667566397234e-01
2.895663920349305087e-01
2.531377429262380296e-01
2.547018001573589929e-01
2.665450377505123036e-01
2.270601008677679555e-01
2.026898264896527246e-01
1.710713884550323360e-01
1.460960028795360577e-01
1.632892234058590519e-01
1.361587600404066123e-01
1.265139716649581469e-01
1.061018140583235292e-01
9.472345100076107194e-02
8.669587004791301510e-02
8.049434272703637205e-02
1.113575050943932387e-01
6.357824883387364068e-02
5.601055366239870992e-02
1.238153275164266542e-01
1.505789131196121344e-01
1.395349943833139594e-01
1.449817549295439045e-01
1.056755830801895391e-01
1.647863691276924003e-01
1.131849999836830323e-01
1.941926471150487998e-01
1.138818138693434845e-01
1.756085417026326256e-01
1.119174126210801257e-01
7.069154302111457788e-02
6.628425574996754666e-02
1.305179153864797215e-01
9.462981396472880391e-02
8.845540275966756738e-02
8.576934265491298337e-02
3.594274960008925213e-02
3.001653129448700330e-02
8.200534908669199208e-02
5.228057478070047281e-02
3.418696960571554477e-02
5.672108574314305152e-02
6.601039253859553035e-02
6.382504105251518567e-02
1.522975235731227617e-02
1.142708316723062278e-02
3.567485030982087135e-02
1.927173762519285294e-02
8.296004233668885508e-02
4.590147660162013921e-02
4.087941144105611269e-02
5.408537180302563918e-02
1.628738057367018488e-02
3.764840123861834531e-02
2.072269367223211756e-02
2.507715463940196621e-02
6.967431012524827327e-02
2.570659848208822762e-02
1.332829748151131977e-02
2.957218299818298313e-02
1.499646874008231379e-02
1.451882235605428395e-02
1.071859462066127033e-02
1.463897525045398940e-02
7.482362195273317695e-03
1.049273306186593313e-02
3.664249723952073268e-02
1.365131606060476788e-02
2.844029597184882796e-02
1.200116434144293809e-02
7.174074753536041626e-03
9.873607098813463878e-03
1.779097259068551651e-02
9.986182712079738621e-03
2.202360613890730345e-02
8.902034168338901488e-03
2.649361828795970819e-02
8.223474795339913435e-03
1.263047641377434971e-02
9.422019692188698947e-03
1.914960820781252959e-02
7.644731480046296213e-03
1.105941976812263583e-02
1.462089102520425232e-02
7.267652288009851524e-03
1.120572754589499453e-02
7.296909459566403022e-03
1.691366143251293863e-02
6.571007318952881704e-03
9.705558579026551946e-03
6.657515357282761670e-03
9.765531676801386674e-03
6.457827078784061925e-03
1.123388810126324522e-02
6.079003723201581444e-03
1.008864095881922829e-02
5.797232876750380015e-03
1.123869514644626477e-02
5.381390095684390751e-03
7.917776786935504241e-03
5.552485846365584621e-03
9.516668863273736179e-03
5.323649419190390475e-03
1.091103663718140382e-02
5.189788080066426446e-03
7.005728532738619840e-03
5.350214696941080206e-03
8.210945465713881397e-03
5.075430168086092486e-03
8.860763330316157038e-03
4.957859456335755866e-03
8.215744652181111718e-03
4.956465161838785605e-03
5.733405160124882549e-03
7.056048700492034698e-03
4.685337597959748912e-03
5.775005404693667188e-03
4.750395799109075057e-03
6.429005444659074975e-03
4.591803334098476519e-03
6.699339447507002276e-03
4.481973670190875225e-03
6.106951769709101363e-03
4.510401336181524279e-03
6.902854335587349510e-03
4.433683521920639414e-03
6.149916639153318876e-03
4.427161402961288239e-03
4.790083900530373029e-03
5.344415725904494430e-03
4.348387298047762251e-03
5.371388030774082445e-03
4.346278853026519506e-03
4.833142477925100877e-03
4.297774561285216954e-03
5.425937951700210427e-03
4.224638708343886329e-03
4.737025336620570570e-03
4.249204529424455146e-03
5.772221327612458985e-03
4.108423618520595788e-03
4.118096268839521734e-03
5.078102400485340340e-03
4.091679349398691379e-03
5.115110214502838204e-03
4.061797081583495839e-03
4.591582016353012996e-03
4.104880962787049725e-03
4.283070851920256494e-03
4.225628019573046679e-03
4.219872155627690802e-03
4.044581879305786387e-03
4.201924933479928015e-03
4.261537179974794753e-03
4.006254398929653959e-03
5.077639359153285348e-03
3.925049550151604727e-03
4.027473429342065536e-03
4.302325059789224859e-03
3.979768891241408646e-03
4.519130199941656656e-03
3.903432551817132001e-03
4.529772420187039295e-03
3.898540634803104865e-03
4.329642063199079516e-03
3.916275408735736541e-03
3.932192912787124683e-03
3.965658106973579677e-03
4.027540312617872154e-03
3.883006515323805807e-03
4.330339188794662952e-03
3.858626019527799933e-03
3.900734388080251414e-03
3.813022477328176230e-03
3.874985873367875477e-03
3.911517404179276625e-03
3.955826460727451810e-03
3.819918524779475355e-03
4.142788094783189656e-03
3.800397438731395461e-03
3.859295240384974512e-03
3.909258021477901579e-03
3.808015148455967669e-03
3.687733064322240573e-03
3.709232629034109330e-03
4.054607010712807380e-03
3.779579139502997620e-03
3.726568760343385023e-03
3.694233182256367876e-03
4.035375488867676275e-03
3.739751185164785774e-03
3.863930900575240912e-03
3.754217679706406408e-03
3.692057630261591505e-03
3.757288450045193073e-03
3.913110854984025444e-03
3.711404600778567264e-03
3.632559531217882665e-03
3.655883679793192620e-03
3.808448777295692089e-03
3.695676016701732181e-03
3.756622787362995375e-03
3.687091242219775467e-03
3.635991413919903437e-03
3.770128107855708066e-03
3.669892447013767267e-03
3.918014764360711055e-03
3.650304097738921172e-03
3.570567770760590953e-03
3.572589886868704490e-03
3.618865378725910631e-03
3.705049448973873893e-03
3.639122557363316801e-03
3.695517177713880663e-03
3.638630741557680182e-03
3.559201173948922658e-03
3.564869210440746450e-03
3.521066261292449262e-03
3.520258213501659128e-03
3.563428681883862303e-03
3.563433145044370143e-03
3.464992796627708316e-03
3.456261007239613825e-03
3.534697887694782104e-03
3.485883424746316628e-03
3.525773889788363924e-03
3.454816548572603452e-03
3.466932025177782428e-03
3.418643207989568999e-03
3.418935177335269415e-03
3.453450282699832563e-03
3.487806014214167583e-03
3.385366240312714936e-03
3.389447608682982782e-03
3.549606359342094564e-03
3.471656105337173059e-03
3.642809540749025743e-03
3.458719381003283466e-03
3.335323746434193382e-03
3.324669385690426360e-03
3.490364902135278946e-03
3.439992049293350007e-03
3.324669385690426360e-03
2.946227779952237391e-03
5.147633850182908866e-03
8.392885896096657916e-03
7.325466288425119821e-03
7.899054649598391542e-03
5.017465509322138750e-03
3.956680965210179757e-03
3.421750950473922970e-03
4.060407941529731168e-03
4.920423719242172922e-03
7.083204947685106667e-03
7.719353079828961128e-03
5.233414203510311502e-03
7.591287445438132941e-03
5.101606022103077898e-03
5.325893801629066893e-03
4.252527878765510749e-03
6.999301348944442225e-03
4.055682710015107162e-03
5.128083189256171792e-03
4.199809519984332162e-03
5.007822640855863483e-03
4.158382216027489697e-03
4.941208641410232971e-03
4.106300287126662951e-03
5.189744303175536366e-03
3.707405242073691376e-03
4.304162996957683340e-03
3.757439547369623156e-03
4.021775933863991348e-03
4.380749693439156545e-03
3.688512539322674755e-03
3.205436110867987409e-03
4.787785676824030112e-03
3.579929184652552721e-03
4.001940699672190682e-03
3.619186446648714472e-03
3.402371668599579735e-03
3.243852308841832510e-03
3.229565995420791147e-03
3.179379045795127645e-03
3.681161830260792911e-03
3.323323312790615880e-03
2.915133896675636827e-03
2.951184134806439374e-03
2.577624686977864066e-03
2.507895045094410413e-03
3.372236658325200587e-03
3.122530007346968617e-03
2.514056827575106290e-03
2.504848431680528620e-03
2.483858315221465496e-03
2.721143054825514440e-03
2.456581232435306461e-03
2.475487149515287477e-03
2.973697783351991752e-03
2.394839151444450032e-03
2.435195920623689503e-03
2.297807209188151845e-03
2.335212720894430660e-03
3.173383061025991658e-03
2.663597924019378560e-03
1.995034083847491146e-03
1.943342619602050902e-03
2.131235480190007969e-03
2.556291560427248477e-03
2.100632024975901402e-03
2.767618600039600807e-03
2.329259834414454389e-03
2.054401712167863714e-03
1.930010363902723292e-03
1.935284424418481919e-03
1.763187115808473315e-03
1.737715605418133080e-03
1.553153716893906910e-03
1.492136332853943870e-03
1.904465672867727832e-03
1.726134535616652421e-03
1.452445253223744182e-03
1.436052561573752939e-03
2.560451333022406573e-03
1.852082930178577946e-03
1.250499914671410195e-03
1.178974629369888838e-03
1.309674400272409223e-03
1.128743088540717920e-03
1.075060103197689187e-03
1.274446607378743046e-03
2.066867665567517776e-03
1.599367991980682469e-03
1.278203042970216252e-03
8.721904132725777359e-04
8.049823955662560593e-04
8.888902041824797706e-04
1.225124096176699595e-03
6.555026564553090296e-04
5.836812085702192121e-04
6.423604758520884417e-04
5.482565791458116067e-04
4.970696908148664050e-04
1.140974010902739977e-03
6.715695419142742040e-04
1.512570482137154393e-03
9.486317088536200259e-04
4.183611365213835143e-04
3.799771088598413726e-04
7.805934547207016294e-04
3.947433395561361635e-04
5.315935168609398076e-04
2.492320678334492001e-04
2.211801898986953674e-04
1.716501914811319196e-04
1.406122530144271465e-04
5.697446061235789116e-04
2.672290177715419546e-04
6.633562720925745282e-05
3.967768443169372716e-05
1.255479952977367475e-04
3.990616510020084107e-04
3.020596097187411289e-04
1.118362582828158480e-04
3.729009223828461117e-04
1.721403735843729521e-05
3.051319443136968346e-05
3.760360672078189026e-05
3.520928912759124785e-04
1.906631023269600433e-04
2.095584518607696012e-04
1.972751261026806091e-04
9.831113699343418943e-05
1.020949197226839189e-04
2.549784603246285641e-04
9.206469584144283402e-05
1.985990659761904809e-04
9.289175081828027203e-05
1.231532298051618568e-04
2.540382036814170519e-04
5.186432361448112260e-05
1.272232155367092332e-04
6.073572234299717820e-05
1.308409109459507391e-04
5.303118299992970464e-05
1.204171120141594997e-04
4.851131743877079572e-05
1.418671078085020909e-04
4.433616118215688573e-05
1.126237285176134861e-04
4.389228472601036657e-05
1.406308905310682533e-04
4.102655757176609796e-05
6.761843328584316026e-05
2.980725754087032442e-05
6.160612478112170720e-05
2.557644339373776887e-05
1.005583510407248582e-04
2.215624181334252540e-05
5.316668378763100833e-05
2.394931927718335629e-05
6.865692541679901950e-05
2.019287863286312046e-05
4.800884516686920733e-05
2.174481500061276051e-05
6.393769393431281145e-05
1.874452466632536840e-05
6.606432391853545028e-05
1.803786656517925024e-05
3.489668205858276195e-05
1.765188797364647399e-05
4.251374942398911116e-05
1.426059833176118730e-05
3.515902134310078253e-05
1.234373535241584108e-05
4.214781404554557298e-05
1.094747998908740527e-05
2.145118545815449806e-05
3.328084322762325797e-05
1.040712573363578031e-05
2.355475607351831258e-05
1.091834882871456358e-05
2.552634554675581313e-05
1.017419170956657126e-05
3.346916897351004394e-05
8.687841576815458211e-06
2.649077544925049210e-05
8.973266734102480768e-06
2.713103085294488181e-05
8.685490355486713554e-06
3.447862021910275132e-05
7.969242582173130529e-06
1.099793902659129685e-05
1.393375472058533404e-05
6.680773337874867934e-06
1.338285697649599371e-05
5.977441876026112766e-06
1.351321030040875115e-05
5.936095201941604671e-06
1.550417744555776522e-05
5.703436830040153893e-06
1.409159586773789385e-05
5.586531384382809051e-06
1.612924045968355813e-05
5.291382197181171421e-06
9.122354308721547511e-06
5.227398349960665769e-06
1.324631703236711644e-05
4.692532053929276969e-06
1.020127103845691607e-05
4.960553462440842054e-06
1.213963792878747228e-05
4.412377594076311027e-06
7.224558495222410670e-06
4.075439292816618320e-06
6.620864287265604275e-06
3.729099224303311644e-06
7.121291973555265997e-06
3.659430908187211173e-06
8.082143921894768823e-06
3.433395454277565761e-06
7.104981000982668604e-06
3.467756260810972435e-06
8.490044204556568275e-06
3.188764936212784562e-06
4.793012558956810665e-06
7.016881680033115742e-06
3.114182237418106070e-06
4.956815333190256467e-06
3.191998153351249812e-06
5.190240925712075182e-06
3.111819215306788067e-06
6.023491697759730812e-06
2.889736459565916959e-06
5.209077481804769150e-06
2.763131269789553812e-06
5.042009758704502076e-06
2.584740843802890709e-06
4.625114131906471471e-06
2.584321389442756356e-06
4.284123668596429013e-06
2.506871092045059868e-06
3.972431061427528221e-06
2.511024796425509464e-06
3.063835675609638542e-06
4.320279292868711707e-06
2.341492610247186690e-06
3.439824332929219963e-06
2.376302473239277901e-06
4.105739131010643916e-06
2.317977476629096145e-06
2.947138261433224216e-06
2.307919551358672550e-06
3.677073453278723036e-06
2.225713009007534993e-06
3.247078590340457538e-06
2.189884111269968514e-06
3.137419060661450487e-06
2.099780493924896518e-06
2.969111030148852137e-06
2.115080912856726059e-06
2.628540546334434680e-06
2.101568361667638385e-06
2.801338199742708923e-06
2.084736336782633259e-06
2.944951706496112820e-06
1.999790180229332748e-06
2.439699507861270433e-06
2.024149515555961898e-06
2.296246353172826105e-06
2.571144477547804286e-06
1.992169508358010432e-06
2.259894727574263129e-06
1.986511553808689712e-06
2.610017124426988744e-06
1.940973064828988015e-06
2.429643874646281176e-06
1.936303749672241281e-06
2.313772070938746594e-06
1.904525962492797930e-06
2.152225240026339748e-06
1.910356412504476964e-06
2.297279056873158254e-06
1.897000271755544532e-06
2.185834898527083681e-06
1.898199909033948529e-06
2.048679433763744839e-06
1.875392725336766375e-06
2.304458066593184640e-06
1.840036651379328703e-06
1.932987138575370523e-06
2.051469997321753169e-06
1.851756708748375502e-06
2.111053561182352212e-06
1.821300703364059359e-06
2.000124185164153801e-06
1.828187375818579596e-06
1.979961502085458847e-06
1.828071985010559786e-06
1.965010334670225234e-06
1.816218247352452408e-06
2.024762167374127841e-06
1.808045275053515866e-06
1.808045275053515866e-06
1.231595174353006250e-03
2.409093113077021009e-03
7.516025951616045475e-04
5.470343655230247570e-03
3.734574590324890586e-03
2.217262022392141319e-03
2.724939225924316588e-04
5.639814351248162438e-04
9.038709289974633521e-04
4.990310416111864988e-03
2.393492429840771152e-03
4.388094073372150739e-03
1.770381045162472411e-03
3.594384462696886828e-03
1.086658043807253726e-03
2.188146332627871615e-03
3.994779954220817331e-03
9.356774978995785474e-04
2.546710723451361957e-03
1.032387956037550403e-03
1.542270988576621704e-03
7.217207522768331884e-04
1.772527702116777348e-03
5.482415866027157136e-04
1.823472992001917703e-03
4.627791333786657191e-04
1.638267750959876423e-03
4.477208159362477957e-04
1.142516280670302642e-03
4.362345375802378911e-04
1.596092993895070755e-03
3.756771556503446519e-04
1.014716297616180540e-03
3.441207187940831247e-04
6.801319478553224940e-04
3.261781331237445514e-04
7.550007537283631720e-04
2.561954299716839856e-04
8.066377064483987169e-04
2.441984521599493974e-04
4.875886680685281860e-04
2.227453450575067606e-04
6.089199753087637390e-04
2.024620366648521852e-04
8.007485327921060048e-04
1.810363105393397731e-04
6.116784352356852139e-04
1.622602096992276088e-04
3.376295355406178089e-04
1.642153865680784364e-04
4.197498290307022373e-04
1.506422619163005905e-04
4.811383499443433465e-04
1.150250219751347558e-04
5.504644727815088956e-04
1.012851611338350111e-04
5.850888002334464488e-04
9.341453148770106907e-05
2.282175783578921369e-04
1.122668242069524425e-04
1.261701488664002113e-04
2.288238730424607681e-04
8.443901425558841822e-05
2.259761379292957173e-04
7.487416273488367580e-05
2.428307784301253491e-04
7.219105234435030383e-05
2.389036748322581616e-04
6.640931816703776747e-05
1.392843024005108177e-04
6.112557453685774078e-05
1.439028738516867634e-04
5.413486551120172408e-05
1.786262604238642027e-04
4.982777576145736020e-05
1.256504089843790695e-04
4.810997400395145007e-05
1.316895431429099261e-04
4.315178653324647229e-05
1.053709523181067809e-04
4.030924218623166411e-05
1.045132642701895875e-04
3.488100103821167863e-05
1.098604083565879463e-04
3.289155900976226121e-05
1.089483689209469475e-04
2.987950821198293028e-05
6.374641337669739727e-05
3.076988825068127653e-05
6.383300901657840143e-05
2.667018166235823884e-05
8.266773552689787863e-05
2.269716662650633765e-05
5.629294475328894265e-05
2.397987914015686783e-05
5.697432582785211252e-05
2.109515285664276263e-05
4.925868556715506941e-05
2.012373151416557704e-05
4.927251816866373701e-05
1.702467257480577700e-05
5.071095824571436594e-05
1.578788023826049880e-05
3.155420056977220611e-05
1.624497511620859314e-05
4.830987880699577630e-05
1.429191567237086957e-05
2.898757666891516038e-05
1.413093191704462015e-05
2.763793816118464974e-05
1.270066075786946413e-05
3.697266847435543013e-05
1.118696415869369076e-05
2.544472848808876364e-05
1.128142815365329454e-05
2.379029100141316633e-05
1.085357421692911828e-05
2.382577224013804340e-05
9.089001671735985610e-06
1.720066114330176532e-05
9.209688620281930582e-06
2.162857462972844758e-05
8.551742128770634110e-06
2.350582239085685643e-05
7.570222913977353585e-06
1.393494463242106463e-05
8.171906762943770275e-06
1.715770966970175948e-05
7.196813343490759962e-06
1.584960867273554896e-05
6.516287107238838416e-06
1.043383298637845513e-05
1.269217028976310502e-05
6.503934848245407352e-06
1.174986434948621650e-05
6.336132966300311864e-06
1.018729031276865982e-05
5.769651643339201996e-06
1.125593960127346804e-05
5.602361580425707643e-06
1.039524367574262698e-05
5.368915155012921048e-06
1.185423574523447598e-05
5.035739443659537073e-06
1.130496705081807107e-05
4.753668583101777756e-06
6.390357577101823949e-06
9.418395800264711681e-06
4.289510592614398377e-06
5.440108971077606270e-06
8.127718375106063320e-06
4.278353101128118396e-06
9.598853881409574740e-06
4.127766605299676428e-06
7.995775444413766309e-06
3.955329278659824865e-06
6.056489316841329185e-06
4.028518219012511281e-06
5.475089034701063895e-06
3.981092030369559609e-06
4.246055786749636241e-06
4.654138735293855689e-06
5.784038088596510363e-06
3.485986162399257182e-06
4.683386368165010083e-06
3.521222478264363076e-06
2.364256487363824988e-06
5.997012245684274490e-06
3.095988143742012255e-06
4.861618092544262026e-06
3.178203383025213213e-06
3.391898470650467345e-06
4.201431649586417905e-06
3.071227926643160799e-06
3.069000493849394218e-06
3.137716199863582744e-06
4.809500390057230845e-06
2.642546715003746272e-06
3.206634290653376240e-06
4.999653984039120758e-06
2.544526142900238597e-06
3.314183253499969339e-06
2.586609015420293645e-06
5.686288869544142699e-06
2.373154063928240021e-06
3.525288952754834781e-06
2.542692147944336512e-06
2.019369656047764749e-06
2.167834138200319671e-06
2.295450987177538593e-06
2.469566379614818175e-06
2.883197508851687019e-06
2.133672648896300927e-06
2.369283903735919239e-06
2.732384564052559028e-06
2.112131308296127941e-06
3.057193564748317272e-06
2.043437113186108434e-06
2.694533756231187738e-06
2.022049230054889790e-06
2.391776842025628014e-06
2.044032105130710875e-06
2.455995143813005654e-06
2.035061145155836471e-06
2.995351849222060991e-06
1.950872141831538897e-06
2.331508729636055932e-06
1.937370145643768637e-06
2.013132218481317182e-06
2.420911410339066094e-06
1.892624811761223214e-06
2.115880292641314497e-06
1.880583139213243271e-06
2.370343425428522721e-06
1.859049335806162162e-06
2.345487289057146540e-06
1.857814972194837821e-06
1.988122023566241126e-06
2.071843786977112245e-06
1.870967335615425498e-06
2.137500293430960596e-06
1.861720862472715510e-06
1.977854158785596894e-06
1.854207235973959200e-06
2.114402221198297127e-06
1.827854355762603689e-06
1.919581357645583353e-06
1.824568352626343426e-06
1.958283956216000377e-06
1.807397844388880515e-06
1.980304871085358798e-06
1.798813298647949921e-06
1.933325496250581921e-06
1.797630804545313765e-06
1.912508190149431186e-06
1.794249237740963565e-06
1.934891024957252625e-06
1.790917346422560286e-06
1.885942224277847856e-06
1.794468421190131835e-06
1.846542941219553313e-06
1.790172673210577159e-06
1.868011592298657320e-06
1.778385208428545639e-06
1.778385208428545639e-06
2.969546564685066059e-03
3.382595294914247930e-03
2.176863592523115010e-03
5.134857492150590730e-04
4.950105574325180946e-03
1.850439667719028236e-03
6.102719955525248707e-05
2.332687634945762589e-03
5.158832202656338239e-05
9.034872699286378150e-03
2.121793231997792795e-03
2.100470466947390591e-03
3.145139449086786776e-03
1.420138902304746154e-03
2.499695902659748725e-03
1.097546250193981443e-03
3.638674833187804936e-03
9.148554673515940650e-04
4.190199872472599729e-03
8.587489592974950625e-04
2.715493589575346256e-03
9.725794124976205879e-04
1.704973142822363563e-03
8.113729176664197240e-04
2.448080936126917351e-03
5.963311138875715400e-04
2.220815421697275305e-03
4.325998631876659672e-04
1.673715171101486376e-03
4.213116412847828229e-04
8.908349525371672684e-04
4.375003264280863391e-04
1.087262005275091425e-03
4.028924213742568483e-04
1.167928478828628158e-03
3.682659734741688951e-04
1.314595734801971005e-03
2.356787620069189515e-04
3.805459750387818474e-04
3.983348025868860276e-04
5.147841411053954985e-04
2.028516959896586869e-04
8.500041568465510622e-04
1.698695763197033415e-04
6.634717953364344112e-04
1.767413861949451714e-04
3.745714596687932385e-04
4.534415828721938269e-04
1.801333521290748862e-04
3.777238773281510475e-04
1.830332189154404432e-04
7.170022444497048397e-04
1.506291787367608492e-04
2.717073535216663061e-04
1.141250489866685314e-04
2.168914185554093876e-04
9.960287676913370802e-05
1.583331540691013117e-04
2.070257443834710998e-04
8.599958481625424866e-05
2.676595364483613793e-04
7.916951302888719511e-05
3.138235554331902932e-04
7.162497621626684463e-05
1.689426831742446566e-04
7.734311727269904679e-05
2.660594065780896855e-04
6.488978377361398486e-05
1.080139227902510157e-04
5.353891672055244300e-05
1.796237308627768314e-04
4.305064743781450431e-05
1.634370376334404185e-04
3.711656661065099172e-05
6.931636719198497332e-05
1.288499327540826300e-04
3.493452336478242160e-05
8.876226797271957736e-05
3.527752624232771694e-05
7.676568782444270767e-05
3.482471480675819464e-05
1.074955701210189574e-04
2.976308166957597479e-05
9.131066111112140504e-05
2.790321376311410972e-05
9.444477387610117347e-05
2.469559600193349524e-05
3.903218167422561891e-05
4.422079644961218747e-05
2.238146066169122150e-05
4.994564465066186898e-05
1.949673898160586560e-05
4.932029347937127994e-05
1.854704631720771602e-05
2.632769041410742972e-05
4.617916439308977772e-05
1.710463974358145123e-05
3.392626371878648683e-05
1.744681885429422152e-05
2.862880537957135374e-05
1.474390574163209067e-05
4.437550441327431372e-05
1.288353371031725203e-05
3.044638674343236318e-05
1.337575645465882701e-05
4.413417110415984723e-05
1.128158206864515734e-05
1.868162598117617534e-05
3.654729013047308683e-05
8.893842636248372457e-06
2.218777002582772440e-05
9.709887637820990847e-06
2.630549895343836653e-05
9.253306392231763766e-06
1.872542511316410696e-05
9.283714256236308415e-06
1.765291203748020621e-05
9.146747871668914343e-06
2.552968787450371480e-05
7.131433207629989113e-06
1.657394923537669484e-05
7.142838473361834417e-06
1.994504644398098492e-05
6.524855493017511776e-06
1.082693718323923804e-05
6.149673465238869596e-06
1.537977321997008318e-05
5.163973627375639808e-06
1.500337564752651787e-05
4.970288121963761796e-06
8.027316801384465350e-06
1.118817903023039406e-05
5.163649452133434181e-06
1.325643146821153806e-05
4.840848235376782327e-06
9.113952282202575361e-06
4.709467217867135957e-06
7.865092362280279303e-06
4.307593990282576613e-06
1.137610297741176169e-05
4.001030840528052579e-06
1.107409462830499791e-05
3.692480147754473307e-06
8.881041322017502182e-06
3.693207966559697297e-06
4.492555113477791906e-06
6.046608889254123653e-06
3.344865741827796057e-06
7.248075478250015635e-06
3.134779574809343217e-06
6.561359318091319892e-06
3.123796576187665153e-06
7.338244829457885032e-06
2.991813064845416648e-06
4.227197329731424702e-06
4.352457797729414324e-06
3.009103350271047361e-06
4.461680942036139186e-06
2.949610283020653867e-06
5.770717341313513771e-06
2.708732433465144140e-06
4.601001735493603917e-06
2.640035875134394416e-06
5.890944062669767334e-06
2.530217871443696254e-06
3.392730777429520117e-06
2.555217385458163903e-06
2.792076990054681573e-06
3.751867539758535486e-06
2.379441213951061229e-06
3.238056577758996468e-06
2.358970779270386231e-06
3.460491971973844727e-06
2.329338563145100238e-06
3.899272866259018144e-06
2.269865586601582663e-06
2.847698210906024485e-06
2.271249729401958461e-06
2.827968985985584993e-06
2.223745867224735662e-06
2.476375377646888865e-06
3.069301549252223538e-06
2.107728152900278928e-06
2.774377976022535108e-06
2.118590396782416008e-06
2.670029457640943349e-06
2.097573471915303855e-06
2.547676581921010097e-06
2.052450277956197056e-06
2.627789041143024917e-06
2.034463817635057126e-06
2.174919544906117608e-06
2.348506637384062401e-06
2.000578401273322982e-06
2.565512545404935452e-06
1.981375654436234868e-06
2.261315990348400362e-06
1.980723040695409054e-06
2.355443513901711583e-06
1.944914028495503544e-06
2.315154175147604576e-06
1.916195645712548412e-06
2.207682315291670250e-06
1.919981969300543767e-06
2.345509783285848471e-06
1.902602037584522066e-06
2.158283327502452664e-06
1.893121015283938391e-06
2.063374240690585282e-06
1.891400626341521729e-06
2.029764596733762971e-06
1.874540610291575149e-06
2.102442637430534944e-06
1.857535985694269698e-06
1.985903805179489723e-06
1.866739001599171388e-06
2.029118478463765030e-06
1.842703337251450080e-06
1.965304862960870480e-06
1.834122172028607167e-06
1.999768681093527789e-06
1.828782773993786748e-06
2.027323471431863311e-06
1.819282375969955012e-06
1.944646962570573123e-06
1.821026558768146231e-06
1.879947952421190394e-06
1.817617848454133878e-06
1.861322228458028860e-06
1.968902547222484145e-06
1.802848195842088330e-06
1.858313685598744769e-06
1.807319430890963474e-06
1.909880094963511965e-06
1.802785467019951682e-06
1.895032497478688072e-06
1.795688275074702744e-06
1.913448463231048891e-06
1.789554538111914894e-06
1.806014583105586269e-06
1.814749759465605905e-06
1.888607661815200345e-06
1.782217234236327386e-06
1.926340384095226455e-06
1.778420093856425410e-06
1.811692030062594938e-06
1.784444228603021543e-06
1.803754682505598339e-06
1.797543721204775125e-06
1.809576129607748385e-06
1.780094956438382781e-06
1.837611363963986832e-06
1.776950222076578711e-06
1.780781403337705626e-06
1.802418521212878488e-06
1.775930934311276133e-06
1.803619433693448570e-06
1.774702593770882686e-06
1.788858794427028442e-06
1.771849706844186301e-06
1.768739600560564895e-06
1.777057624718914042e-06
1.773188704867756371e-06
1.774023102529831419e-06
1.783651323972179625e-06
1.765841370460208282e-06
1.784939190674350584e-06
1.764666080816823523e-06
1.834745573803253649e-06
1.761469824779204885e-06
1.769074410185034196e-06
1.755858040963786948e-06
1.760320308852314497e-06
1.766841776218441851e-06
1.750281324763847124e-06
1.754159106970298865e-06
1.803313814829898831e-06
1.757553167891501289e-06
1.792207034445603142e-06
1.757708922411893582e-06
1.763753919914456958e-06
1.754539962095513772e-06
1.805786502440120955e-06
1.753143939575707577e-06
1.755334266606567439e-06
1.750648157439194108e-06
1.735330094621012620e-06
1.735322246454451545e-06
1.762995160303759690e-06
1.750841443493023064e-06
1.754286497623880337e-06
1.734410721487833484e-06
1.734821405974251718e-06
1.732442239221754221e-06
1.733178616958319651e-06
1.772143839007256361e-06
1.744027112171586680e-06
1.741910390040679601e-06
1.751877334199569702e-06
1.732442239221754221e-06
2.005271475480352450e-05
4.856611770350460766e-03
4.224502982237421378e-03
2.545116567004068742e-03
1.710606733155706216e-03
1.666299465601928098e-03
9.746604643863232553e-04
8.588259722608349023e-05
6.204187176173103779e-05
3.600079132919375979e-03
7.008614702308291200e-03
1.807626382051785718e-03
4.190789737249511759e-03
1.678354593519060245e-03
2.957572293700083677e-03
1.196658719955112637e-03
3.096497861512559346e-03
7.638760458327231717e-04
2.077385550924626401e-03
8.029832577264306437e-04
1.950851831674538239e-03
7.812014133157241247e-04
2.598762100985974044e-03
7.182565599881396423e-04
1.448504396881045153e-03
5.572447844499617275e-04
1.652170501140082237e-03
4.101649966974374451e-04
9.188638860166964406e-04
3.814108593577225648e-04
9.532037270707505172e-04
3.611003825637615350e-04
1.226543913027899890e-03
3.295040545975291835e-04
1.219346275221688813e-03
3.039550196356488598e-04
6.044327008645211663e-04
2.676450638922078795e-04
7.961907990301497762e-04
1.669361434073479700e-04
3.743772106444831493e-04
1.815682728660839018e-04
5.031973637533715404e-04
1.638600018903924038e-04
5.065658601126621363e-04
1.462928362311322061e-04
3.304484281183572847e-04
1.465663169513131692e-04
4.870383119730536947e-04
1.133880567137923734e-04
1.762455377095628606e-04
8.777741965260155155e-05
3.316958069734532444e-04
6.930326089182869964e-05
1.491054160914773163e-04
7.328631698488852209e-05
2.865234367109836811e-04
6.134859990547525399e-05
1.998682808342922002e-04
6.907355732899134182e-05
1.070515566989893586e-04
5.366765162362341357e-05
1.657378135485609860e-04
3.859020854291017599e-05
1.845870403828220319e-04
3.602269562796855951e-05
6.545928031576053741e-05
7.755918004936912524e-05
3.567020041217450199e-05
1.300682035831890460e-04
3.114596904840727376e-05
6.034166985413591533e-05
7.471022630900492345e-05
3.169904750144336703e-05
7.143542018150927930e-05
3.153829249247230848e-05
6.388920111510820732e-05
3.152583386145657585e-05
5.324719211685646769e-05
2.829897524814217746e-05
4.335408169575671877e-05
2.081905860717991885e-05
5.316474937555604185e-05
1.845784675613693082e-05
6.289235184997465922e-05
1.748765464471002673e-05
1.350137189859434983e-05
4.117768277622779749e-05
1.613744719319853971e-05
3.525394861148001269e-05
1.662023977944127040e-05
4.132295911973837832e-05
1.585928297953564936e-05
3.665515105311101252e-05
1.465073058459775979e-05
2.935026793660089339e-05
1.105877782769937312e-05
1.794828589318786527e-05
4.125552626277340096e-05
8.637770142483347513e-06
1.778774419780582150e-05
1.030028499870994096e-05
1.471033638533736365e-05
1.954948297933079004e-05
9.329408765412772198e-06
2.778421061766511713e-05
8.354866885773581942e-06
2.377311678725124722e-05
8.582957517377920453e-06
1.385641879991794667e-05
2.084667479529400680e-05
8.120869494088189811e-06
1.293188846529513825e-05
3.592861086021414962e-05
6.204400929021858246e-06
1.265503765335296293e-05
7.719393786076444997e-06
1.327960762498303637e-05
6.783012656330633661e-06
6.777620686015950469e-06
6.214612098931482365e-06
1.030927931333636138e-05
5.319515853585699006e-06
9.397887208550947946e-06
5.354586275263528705e-06
5.839489772174744076e-06
7.180017221997125887e-06
4.894191609094988848e-06
1.102016396881122517e-05
4.097294085902980498e-06
6.283400625584079080e-06
8.589474709386202278e-06
4.058207624169085648e-06
7.105625727366060573e-06
3.900897638020595082e-06
7.127947390439537401e-06
3.855196953228556822e-06
6.730714922187353011e-06
3.876642958755560642e-06
9.036168654885656792e-06
3.474686217530553733e-06
6.152169336526291943e-06
3.451749049143693071e-06
6.905025267234243813e-06
3.363927125077381675e-06
8.712872855642928016e-06
2.980776861449818682e-06
3.422398387020741950e-06
5.468957112064742887e-06
2.761545496610118278e-06
5.697024772710612694e-06
2.657347764611905916e-06
5.460174923976879313e-06
2.670321200826109020e-06
4.549336070969189905e-06
2.738613011810109299e-06
3.405658244526321710e-06
3.890225876324038268e-06
2.562917475246173638e-06
4.942162562859842012e-06
2.458193432697264313e-06
3.234708952359888201e-06
3.169178316553278307e-06
3.936275883242856821e-06
2.422987520622754687e-06
3.259439831260202425e-06
2.443012434460989368e-06
3.695578761675477608e-06
2.298620623619740400e-06
2.741649396398315730e-06
2.242145677344709043e-06
2.854179044886606675e-06
2.230374489431419249e-06
3.084596218783097754e-06
2.171189621646973933e-06
3.253756864052270714e-06
2.149752882041333635e-06
3.252111604679086554e-06
2.099418582646173093e-06
2.460172185636544384e-06
2.108703407555090337e-06
3.002325835499419782e-06
2.053833701221030594e-06
2.483637056682752586e-06
2.087317072851924138e-06
2.333097361306712969e-06
2.028831411649001382e-06
2.190700157389535718e-06
2.564138073535282558e-06
1.967632908383976087e-06
2.181992621363981755e-06
1.971946288037429440e-06
2.380254619405164362e-06
1.949184821659066813e-06
2.436072070843842141e-06
1.932722290098887186e-06
2.080615219668402460e-06
2.388502489791832772e-06
1.908208193790450480e-06
2.374646315805861718e-06
1.903690485138831434e-06
2.067926898718930318e-06
1.917512307159086049e-06
2.275053575750973778e-06
1.892927956048673366e-06
2.016992381781435029e-06
1.892671750436392131e-06
1.996429827566537085e-06
1.869604364768129301e-06
1.914045407058750925e-06
1.939562612185419255e-06
1.851751407433432917e-06
1.998556795168582312e-06
1.843251601241213677e-06
1.957672949526312323e-06
1.838333422043980647e-06
1.894769125376782881e-06
1.987454714913461373e-06
1.829541364073428156e-06
1.880859299752124514e-06
1.923796936087462939e-06
1.826210382027682044e-06
1.914743037123578517e-06
1.825764421869990883e-06
1.886626138758451532e-06
1.823559112823502915e-06
1.998459504659599872e-06
1.811267225426682614e-06
1.882589393820133239e-06
1.815055663101361461e-06
1.878118492837366205e-06
1.805246272468252755e-06
1.854818830415716491e-06
1.802288137175978022e-06
1.821291856662909936e-06
1.855816863405301831e-06
1.793618994883061646e-06
1.855042948917251522e-06
1.791787844651615558e-06
1.789088596937382647e-06
1.859160470352172467e-06
1.788071290698134419e-06
1.848048348906949911e-06
1.787775982031725164e-06
1.797988220753055089e-06
1.802988315535714037e-06
1.803056158045102109e-06
1.779690961489777123e-06
1.849052771007997364e-06
1.775932462644291832e-06
1.761102241260026346e-06
1.838653004626600307e-06
1.772046578030206376e-06
1.767614386749549737e-06
1.736423766329764362e-06
1.784375805780058499e-06
1.752303806945576525e-06
1.748229019105096427e-06
1.786085594090991435e-06
1.760483862134343269e-06
1.761389894161524694e-06
1.710972207469296791e-06
1.708724587379251147e-06
1.727653392902261942e-06
1.760304069176044095e-06
1.749941171080848790e-06
1.741933284948871119e-06
1.701545873977750034e-06
1.701145698085326785e-06
1.764967330841749060e-06
1.736238733007766655e-06
1.721790774622533604e-06
1.736459421364244804e-06
1.706214323937693678e-06
1.746880402553330214e-06
1.722853347985164874e-06
1.755148908100245819e-06
1.719048534631895109e-06
1.678087976575426410e-06
1.673615891539803613e-06
1.712179471424768451e-06
1.654319956689853655e-06
1.645635537839140738e-06
1.697306725723102261e-06
1.670984220214499771e-06
1.682176276496250011e-06
1.707749067825226064e-06
1.700316693442616156e-06
1.635084049933510641e-06
1.627599716003125252e-06
1.693291363791260551e-06
1.643193021760858130e-06
1.630231492799616433e-06
1.678673254956741800e-06
1.662234903943016207e-06
1.653707377480273522e-06
1.673884330588570890e-06
1.631384913269862125e-06
1.691663783054409009e-06
1.652566947063505154e-06
