5.675045351468719357e-01
5.674402793095398856e-01
5.626820950897727380e-01
5.717959540016601672e-01
5.683836630411238655e-01
5.723530314446028111e-01
5.621029116393412295e-01
5.646990624681085258e-01
5.636876957426740775e-01
5.624175134081219607e-01
5.576113189704443585e-01
5.551678296595274897e-01
5.578737057803049293e-01
5.588638277092364826e-01
5.569116254785395626e-01
5.570204129138995874e-01
5.557298582050215208e-01
5.437880095570641892e-01
5.383585386403688666e-01
5.505635291030914757e-01
5.471063143552135077e-01
5.489300027256767134e-01
5.440601869873865626e-01
5.413082520869635372e-01
5.383583097759638836e-01
5.352862641656865872e-01
5.274930780833148036e-01
5.214933114201103503e-01
5.305772658946247278e-01
5.278798606719512509e-01
5.184845883603983463e-01
5.128198066672600142e-01
4.963670237569871579e-01
4.844628962384925908e-01
5.028402279617687487e-01
4.963361624299906794e-01
4.929381861282966515e-01
4.786054459155340002e-01
4.696961589275772120e-01
4.548299005333787948e-01
4.404133321297285519e-01
4.402645409819099243e-01
4.254126100801022270e-01
4.308580301080936481e-01
4.169295425630673568e-01
4.025966837655463593e-01
4.024256130876103787e-01
3.876393491531410218e-01
3.799418243370569215e-01
3.628508594891644012e-01
3.365967966999017236e-01
3.119150273012398777e-01
3.226517685972031257e-01
2.879690179269073225e-01
2.628301407483415453e-01
2.910059168694573151e-01
2.539607422837817374e-01
2.312018550618200052e-01
2.203668534641769483e-01
1.978855174471482181e-01
1.882558782655788798e-01
1.644765769243982101e-01
1.534839463216230993e-01
1.304386977007685466e-01
1.276714230574470532e-01
1.077080099081054732e-01
1.037125078024011549e-01
8.352111098490799801e-02
1.032075594258061724e-01
5.841872189344943234e-02
4.680103642500632599e-02
6.444167931420230477e-02
6.598413859888663247e-02
5.171015225961306250e-02
7.152345621194622360e-02
8.012781716249761654e-02
8.945819963312884315e-02
8.056001760665709721e-02
6.421026750847513842e-02
1.405947168244761070e-01
5.986032235379612487e-02
1.242848664302085293e-01
6.139118817892519342e-02
6.922274565126962376e-02
7.691424130935153869e-02
5.980029254390539784e-02
7.604695900885738435e-02
5.817192004657634197e-02
3.851422780902513665e-02
3.738772921458077825e-02
2.798873651836075727e-02
2.451099465477546424e-02
4.262518423870509388e-02
8.051069674183219949e-02
4.835666858353804276e-02
5.522594053174956219e-02
2.476041204419787700e-02
4.816978770367619234e-02
3.785270503087412308e-02
1.947552241544570073e-02
1.855430651727685287e-02
3.469380339361405330e-02
9.546740953141230612e-02
3.293419924540030852e-02
1.097256555043668591e-02
8.735262625156337002e-03
4.706371943814691150e-02
3.172299574310477599e-02
1.619337818054467082e-02
1.440001834618942489e-02
4.533012194327790123e-02
2.445645519385919453e-02
2.113916107872548800e-02
1.692632321177600652e-02
5.478252372669745185e-03
4.081495258207668009e-03
3.514940275610389797e-03
2.593097141553646345e-03
3.628733333774225578e-03
1.181029849292325462e-02
9.464529876364480288e-03
3.562426601577528551e-02
8.969375024128090068e-03
1.737471987905969684e-05
1.644289845136315265e-04
1.834735732295977861e-03
9.839120207209006708e-03
5.349308478715730786e-03
2.210320406691757000e-02
4.396825967338258145e-03
2.429056654262073955e-03
1.313526589298841252e-03
5.548279773945563598e-03
2.713391883672588989e-03
5.789825115552482693e-03
2.185196288981616775e-03
9.518228903938608099e-04
3.768270789429650769e-03
1.743868339819432123e-03
2.749120231335666631e-03
1.300684470441071383e-03
2.679208878578198672e-03
1.228602851905624682e-03
3.601788868897726203e-03
1.069360853282796953e-03
2.765042352837143724e-03
1.000412679592166398e-03
2.208635672453218568e-03
8.446437288260888465e-04
1.905909194327870537e-03
8.213016199101197401e-04
3.172473383209251097e-03
5.059981863210216702e-04
1.273380228141385295e-03
6.158613661811918050e-04
2.206578936449266060e-03
5.074077939146715011e-04
7.447425111697381084e-04
1.455386361497668091e-03
4.295101182971716725e-04
1.957559570871403309e-03
3.825129730309351217e-04
9.136765281039238573e-04
3.933256890127356797e-04
1.128592536653760803e-03
3.593310567243657161e-04
8.975028609985447048e-04
3.367347669154252543e-04
1.156535385242629665e-03
2.452290246337529567e-04
4.916679546690394531e-04
6.775478517641042586e-04
2.272178358807552812e-04
5.317666297509626716e-04
2.308246241471412219e-04
6.399353563721899008e-04
1.830571897921684510e-04
7.468240156423000542e-04
1.562516843202077510e-04
4.139311075719298572e-04
1.820587196793566065e-04
5.976575190697053230e-04
1.484460434734158341e-04
6.288601388471093401e-04
1.350397440739170563e-04
2.392848021323112917e-04
1.137544508850174552e-04
3.505585342006289906e-04
1.006627462959430730e-04
2.354310405159321107e-04
1.085849543889239044e-04
4.127061784177099568e-04
6.808826545767754368e-05
3.012540867208812756e-04
7.889232347102481668e-05
1.310482208759511380e-04
3.157926284677037287e-04
5.720173228629388262e-05
2.216579111079530762e-04
5.772144026705561259e-05
1.401116601875695977e-04
6.242140177992183681e-05
1.971152933268882634e-04
4.794646294514759433e-05
1.144791183559368264e-04
5.252470987271440350e-05
7.720741091132854450e-05
1.438171590849579573e-04
3.244268540514294585e-05
8.587028426321197117e-05
3.527068710451608524e-05
1.148711014850034573e-04
2.828023330692097659e-05
1.232896090936907996e-04
2.432808354646542881e-05
5.741520655899723380e-05
2.719072256351928729e-05
6.515934288264801921e-05
2.653853967560237948e-05
1.021126111393488856e-04
2.099614862383081260e-05
9.763029667264611078e-05
1.856115610965325402e-05
5.889098637723577667e-05
1.495769230996923937e-05
6.422897606006561233e-05
1.341666638376981524e-05
1.806492894329547738e-05
3.933590155236199593e-05
1.170628791657968293e-05
4.749665292669291716e-05
1.086047000320444766e-05
3.790846601425812423e-05
1.031760144709625848e-05
2.523465303894134593e-05
9.650088002466361559e-06
2.260449550717247291e-05
8.358522442186711032e-06
2.458403374305806466e-05
7.826317416692596396e-06
2.480897049561558987e-05
7.339044779230974314e-06
2.572913754261829666e-05
6.096713300318690187e-06
1.634837246500264740e-05
6.115302652820453488e-06
1.767949035047511330e-05
4.981807616211142431e-06
2.041723738954726031e-05
4.350726067192667301e-06
1.597252557916650773e-05
4.399562018919667139e-06
1.072485303554859826e-05
4.497733387065494526e-06
9.894453716019491196e-06
3.795947060569737630e-06
1.003397280685547344e-05
3.456787808442385312e-06
1.126278843410766228e-05
3.056685786595458865e-06
8.212893591874603771e-06
2.707567179904835086e-06
9.680728011884909279e-06
2.551642857118174845e-06
8.016469323024466576e-06
2.083529213159351912e-06
5.345925039201837592e-06
2.050336133097019342e-06
6.659657717733580284e-06
1.871838239408951665e-06
7.930492086027918219e-06
1.756358244064948337e-06
4.329147427095669798e-06
1.742264548520999767e-06
4.161898440213640527e-06
1.555442568301756978e-06
4.971139734966101287e-06
1.257833718182332916e-06
3.459723461940455991e-06
1.212831277630499471e-06
4.186154975105438325e-06
1.058930164665738971e-06
3.569907941924910233e-06
8.565818102601596706e-07
2.213689038743638093e-06
9.551740768332095399e-07
2.840303579665359734e-06
7.981858078931480804e-07
3.477376604665849413e-06
6.876813465339637332e-07
1.874624780739964081e-06
8.128957044162277157e-07
1.692695534294408333e-06
7.187259633001374937e-07
2.214112035936466327e-06
5.074960521822546866e-07
1.446982844321986761e-06
5.535373682752364743e-07
1.826267217786003982e-06
4.344784324539219256e-07
1.014134723309467745e-06
4.465846804579953755e-07
1.468322666675625499e-06
3.521135192308122441e-07
1.026324194186578609e-06
3.656660053641402897e-07
1.079676087645253801e-06
3.522391910371069912e-07
8.273931516589172475e-07
3.278813627272114672e-07
1.256257464388177425e-06
2.760507141763568484e-07
7.034830593610763572e-07
2.489803718752625628e-07
8.734427211498640986e-07
2.077347477369428930e-07
4.516465985648920878e-07
2.108976566717046808e-07
7.462594476814743416e-07
1.786139334214453811e-07
4.963794825174616676e-07
1.620677241298551507e-07
4.171378172879158797e-07
1.609210026343177447e-07
6.199353376201699461e-07
1.436725028947094529e-07
3.320390172811826801e-07
1.543971929196530368e-07
5.690987677775538600e-07
1.061644840927300493e-07
2.835360399799924380e-07
1.156621397546686580e-07
2.079720048397959431e-07
9.805376044447200456e-08
2.377300509781576920e-07
9.500356468183923653e-08
2.456202653489114596e-07
7.810938507102349604e-08
2.917206104458003324e-07
6.518932094135010402e-08
2.324718511026446777e-07
6.982099010066633582e-08
3.191415738346137232e-07
5.913976286464617260e-08
1.628871132419718037e-07
6.672166774635002184e-08
2.563500740571100778e-07
4.357006688771036806e-08
8.703311027424831536e-08
1.750083777896094261e-07
3.991523644941707971e-08
3.991523644941707971e-08
2.273002849938476899e-04
4.703706892325354438e-03
3.589958551241445583e-03
7.564828798600764515e-04
8.332148465185484909e-04
7.510512844720595993e-04
3.792779061068118907e-04
5.592640254337144512e-05
5.268299838283030390e-03
2.185767603484212174e-03
4.488083602390613436e-03
1.629582372955629133e-03
3.112638473089401892e-03
9.689565699604330007e-04
2.650057161506014225e-03
7.027678470054032900e-04
1.905682995302582228e-03
4.048180953700741824e-04
3.630363965076988109e-04
8.982181148601275922e-04
3.616697399700941062e-04
1.381027542452506474e-03
3.049899803727607051e-04
8.559944447664724620e-04
3.188078759279733276e-04
5.391444230333775067e-04
1.805678748719730109e-04
5.853461847383778505e-04
1.638095216305313073e-04
7.365555764901055014e-04
1.384786179735586487e-04
3.295141334960227653e-04
1.481504199019045842e-04
3.885002066933429532e-04
1.434695046854672640e-04
5.318631696649145368e-04
1.247956747796319377e-04
3.437265837769043486e-04
9.756316088982419643e-05
2.273950712193828494e-04
8.118701585280163613e-05
3.182309135238980957e-04
6.460263396923515700e-05
1.365303942809648063e-04
1.992136288213597339e-04
6.334918750394713527e-05
2.978461268514642768e-04
5.189233929525638445e-05
1.162870870259347100e-04
2.026238650630896032e-04
5.225815583087545235e-05
1.353353409188073897e-04
5.197048785055002895e-05
1.477350208893835060e-04
4.150032775540601904e-05
1.136665046979068450e-04
3.536931498149264996e-05
1.101423754417130141e-04
2.664137864150095680e-05
9.081143665423674349e-05
2.759361066351218028e-05
9.343580536813611559e-05
2.338545898661337219e-05
9.382933807766669076e-05
2.143868923487612932e-05
4.788439224534535299e-05
9.906637117251815283e-05
2.061222207960788921e-05
4.311396822043178645e-05
1.967614218345570265e-05
6.432703331726852269e-05
1.757405453139959661e-05
4.784316965855683890e-05
1.560986657211937967e-05
4.292393798388527415e-05
1.173954641220387174e-05
4.240097324670344392e-05
1.130087782119648665e-05
4.005710408971907555e-05
9.745823185136615052e-06
3.897582662060194991e-05
8.811134033059886406e-06
1.609150888548516178e-05
3.488220829306332149e-05
7.859189044556735837e-06
2.378111728962295501e-05
7.746097611893709711e-06
1.804834508667418902e-05
7.414941797456719996e-06
2.859391573772906980e-05
6.240848287930589322e-06
2.562722303822706493e-05
4.412424093325206798e-06
9.452438951340624840e-06
1.939935330486086684e-05
3.795666205674841365e-06
9.457899958209559088e-06
4.466185514417908564e-06
1.822308804355632361e-05
3.378468493742126100e-06
1.316219066960222506e-05
3.271349438005444199e-06
7.107237830816792723e-06
1.653145099900221737e-05
2.769324119245020199e-06
7.282130113805962424e-06
3.411679320053373488e-06
8.202056942185897981e-06
2.822804430868686154e-06
6.287589714992769530e-06
2.005150410377964931e-06
7.583709160208229605e-06
1.867407673938892287e-06
5.577368772935464847e-06
1.706252175992517550e-06
2.350518308547044910e-06
6.948315674493166227e-06
1.302848711581816588e-06
4.358866565246088953e-06
1.460808632613996849e-06
2.454359734338495969e-06
3.354065170046993671e-06
1.251002907154408206e-06
3.128446104838644715e-06
1.093816715869166956e-06
3.836232369658354457e-06
9.708337223024443574e-07
3.578230835077356176e-06
8.106822662057311391e-07
3.885245038803830653e-06
7.149987616417163849e-07
1.497892165969183509e-06
6.857200552934372695e-07
2.078460072829635408e-06
6.299282453436916285e-07
2.391025587966666421e-06
5.208093253328271999e-07
2.143379077224061291e-06
5.155767256459498071e-07
2.489175589093228780e-06
4.048021735592044479e-07
1.071154720144740224e-06
4.578198424809443168e-07
6.140019537248520010e-07
1.279328834313808727e-06
2.879599015903622217e-07
1.379815535273998250e-06
2.657442540465737579e-07
1.272523263540215055e-06
2.463517183581842573e-07
4.971975609002754481e-07
1.041536907386841904e-06
2.020932184931822917e-07
9.331137097445818540e-07
2.098762039715040828e-07
4.496533965170357305e-07
7.370290866504092264e-07
1.925128630952954722e-07
4.530915772571475486e-07
2.121970748003576546e-07
4.696464950271206362e-07
1.847701290857983736e-07
5.318188258662814860e-07
1.147494090858458549e-07
5.549978068231098405e-07
1.016528512476355672e-07
4.928324714992271538e-07
9.723729110788781327e-08
1.541540248783945799e-07
3.261908396723356418e-07
8.850202237731252808e-08
3.836237773002793006e-07
7.992231743081390505e-08
2.384690550583101754e-07
8.682289798223052912e-08
3.869181739446503343e-07
7.051250217049442881e-08
1.327943524032093592e-07
6.059066082197972491e-08
2.087578084841723580e-07
4.593251745621529381e-08
2.140818299301017191e-07
3.869029041592142448e-08
1.710012382805103925e-07
4.025263644624743620e-08
9.344067786187792990e-08
4.199163339269063044e-08
1.853363659209961156e-07
3.331369591297317356e-08
5.782823309097295805e-08
1.154149926740899446e-07
2.931043185938619899e-08
1.140212975148102714e-07
2.409082100474080335e-08
5.786704171395484764e-08
2.730052472976751687e-08
5.363506594413536277e-08
2.093619244636357735e-08
6.526980722565411952e-08
1.773465896359738281e-08
6.378451644639682172e-08
1.696326512590218272e-08
8.859343303413425019e-08
1.580404174195138012e-08
4.059331737416016495e-08
1.819690209625690613e-08
3.355370803426183102e-08
1.567702012650329380e-08
5.271948688712058129e-08
1.186015319287747616e-08
2.801881238134740215e-08
1.283098138848970393e-08
4.493142358175106210e-08
9.623471686204254638e-09
2.204312565812216462e-08
9.821038537971560345e-09
2.024522249843840882e-08
8.407580298630534799e-09
2.575570945406724377e-08
7.656487444052118008e-09
2.864416226433519341e-08
7.007278979287434595e-09
3.592655584139237135e-08
6.083741954654442452e-09
1.369453161981226685e-08
6.282126041590174736e-09
2.249944897059208415e-08
5.211286180362151299e-09
1.611634115050719629e-08
5.228850574745536051e-09
1.655097536801264368e-08
4.064267700165657971e-09
1.341434963109122691e-08
4.233025485689267953e-09
1.588351794534759165e-08
3.360299483112783037e-09
1.556754625209322285e-08
3.001168091820716199e-09
5.960344440225640028e-09
9.265675338099299552e-09
2.738247961708850653e-09
1.140376493236061606e-08
2.508120489075338355e-09
5.208900311082231838e-09
8.113261174003127962e-09
2.228662143721749089e-09
9.069036299713673088e-09
2.145050248536506388e-09
5.335292763142263084e-09
2.459985548597387606e-09
6.420770248816154435e-09
1.819345230025248839e-09
6.317553369328265944e-09
1.736147892117401170e-09
6.667109642144453119e-09
1.326528553668993027e-09
6.173347388838124061e-09
1.183432019047359063e-09
1.900675061783374531e-09
4.170742529119308983e-09
1.060491583437794816e-09
3.655270086611039915e-09
1.059963006255770779e-09
4.607673909085008290e-09
8.565700371221396381e-10
1.910195668308745098e-09
8.787169880619671858e-10
3.469008968970399565e-09
7.605703844504319022e-10
2.195361670231932294e-09
8.253679961711668511e-10
3.082420874100932906e-09
7.043454708366425621e-10
2.902935114512672499e-09
4.991697055700683450e-10
1.729507204117908259e-09
5.234972455525621626e-10
9.287659530343717051e-10
2.352097738800296156e-09
3.959996774938190356e-10
9.223605212937968645e-10
4.484016491446141117e-10
7.258358358797067922e-10
1.571086039042768334e-09
3.432903961098077161e-10
3.432903961098077161e-10
1.573608459403907922e-03
1.581713306193055502e-03
6.512612028194531000e-03
5.782431236716067957e-04
8.001510314020743309e-04
2.536942219441007396e-04
1.864298972066968929e-03
1.501284945033543039e-04
5.664384531273380929e-03
2.672190285473829974e-03
3.235845779833046443e-03
1.277392850194125629e-03
3.130396546521807544e-03
8.390655434072913366e-04
2.235083928940673204e-03
7.553455202364833809e-04
1.940828870914845794e-03
7.736841229676327814e-04
1.455766666565327938e-03
6.523624982038844777e-04
1.417290525564829373e-03
4.128993858376617254e-04
1.668147041984369139e-04
9.841506798695665026e-04
3.730174316599610407e-04
1.371294004243739373e-03
3.312469711603815981e-04
3.857335785265592065e-04
4.883478453646672435e-04
2.158204183918543961e-04
9.514137093609154050e-04
1.561431135663760017e-04
2.636099494138788302e-04
4.617094573067248575e-04
1.686588195944915824e-04
5.005458225789682913e-04
1.416665864030219879e-04
2.954373885271088795e-04
1.218191413552283109e-04
3.162067797256584711e-04
1.138364188534302102e-04
3.653611890832575426e-04
8.545719493713299642e-05
2.302329694715554709e-04
7.456482589152102491e-05
2.664460788935896218e-04
7.026038370316900483e-05
1.810115004842183239e-04
7.199443666849880685e-05
2.631114974545045726e-04
6.119600019283133463e-05
2.124985864815354120e-04
6.121438592865402484e-05
1.265706954584056021e-04
5.748158265628244834e-05
1.289445795574772902e-04
5.247034346311796327e-05
1.685729769650423648e-04
3.252086551919219914e-05
9.690686401464532196e-05
3.373891473434920130e-05
6.831329610035297151e-05
1.494812756491770145e-04
2.680120732279078766e-05
6.732748507609631616e-05
3.218131584081795893e-05
7.611065351764700893e-05
2.788221867411344590e-05
1.222598597142576793e-04
2.397859849667671739e-05
5.792009728566860360e-05
2.750379994309604115e-05
5.604227471489586776e-05
2.469765530022094424e-05
3.729423494269745731e-05
1.583669940707910229e-05
7.415717094771956397e-05
1.182654403864003001e-05
2.621085732845696015e-05
2.943577427971799665e-05
1.303935668439670792e-05
5.378353002361002666e-05
1.077670612104064674e-05
5.685115839171306362e-05
1.024043189945533783e-05
2.661960315308853353e-05
1.249100555344995200e-05
5.287229556139028119e-05
9.461063880222830846e-06
1.928674704509969473e-05
8.719913975885340562e-06
1.895799753182103586e-05
7.195452269126434430e-06
1.918572320014355626e-05
5.612461644100008584e-06
2.522373893842910775e-05
4.819663001698337723e-06
2.690845126296359524e-05
4.327305366258471508e-06
8.250316991254003085e-06
2.003674475070660321e-05
3.998341699174012831e-06
1.753366759316143941e-05
3.811401394715474567e-06
1.985233306844857992e-05
3.260186513087681703e-06
6.768083595121154872e-06
7.854244866045689832e-06
3.359617051224006445e-06
7.835448778803488779e-06
3.108872672075158050e-06
7.151216783074509920e-06
2.515786030943267804e-06
9.577857648435106341e-06
1.876361375718893498e-06
1.016866012004680186e-05
1.566792015683660111e-06
7.260107130147019916e-06
1.666202369077218748e-06
2.870233091756269062e-06
3.259046222114925229e-06
5.974153460708286900e-06
1.322482493071319709e-06
3.395450800414145931e-06
1.543317110441755347e-06
6.645612459998950783e-06
1.180984965931664021e-06
2.790070908309516540e-06
1.326985949789971642e-06
6.058941577791188138e-06
9.070438652392098788e-07
4.194571114890521812e-06
7.294210023767178086e-07
8.016200573335297008e-07
2.755406169119289927e-06
6.346482501751182781e-07
2.243163822468474677e-06
6.704573316529405247e-07
1.425134108390402332e-06
6.182112830543928794e-07
1.588638558369659393e-06
5.984616753273996892e-07
1.597109331119561659e-06
5.170625350103819073e-07
1.278150857819682074e-06
3.916001963810700204e-07
1.313927422530447586e-06
3.321732345851202695e-07
1.253059734196426689e-06
2.982767413062248352e-07
8.930443196053516886e-07
2.970954959824467778e-07
1.249437918349194376e-06
2.471074683763063717e-07
6.186089991366827689e-07
2.928013124181561011e-07
6.676057539012347775e-07
2.757835015909648746e-07
6.468537393500284338e-07
2.311211074745855854e-07
5.794423058036457519e-07
1.669380045310475680e-07
5.748939468919189721e-07
1.354694495470099014e-07
5.623461558634801349e-07
1.184808622323174632e-07
3.904234382456905905e-07
1.328213770079855749e-07
3.029598735215799366e-07
1.373498309531484551e-07
3.250673623611533003e-07
1.252635863924211890e-07
4.349617032106678494e-07
9.992630278787828502e-08
2.642944552100345845e-07
1.056659886256028358e-07
2.632100336574794142e-07
7.000447443950008619e-08
1.603615474854436229e-07
6.255612183814207583e-08
2.326011000475247670e-07
5.537441172265289424e-08
1.691139763781990268e-07
5.930606650217384868e-08
1.593754785922385508e-07
5.578805994943536462e-08
1.946484671222492580e-07
4.903426731317495069e-08
1.317115608800989435e-07
4.726610247640650186e-08
1.656829119456304511e-07
4.124462993360111795e-08
1.166440483091335523e-07
2.892690453837332143e-08
6.672535235452414781e-08
2.912712271374573447e-08
8.336220325144694243e-08
2.580593672085740309e-08
7.032825422026434126e-08
2.491339801125036502e-08
8.379899774091370546e-08
2.351429428948392797e-08
8.635099835174742111e-08
1.986889153204884906e-08
5.438096684073912002e-08
2.158236078741992969e-08
7.302632920591634047e-08
1.670309390799928906e-08
3.116004354541956900e-08
1.356560597187694839e-08
4.704835754321123886e-08
1.202437571734549238e-08
3.505083656651919455e-08
1.139017502538308690e-08
2.823676925611806610e-08
1.142563998968171290e-08
3.791067293423822093e-08
9.810765200235493921e-09
2.634034612647440099e-08
9.716604187914867907e-09
3.398484282879365992e-08
8.140263463296548707e-09
3.205657805871453547e-08
6.608166458477171545e-09
1.263630999837062063e-08
5.878095232780822244e-09
1.527908899401353437e-08
5.330767272049286021e-09
2.086765993336570091e-08
4.565803402023504987e-09
1.984275133093404975e-08
4.681672938211534074e-09
1.149618333862179043e-08
4.491472527234918743e-09
2.085719164046651031e-08
3.664604397712878381e-09
7.027133097636806269e-09
3.211639398870147488e-09
1.261847826228290614e-08
2.629944040322129695e-09
1.050641573741017964e-08
2.405185051124192341e-09
6.874938396350671610e-09
2.392470888068487511e-09
8.989476829590614670e-09
1.896898527142809598e-09
4.605677617064429796e-09
2.190518433309307511e-09
5.675327430232357528e-09
2.036912194469664428e-09
3.452067298681527063e-09
1.630700241506133352e-09
5.627715515821307690e-09
1.325666021401161743e-09
3.746680743432762029e-09
1.180775477394035988e-09
2.342239291408532154e-09
3.267184855992866233e-09
1.052218423502893074e-09
2.152701794599920504e-09
4.428824307289858098e-09
8.521815475504013193e-10
1.935848814582641353e-09
3.062955666877087424e-09
8.655591798856221430e-10
1.926257597872904626e-09
9.104228482215148688e-10
3.815868843126679621e-09
7.498854870391369332e-10
1.757306189453800016e-09
7.643924382350064661e-10
2.218714767465712612e-09
5.549206649746452058e-10
1.649283709603821535e-09
5.302601691070663037e-10
9.305911596868554625e-10
4.381397467057013273e-10
1.237832170097874496e-09
4.013929189028431210e-10
1.655119596932763670e-09
3.343161303348551883e-10
1.468247301517067172e-09
3.495077560700110553e-10
1.155057383073199162e-09
3.334829079548740083e-10
7.120731781995459642e-10
3.254990721401895826e-10
1.057578358221178405e-09
2.184344927158576866e-10
5.793155954947337705e-10
2.530387011034918032e-10
7.924482181564940220e-10
1.786270020787128487e-10
3.864704112288563920e-10
1.817136441317757090e-10
4.062135072757655507e-10
1.591068388151484214e-10
9.250964438933806377e-10
1.532149962457651782e-10
3.402759185533454911e-10
1.520554793188466647e-10
5.628559840431535122e-10
1.377031821903074160e-10
4.538677211840536074e-10
1.413931194349515863e-10
5.685474313565919147e-10
9.594758321185281602e-11
1.771552904372697412e-10
3.212301535882033932e-10
7.395950518684912822e-11
2.067827020724166687e-10
8.210765400917807710e-11
2.058447856612133364e-10
8.201328505208493880e-11
2.886917371824893053e-10
6.316203116085716829e-11
3.603100040550089034e-10
6.303724209288930069e-11
1.980021702152612306e-10
6.606526437025195264e-11
2.258575548808039457e-10
6.012024211798916440e-11
1.472434396632138487e-10
6.479350389554383582e-11
9.471978756891985540e-11
4.403899467320115946e-11
1.139200955790897751e-10
3.619593513803920359e-11
1.637149305011575962e-10
3.211464427721466564e-11
