9.984479141965245663e-01
9.986023947686355484e-01
9.892855976886699709e-01
9.887804060462076494e-01
9.888579718315090306e-01
9.902741026675727642e-01
9.998298035725097233e-01
9.999821058729810863e-01
9.999841044855344308e-01
9.986138611596190318e-01
9.872570319159934549e-01
9.843352645532765788e-01
9.800874465260063229e-01
9.754972885656485460e-01
9.636537089740719875e-01
9.547743596422665346e-01
9.673850822752889655e-01
9.544316045992776720e-01
9.458274321808115559e-01
9.363044586742188535e-01
9.242330348335990875e-01
9.452111632600755931e-01
9.336319665030554660e-01
9.167659255752709235e-01
9.050831438024252718e-01
8.902432135109165090e-01
8.739515937272815949e-01
8.685978674066265892e-01
8.500121799283700819e-01
8.536199678275160352e-01
8.358840027537747241e-01
8.161934011173703762e-01
8.243235132469882709e-01
8.061385530711137060e-01
7.869815006741798236e-01
7.633798718917156334e-01
7.382089494636610016e-01
7.308049023241551811e-01
7.032160073749809115e-01
6.884796775499835153e-01
6.571488356525094776e-01
6.554422892194232686e-01
6.233297886177238123e-01
6.383349698667857286e-01
6.133195308094281373e-01
5.844140928371019950e-01
5.551822831649648737e-01
5.207780754288366953e-01
5.148695355610810598e-01
4.792201503741840840e-01
4.524081472918395352e-01
4.136610533564177850e-01
4.035518830157095449e-01
3.655015702906249109e-01
3.682303682437484404e-01
3.371328960709278899e-01
3.025742545048383247e-01
3.054522543028347359e-01
2.624008317778825372e-01
2.311165257887445312e-01
2.065350227929522164e-01
1.766625817476775717e-01
1.596848741165012298e-01
1.309409130595020621e-01
1.336696180738257134e-01
1.482028997924317304e-01
1.097233883076849104e-01
9.600369781108841760e-02
1.168780830674945870e-01
7.081087062464919146e-02
6.513636996615435049e-02
9.221224035377173500e-02
1.002376925370337402e-01
1.053338114617022869e-01
1.085884076767621442e-01
5.845048656888740535e-02
5.935159795775579727e-02
1.598345364531360557e-01
1.007540395928455679e-01
1.670508649586321948e-01
9.906986125719663416e-02
6.266483838900416270e-02
8.235190370940370652e-02
9.331334828070991794e-02
7.569143677361744871e-02
7.715852995189587116e-02
6.270745415730072381e-02
4.910491870418731697e-02
5.131717257934464982e-02
1.188299946319889555e-01
7.054378892724799677e-02
2.277143502473188974e-02
1.802690178112642538e-02
7.637230487837931570e-02
1.397938675847759660e-01
5.506510296435795926e-02
7.742927811234523450e-02
6.190386706234696224e-02
2.915370201417299967e-02
8.228140963142160924e-02
5.496502868401942354e-02
1.802690178112642538e-02
1.543525434393955287e-02
1.143810166037373399e-02
1.275413497355903925e-02
2.106896096385413308e-02
2.768249249782117616e-02
1.790889725291855417e-02
1.317071990708107432e-02
1.709712118164896655e-02
2.358379411274258430e-02
1.867502837477330591e-02
8.210136783313393138e-03
7.262298044049320112e-03
8.364256714991968877e-03
1.696599278109833797e-02
6.932145504818465476e-03
6.207874685609349186e-03
1.089338379635984566e-02
6.908424107873067932e-03
8.011472742160630212e-03
3.561154352401341150e-03
3.203937102134513104e-03
5.162757441740217779e-03
4.195007956836360741e-03
4.378988125078198124e-03
1.093153894166998263e-02
7.544242199326367526e-03
3.974902039304617496e-03
5.928576263291684967e-03
3.718891804341928342e-03
6.158300939592575851e-03
4.570920866487693246e-03
6.351272601563984210e-03
4.564283343778785529e-03
6.443905621693613028e-03
4.506776346945184919e-03
7.806301234376755716e-03
4.280312415275266957e-03
5.801298776810237534e-03
4.008196264062569014e-03
5.941277645954423647e-03
3.663125309085302206e-03
4.247320574205848409e-03
4.094320878011425968e-03
3.918611498327839726e-03
5.026439957708128681e-03
3.525252229395481329e-03
5.133411043291014053e-03
3.495565427677149728e-03
4.108974011704957796e-03
3.498594013799261049e-03
6.384468387496289310e-03
3.300843516672369304e-03
3.304086919599935612e-03
3.837865953253416507e-03
5.341929359909847186e-03
3.266090028441359649e-03
3.810808153960509870e-03
3.329954602723561585e-03
3.775808312734718619e-03
3.280079437618432792e-03
3.716800623536631321e-03
3.249849605266641461e-03
3.787287703371666758e-03
3.168127393816777548e-03
3.944393759649611475e-03
3.141762335779119120e-03
3.292575703730982184e-03
3.321592916130100548e-03
3.081731657460284879e-03
3.642468482847993627e-03
3.046522524774109009e-03
3.252026212942737970e-03
3.683522028394170533e-03
3.034258507270792826e-03
3.184850085105050965e-03
3.119168316596310220e-03
3.253111164725597249e-03
3.036328772116680952e-03
3.140136552809646986e-03
2.989670747065686918e-03
3.105936104301543210e-03
3.070787326988511090e-03
3.087049630392413313e-03
3.546835292250749561e-03
2.922196671751198238e-03
3.945725513131992379e-03
2.890602633352057360e-03
2.861753394304389353e-03
2.935558963375384245e-03
3.277471488069338967e-03
2.905771845376770024e-03
3.222611504593575482e-03
2.907466642703027127e-03
3.029040888102962903e-03
3.397071805272267042e-03
2.871907895223291263e-03
2.646749563226191704e-03
2.648133697924381913e-03
2.972744664833437689e-03
2.646749563226191704e-03
4.621406357900093020e-03
5.403997202811594569e-03
6.772164555613802150e-03
5.751335215257058486e-03
5.716850924026517511e-03
3.985990933586203155e-03
3.518957571665426443e-03
3.746167071321915287e-03
3.404579995789025482e-03
1.001331934249483080e-02
4.511731292105691793e-03
4.083660252959919745e-03
6.147053122670609326e-03
4.170860973301881991e-03
5.967292988922068275e-03
3.999208074446758410e-03
5.279132309772505138e-03
3.604379316837547087e-03
6.028091560241199964e-03
3.479647730718071763e-03
4.545244559137628926e-03
3.425581949801914661e-03
5.100423124274500175e-03
3.321608022208488720e-03
4.120436299084762055e-03
3.364663364171294191e-03
3.959720267357802470e-03
3.348977368865746485e-03
4.699018976479507614e-03
3.162565463556976653e-03
3.874708828810580208e-03
3.156995862436895450e-03
4.035455330187120992e-03
3.097219824176211667e-03
3.611883126435788682e-03
3.111269318887388557e-03
3.576516641150773168e-03
3.085565353643793252e-03
2.767504455863711854e-03
3.974817098229554979e-03
2.983339463245693324e-03
2.990257451937594624e-03
3.077575939910870417e-03
3.450188819082877778e-03
2.882236446448138700e-03
3.084819534601268565e-03
3.196407895207586947e-03
2.873539053022677869e-03
2.636033424700201522e-03
2.694663081876380595e-03
2.579233624215526710e-03
2.640314098023455180e-03
3.610368361867566378e-03
2.774057568567633858e-03
3.279935602275907414e-03
2.799638403702231493e-03
3.115636924618248038e-03
2.763212054124108974e-03
2.771661848980477849e-03
2.417631749467075153e-03
2.424834660624930471e-03
2.468106899574884494e-03
2.957998143095386112e-03
2.613146182932291062e-03
3.322609546441701589e-03
2.568967348100970050e-03
2.757737203410770555e-03
3.124808884342522575e-03
2.584127088352206059e-03
2.488409524568635511e-03
2.711793759410885407e-03
2.567373548180817977e-03
2.275478007984887974e-03
2.252924869694639121e-03
2.205716765047327499e-03
2.178515257267754635e-03
2.353187943881618338e-03
2.185156721443703987e-03
2.261783233261205339e-03
2.234743951935680428e-03
2.117125007850106932e-03
2.137565870208746333e-03
1.977980234799558978e-03
1.962075347367697731e-03
2.409182969635215166e-03
1.836645473403342166e-03
1.792576137997103913e-03
2.402478763726900723e-03
2.218131259773215014e-03
2.150522120597408993e-03
2.036601979367058668e-03
1.960201557155039076e-03
2.422089322455023286e-03
2.084695301545980151e-03
1.965461477224761389e-03
1.690142761673896210e-03
1.640332680221123773e-03
1.598549027364559727e-03
1.544704252891770935e-03
1.544704252891770935e-03
1.702044287766657504e-03
5.035669718629343095e-03
5.655312905850862215e-03
5.383725316409071482e-03
5.561517701319296236e-03
2.154264513339221310e-03
3.062262657903880303e-03
1.825080396160139173e-03
2.029698803378332528e-03
6.120558112133633877e-03
3.558354461563606463e-03
6.753428578886055966e-03
3.444220641295347995e-03
7.133710905268375591e-03
3.308699155848526807e-03
4.794727865520709287e-03
3.124664940694188431e-03
5.431617992386339466e-03
2.402362376998756766e-03
3.847974551107524732e-03
2.474838563673809055e-03
3.861523654233089964e-03
2.395160079929015140e-03
3.120104348437680031e-03
2.347395080297576264e-03
3.624975018675757887e-03
2.264567496858438389e-03
3.098597159008509294e-03
1.984063745155029146e-03
2.451803883614100954e-03
1.997887594324954108e-03
3.033875043585543274e-03
1.944589346277614261e-03
2.381516750445400454e-03
1.972996182754482852e-03
2.448125832104186550e-03
1.917942709335207496e-03
2.781341102557788325e-03
1.828757575150330439e-03
1.309748430585400136e-03
1.263846190452388996e-03
1.710733704241795827e-03
2.036243459811015732e-03
1.741838347365631812e-03
1.882941654623548899e-03
1.875594003454383873e-03
1.604392204520466159e-03
1.779338334192415161e-03
2.074321679896184989e-03
1.646427867585953386e-03
1.586952778560135613e-03
1.547098591513362820e-03
1.692162330533930614e-03
1.183837032112888821e-03
1.162313060931396969e-03
1.488451809083302102e-03
1.084333208345666932e-03
1.064665680354570654e-03
1.757757323264885763e-03
1.459307944609689045e-03
1.587756283331742679e-03
1.431994491162935645e-03
1.713289834011200163e-03
1.392683780853665176e-03
1.090882155881822690e-03
1.334447340818445404e-03
8.587924103155009092e-04
8.197085727308373038e-04
1.071850388121742270e-03
1.177177109366489560e-03
1.089200266137124729e-03
1.499268572344392147e-03
1.169005556586499850e-03
9.632095622310599126e-04
9.326677603457289578e-04
1.870691578197303251e-03
9.814943939026044006e-04
1.005607075664327610e-03
7.607807169421887394e-04
7.556196138024384723e-04
6.155668509215672657e-04
5.722294798694571583e-04
6.455456044095475576e-04
5.649709466093444377e-04
5.497389855128043123e-04
4.253145958448278918e-04
3.903644240643711072e-04
9.028537864476104957e-04
7.977485649798277123e-04
3.201693302630204130e-04
2.825249969207188627e-04
6.462237303019868762e-04
5.009791795834717121e-04
3.577006249141367888e-04
7.206122215670518472e-04
5.683619495980840597e-04
5.868682257417212611e-04
7.349394193415514920e-04
