4.785086816692400991e-01
4.637304032066517090e-01
4.874123991496944752e-01
4.536194556198985817e-01
4.344495559431386100e-01
4.160356966616554075e-01
3.788804424167362406e-01
3.424126668999358802e-01
2.716150498463477669e-01
2.051163066862827788e-01
9.259483131339485418e-02
1.704523747716291115e-02
1.470836583317414181e-02
9.020190556548735028e-02
3.821473269659687588e-01
1.697552204110031049e-02
7.957332183760734701e-02
3.834282518831222397e-03
2.186154978362697676e-02
1.886220831533513831e-02
2.030601092034256538e-02
8.608658630298915426e-03
3.271270949541393858e-02
1.399119472533083552e-02
1.278894831547960909e-02
4.399883621808209355e-03
2.081878108997414767e-02
2.760388913816136380e-03
3.250108663223727490e-03
8.817273685829407626e-03
2.874165793439464878e-04
8.169277212187742165e-04
4.116258439115672019e-03
1.136421735346893058e-03
2.302417359849817657e-03
3.004803331674299471e-04
8.176160196957660276e-04
4.028623473605330574e-04
4.144104628882594454e-04
1.971867232996027397e-04
7.917862459642099893e-04
2.997587727349149134e-05
1.192267694265503053e-04
3.448057488728561992e-04
6.104742900592263766e-05
1.509145143404611034e-04
5.194042613143601272e-05
1.427655430659147129e-04
1.000945841289624383e-05
1.000945841289624383e-05
8.508588754464918580e-03
4.935839869455449502e-03
4.458339990090376403e-03
1.050411971599463090e-02
1.527574498082717724e-03
5.443252538049447864e-03
1.777668682955702018e-03
3.174194840512623017e-03
4.883097923443768806e-04
2.101157422848665135e-03
6.493382502517075494e-04
1.165118313990465282e-03
2.029552672797585444e-04
6.740389857753381619e-04
1.947319530211100158e-04
4.099588605226411886e-04
5.076187278363342159e-05
2.343684973329374088e-04
8.693818091942695503e-05
1.276113266635015009e-04
3.317118416279463133e-05
9.439037956049389777e-05
1.468275808824692774e-05
3.782512863037545969e-05
1.537284281827311361e-05
2.012528245387557035e-05
6.485997662064590941e-06
3.135365951312252264e-05
3.255260895063116777e-06
6.600297425496393089e-06
2.515011910286801822e-06
2.515011910286801822e-06
9.610669548790751193e-04
9.517048124344285043e-03
1.326332593432022477e-02
4.878500862512291647e-03
6.529827863529069631e-03
2.289655832399484225e-03
3.416778506020734518e-03
9.287292855892914645e-04
1.852873365555396390e-03
2.406327681825359832e-04
1.191342854810262253e-03
4.082750045939498307e-04
6.517786439873551885e-04
1.456514501168015840e-04
3.859381170316922294e-04
8.275867200846498406e-05
2.266192493138863284e-04
5.298214441351589699e-05
1.377176372232558066e-04
2.736817098769606105e-05
7.798435360539812677e-05
2.035145516776637464e-05
5.009008561041028429e-05
7.914721929624946029e-06
2.580717582623126560e-05
8.859088612478416280e-06
1.422022843511339119e-05
3.101082053147408146e-06
1.343399375364207060e-05
2.529854813082543785e-06
3.115148499599484921e-06
1.558314598026910858e-06
