6.039493103777844318e-01
6.050142921138819130e-01
6.040831488369857727e-01
6.037837746964835883e-01
6.039151347449744911e-01
6.039638374833729006e-01
6.039349919073102591e-01
6.038810739566091712e-01
6.038592012231174255e-01
6.094913113752274958e-01
5.965831157712946364e-01
5.946748307467014660e-01
6.008616948883205300e-01
6.011849283560544155e-01
6.006618763788414972e-01
5.998895909236267032e-01
5.989230586925513578e-01
5.977150717530750335e-01
5.962109291974807546e-01
5.942845421770448500e-01
5.930507317429911662e-01
5.916323936311331799e-01
5.900353576532362254e-01
5.924013442747180225e-01
5.906966785420293409e-01
5.884372511074720258e-01
5.868801247882309280e-01
5.862145334700977761e-01
5.844694570096220509e-01
5.838967394297369662e-01
5.819812512082538358e-01
5.815923719995486074e-01
5.795465419077678870e-01
5.794535753536456113e-01
5.773440412739836436e-01
5.771872783542684182e-01
5.750018574124869941e-01
5.748539660999695267e-01
5.725965068887346465e-01
5.708062930978015093e-01
5.681129716521642337e-01
5.674852291581318209e-01
5.646118221651788005e-01
5.620944997310726166e-01
5.586311486555293193e-01
5.592919485703105043e-01
5.561874974598280952e-01
5.527780382513998170e-01
5.522666364639507997e-01
5.487241782810252655e-01
5.478961039419670831e-01
5.441635812207001877e-01
5.427217879427459479e-01
5.386882989398866783e-01
5.370195591185766837e-01
5.326614130088553889e-01
5.306117174032169981e-01
5.258863679925558365e-01
5.260636299758675305e-01
5.212068355868093583e-01
5.165182232144341912e-01
5.172779514945097246e-01
5.092374086029937130e-01
5.042061492402771794e-01
5.045812683322903336e-01
4.993408760507700439e-01
4.945988794486112505e-01
4.934746299996340957e-01
4.888295204697912233e-01
4.883241549734690379e-01
4.839158121001222446e-01
4.838213635132537771e-01
4.797397496450989118e-01
4.800065664293765577e-01
4.731862560552817509e-01
4.696089876968643217e-01
4.703956435422537163e-01
4.651320108984356994e-01
4.626698888396522102e-01
4.642588261412415873e-01
4.608984933275364071e-01
4.597844051662484111e-01
4.601836598137846179e-01
4.595650954400977151e-01
4.594648057648060835e-01
4.595004021581511333e-01
4.604371897363466193e-01
4.631764771036204209e-01
4.633397917105446240e-01
4.673946948701224180e-01
4.635355756022250251e-01
4.675859579462350313e-01
4.612828716634883586e-01
4.634814785477908705e-01
4.612895178461843271e-01
4.667785081017707949e-01
4.611999796734338464e-01
4.675085630257996838e-01
4.610574530574281793e-01
4.622826526709571393e-01
4.608710242269500323e-01
4.625900377310779854e-01
4.601902219926623516e-01
4.630570948057161074e-01
4.601466465024619534e-01
4.609098548991722444e-01
4.624882497297567729e-01
4.601538209219488973e-01
4.609613042398775784e-01
4.601362656674811147e-01
4.620661459241617308e-01
4.600769305162785150e-01
4.611271434784676160e-01
4.598977624619662308e-01
4.599593813260920427e-01
4.605549652850827735e-01
4.597649168389796870e-01
4.603054275862928924e-01
4.597895623179594216e-01
4.605686150406821389e-01
4.597430762026717410e-01
4.606584920392867710e-01
4.597306729687913318e-01
4.599991995255662269e-01
4.597041490303409583e-01
4.604649160014636644e-01
4.596625695207154916e-01
4.594648057648060835e-01
4.587907010878887748e-01
4.620685950003997622e-01
4.590546555629980707e-01
4.596866943950770334e-01
4.598131459357091000e-01
4.597131469211857002e-01
4.590074302308914111e-01
4.601475451898613400e-01
4.592004343957309942e-01
4.566433042486635063e-01
4.560467727098981294e-01
4.576465521515488133e-01
4.574962723966686795e-01
4.571056318691733011e-01
4.565772714234541674e-01
4.561577651950884382e-01
4.568813821772949035e-01
4.553885309250659263e-01
4.549847837939550166e-01
4.545490641264623433e-01
4.540590971541575982e-01
4.540754458675484440e-01
4.540660144635558781e-01
4.534733943241210374e-01
4.530373789054131795e-01
4.529942242767271976e-01
4.525566575944154346e-01
4.532711529341655332e-01
4.517851765385361151e-01
4.512655747047101817e-01
4.511583083812564787e-01
4.506255542847592555e-01
4.500008089946626599e-01
4.493383012491731776e-01
4.498231467458652100e-01
4.500981848182925571e-01
4.488821359462782379e-01
4.483118735490138063e-01
4.476450280763952794e-01
4.469460107538772986e-01
4.484493826149279494e-01
4.462205865552711925e-01
4.454719161394010696e-01
4.451508447341282482e-01
4.443427659878256275e-01
4.448806708693654466e-01
4.442407027147513565e-01
4.435406834677104726e-01
4.434723436080628689e-01
4.427841118511934848e-01
4.421916353737677108e-01
4.413951465211667369e-01
4.408666544894860317e-01
4.399689761195182403e-01
4.410964962824786006e-01
4.382864124191021560e-01
4.371944924142965316e-01
4.375454154391797967e-01
4.371759316067364010e-01
4.362724974812125511e-01
4.359015938261047163e-01
4.349343174056572447e-01
4.343008996465663740e-01
4.332055553690143945e-01
4.328376213513466242e-01
4.316770604821562607e-01
4.312849414639073897e-01
4.300743248572139743e-01
4.303905856127079321e-01
4.292322626140425701e-01
4.282512278104750880e-01
4.266257438420789638e-01
4.252397615054201996e-01
4.260994512168433390e-01
4.239543243884306145e-01
4.225258891639421810e-01
4.218480263360486759e-01
4.202957722926283779e-01
4.200348820833367247e-01
4.184562877034765371e-01
4.183767871046015774e-01
4.167839813530738180e-01
4.166778798962508246e-01
4.150882057017833970e-01
4.154040780259524723e-01
4.116397678253242987e-01
4.096780576026580745e-01
4.109672762996020579e-01
4.081951347919989814e-01
4.063196910947977081e-01
4.053297374525187680e-01
4.033045658629813568e-01
4.034389682604568872e-01
4.017419666102997056e-01
3.997823346705016156e-01
3.992233786479454372e-01
3.972054592368370329e-01
3.966854651707102386e-01
3.946880008500672776e-01
3.941449014979672150e-01
3.923819463107193206e-01
3.894262335661671237e-01
3.873776550808849528e-01
3.911971094182433717e-01
3.869872031898154985e-01
3.851870930270724358e-01
3.845729168921431240e-01
3.826276718660513998e-01
3.836318559222028357e-01
3.789581196255144002e-01
3.770015532606739717e-01
3.780067003198489539e-01
3.763611962069788319e-01
3.749909396499679914e-01
3.744732081758976872e-01
3.732760550396978516e-01
3.758081227876254315e-01
3.723423030571731962e-01
3.715911200505628287e-01
3.718663563267833316e-01
3.696881217572647316e-01
3.687108767539575283e-01
3.685561714723554205e-01
3.678642425239221359e-01
3.671074844876863752e-01
3.664953214961915728e-01
3.676768638219900520e-01
3.677064959898460605e-01
3.675364851152734813e-01
3.665539269085600349e-01
3.656470651916359227e-01
3.653997737202354656e-01
3.670514532507236360e-01
3.654397534436104600e-01
3.651135626928838640e-01
3.651059096315871777e-01
3.654684435356488903e-01
3.653706821459370424e-01
3.672323188143398198e-01
3.653239909366668980e-01
3.665553458878467730e-01
3.656831970132708998e-01
3.661413639303490175e-01
3.642977492653493021e-01
3.643084362273731891e-01
3.659384806245362665e-01
3.650124456888153013e-01
3.670939229125885772e-01
3.651484259892188167e-01
3.663898908279761280e-01
3.651728270175440549e-01
3.652650770716865392e-01
3.645049026283807558e-01
3.647984212782905411e-01
3.676300425780397729e-01
3.646960986091161150e-01
3.640253094484378060e-01
3.638990824480183850e-01
3.644571566492416093e-01
3.646532757914248135e-01
3.637244617135324543e-01
3.636076970692243560e-01
3.632514412389555858e-01
3.631042804689755821e-01
3.653049420608669440e-01
3.645244667356630774e-01
3.641610013701310766e-01
3.637572190856578347e-01
3.643841093698910738e-01
3.632323792750629110e-01
3.628997794671205979e-01
3.627938510529453708e-01
3.633700163907996883e-01
3.633403645661255066e-01
3.625784478746691963e-01
3.627056024453172434e-01
3.633886340100721535e-01
3.618218633086073277e-01
3.616055910966378129e-01
3.620250367599942010e-01
3.613946439936228661e-01
3.611857512337260934e-01
3.632896010831202505e-01
3.632625403376464890e-01
3.620115881394301294e-01
3.625118550253805250e-01
3.636607813240197995e-01
3.625625292906813346e-01
3.609185978438518294e-01
3.607635504545467775e-01
3.617291528829419400e-01
3.607189604521068294e-01
3.606403174567701653e-01
3.607980472098483160e-01
3.611944594731202329e-01
3.608535735517186538e-01
3.596720613668162869e-01
3.594846435950794783e-01
3.596944018167703705e-01
3.606010483863961724e-01
3.591607105852553383e-01
3.589008003150803150e-01
3.600488507710262187e-01
3.589477370639351239e-01
3.604192785059536774e-01
3.588466253255638838e-01
3.586451411970632552e-01
3.585919903970764544e-01
3.583762735386949450e-01
3.586371113155394363e-01
3.575085828260454734e-01
3.573942135337777604e-01
3.583828964864544941e-01
3.591147804634419183e-01
3.572106141239095312e-01
3.572183923130853866e-01
3.569248497031514145e-01
3.568512688458760351e-01
3.589101413208405367e-01
3.572943796124208315e-01
3.588111481259111946e-01
3.563923010507417111e-01
3.560513104478691959e-01
3.581832361709015311e-01
3.560345829133733098e-01
3.557862996531251376e-01
3.572691874015635483e-01
3.564604225917745728e-01
3.566719039380482625e-01
3.571736854285479934e-01
3.547553116517589977e-01
3.543742829630363023e-01
3.559354442439329747e-01
3.566624197616125036e-01
3.544429402676987362e-01
3.555543136836588625e-01
3.538221340588788566e-01
3.535499499340905016e-01
3.547591862784802430e-01
3.550445704888812726e-01
3.542128225927216878e-01
3.538505482851489470e-01
3.536517206831540916e-01
3.520764046985989104e-01
3.518565194399388973e-01
3.531374690500415081e-01
3.541656201574312490e-01
3.538124573032768172e-01
3.522625500587124314e-01
3.519407152044995435e-01
3.528196269222586556e-01
3.531814878049588380e-01
3.515314321352490667e-01
3.514272669474274302e-01
3.529253093124630203e-01
3.521009607932880092e-01
3.517918110451825342e-01
3.533913518942983778e-01
3.524159518356007048e-01
3.514344649319656178e-01
3.535315876599667284e-01
3.523931489750307122e-01
3.508697063698182905e-01
3.508294828595350801e-01
3.514750532386715642e-01
3.522706377234872122e-01
3.519700621669976659e-01
3.505224320765742974e-01
3.503840844924878128e-01
3.508556123679622551e-01
3.514480462861101495e-01
3.505602143835938600e-01
3.502940804973534439e-01
3.501882314589552792e-01
3.504481151545291162e-01
3.508098017764806897e-01
3.497721307329384466e-01
3.496319101135380025e-01
3.495437500784717155e-01
3.493398271468607375e-01
3.496528441603098392e-01
3.489475944200250979e-01
3.486922134156492659e-01
3.494552057574513704e-01
3.494672505661087225e-01
3.484862746649061149e-01
3.482869811384738945e-01
3.484277083648095186e-01
3.475594667854423614e-01
3.472128797957403368e-01
3.471874409455412147e-01
3.468569585728460414e-01
3.480659070690442780e-01
3.472231692336386066e-01
3.472631811751841768e-01
3.469870887783600422e-01
3.459147868343693810e-01
3.456014816018366798e-01
3.456467234528388666e-01
3.459834490943682894e-01
3.447707246921963842e-01
3.443817873372516658e-01
3.450231635065392766e-01
3.448523906073122092e-01
3.444062950665233158e-01
3.447398651527363578e-01
3.438034064059417583e-01
3.436169179598002055e-01
3.430183872041051574e-01
3.427457285950454846e-01
3.435536788105244543e-01
3.424882772550442711e-01
3.422599825284881048e-01
3.417530839297694412e-01
3.414475201452944475e-01
3.437522960351975243e-01
3.418014272858868052e-01
3.418258361654692434e-01
3.410314645155928526e-01
3.408359589621847707e-01
3.401135331171227794e-01
3.397165325967350658e-01
3.417819363066156857e-01
3.405466053424039963e-01
3.398596524596450008e-01
3.393833204681072635e-01
3.391055951683281666e-01
3.385348778859453844e-01
3.381500147491860453e-01
3.392684845597846444e-01
3.379040242688685636e-01
3.374880396220178991e-01
3.386709002726281392e-01
3.367439029321050992e-01
3.363182105203438299e-01
3.374899734078837810e-01
3.363609975242843886e-01
3.362361403193112608e-01
3.360371912081976387e-01
3.354325281682535298e-01
3.350543746931765599e-01
3.350892175414100782e-01
3.343206508917525577e-01
3.339966600650932094e-01
3.351188439252258400e-01
3.331130566849960228e-01
3.326958970237008373e-01
3.340090288558953402e-01
3.327383847260618754e-01
3.329744510488116260e-01
3.316814661589405633e-01
3.313479231725893204e-01
3.320989484970888750e-01
3.325725972899504779e-01
3.322185505384595006e-01
3.314850469308328051e-01
3.328258086428956819e-01
3.315230428407319740e-01
3.316250006968750608e-01
3.320851763830968695e-01
3.308175399377361048e-01
3.307063601679980369e-01
3.305704065759215160e-01
3.303688094200938341e-01
3.310499727529131464e-01
3.301623582819831482e-01
3.300071854576125396e-01
3.299379520777353525e-01
3.298307580018404739e-01
3.301575637640502547e-01
3.297640082163273423e-01
3.296715091972866052e-01
3.298510195487021068e-01
3.299857019018145321e-01
3.293303084152843230e-01
3.293133120011925152e-01
3.296361416455924065e-01
3.292810995261695739e-01
3.292734412830125024e-01
3.292445489425908089e-01
3.292836619748965576e-01
3.294262600700473831e-01
3.288389876187460814e-01
3.287563117325688067e-01
3.288941868021503234e-01
3.299488724525031502e-01
3.294455129057234366e-01
3.284827851240499363e-01
3.284608710789961306e-01
3.292865779328442155e-01
3.289905010638313199e-01
3.289506442828017407e-01
3.287210282636474634e-01
3.281490467418701762e-01
3.280946875760107906e-01
3.294835137048113261e-01
3.289675019908986364e-01
3.281476772071451053e-01
3.284918682550085345e-01
3.287378039862336454e-01
3.280973943558539441e-01
3.279727047285713182e-01
3.280322804744323362e-01
3.275796242914896794e-01
3.275205662468397838e-01
3.276533687849081389e-01
3.282956769692115806e-01
3.287813972304973742e-01
3.283441227305845533e-01
3.278045498247220690e-01
3.273470907726728774e-01
3.272735890259823588e-01
3.277400528865517249e-01
3.278442318836986002e-01
3.271178535215183425e-01
3.270251246526962863e-01
3.270148043131173576e-01
3.269438928064491989e-01
3.265871572688798796e-01
3.264703765092014098e-01
3.271410785164258206e-01
3.273207231215140567e-01
3.268004728504426692e-01
3.272027202680543034e-01
3.269784910657155264e-01
3.262711321336795312e-01
3.262834088019733736e-01
3.271377050692084731e-01
3.265978162262100915e-01
3.265736221488473312e-01
3.269292634961035171e-01
3.265505862683202309e-01
3.261603470498981583e-01
3.261578001829890106e-01
3.271173398379301211e-01
3.266925579201545027e-01
3.262079713618440957e-01
3.267996150706811154e-01
3.260313783676568322e-01
3.260330103555264536e-01
3.267640363682599025e-01
3.265071743807901328e-01
3.262871869216881215e-01
3.262255051423867958e-01
3.261069857664484761e-01
3.261613453059714063e-01
3.260358762546843314e-01
3.260588206911062548e-01
3.260313783676568322e-01
3.286558426342698347e-01
3.260536939268108281e-01
3.260266628200110262e-01
3.259969643308989751e-01
3.260122965271656792e-01
3.260256915031354286e-01
3.260538680428146652e-01
3.260333978208659333e-01
3.262385939425375136e-01
3.266822150762961341e-01
3.261428094704856839e-01
