7.121715603962612828e-01
7.074712284139205165e-01
7.097619062751812091e-01
7.122501001381393859e-01
7.117266425866994872e-01
7.117202882235973416e-01
7.127717504356139155e-01
7.123063104882612073e-01
7.126767061109924306e-01
7.136367607983860051e-01
7.089931300410111659e-01
7.092127230164182450e-01
7.084634377423456586e-01
7.079717268621211756e-01
7.069539664434761894e-01
7.062723223071917245e-01
7.055488838647687722e-01
7.046775859429681432e-01
7.043573157864131407e-01
7.033821655159145925e-01
7.021631983062948112e-01
7.008620629590190942e-01
7.027862875695756184e-01
7.018319283376528439e-01
7.002895773768751386e-01
6.991616895264050058e-01
6.986579883639898458e-01
6.973818473424697739e-01
6.966338122028159496e-01
6.951452152428361231e-01
6.942387957052190695e-01
6.924926582987165347e-01
6.923502599117496992e-01
6.905158911045851111e-01
6.910210786469208610e-01
6.896252263637285829e-01
6.878609851366007666e-01
6.866446317990375636e-01
6.845459122889304693e-01
6.835396730731119197e-01
6.811460907824883337e-01
6.799041668447343145e-01
6.771610062594429769e-01
6.766704657118691735e-01
6.737326124089394463e-01
6.731161238310978678e-01
6.699459093101043372e-01
6.698499323353506174e-01
6.665688792873216695e-01
6.672949156409924143e-01
6.629072941716681600e-01
6.593005087725939406e-01
6.556713341687312457e-01
6.511452847084299167e-01
6.500391059663188642e-01
6.451367195563739720e-01
6.450492658714719330e-01
6.400725102447073489e-01
6.392653695745944553e-01
6.340005748002225383e-01
6.336555261002920769e-01
6.281845290397093384e-01
6.269565325155908031e-01
6.211229748046844801e-01
6.201496748439347950e-01
6.140570116793055977e-01
6.100125495473676107e-01
6.028761253640424478e-01
5.961874330037943981e-01
5.876937801059567423e-01
5.880726925295407526e-01
5.829307848432441208e-01
5.749637783573389171e-01
5.741886548840080540e-01
5.661888252390987475e-01
5.617680518558307856e-01
5.527869958333733180e-01
5.502618575689539604e-01
5.409151168195609483e-01
5.381088953600814406e-01
5.286160539583337759e-01
5.254870318788316119e-01
5.158292005758147170e-01
5.109864559210457458e-01
5.008894076861001299e-01
5.040266990640449585e-01
4.974991333918987735e-01
4.893757389947062109e-01
4.800524411679780723e-01
4.717176649887627748e-01
4.717697328538168478e-01
4.613460783000232768e-01
4.548984776644688921e-01
4.589510697772223313e-01
4.558243337749192658e-01
4.515267342202531342e-01
4.508341994095194094e-01
4.506821760124471998e-01
4.519361827124854791e-01
4.464124526241889379e-01
4.476073769837266569e-01
4.592188915713203423e-01
4.628929889388196939e-01
4.638083351898866225e-01
4.827505767069949494e-01
4.598569387475942571e-01
4.688179517511389394e-01
4.561376530023542042e-01
4.701876372408565485e-01
4.554986399726731472e-01
4.630146992508661352e-01
4.546097202401837567e-01
4.597711872325621618e-01
4.544100658407062010e-01
4.554016400545413124e-01
4.539392835157431971e-01
4.482647666629874239e-01
4.527288025950773065e-01
4.646869955219699033e-01
4.509112016731297023e-01
4.582050014176121122e-01
4.513385398891490707e-01
4.514165040945243845e-01
4.474266212271491572e-01
4.511219684978070577e-01
4.597087707290133940e-01
4.493130301670377191e-01
4.506161360643452518e-01
4.531216959805568489e-01
4.490477009696531852e-01
4.565395897097501710e-01
4.485759300405681715e-01
4.516104667072095014e-01
4.489254200809648099e-01
4.429328207122598116e-01
4.420806211442478428e-01
4.412933451000584650e-01
4.403086614861650983e-01
4.455093562816734298e-01
4.464291307027342670e-01
4.483797371956977917e-01
4.390153970034400555e-01
4.379524044108120684e-01
4.382940897204461450e-01
4.467869077051864757e-01
4.415890475991872677e-01
4.415272829485075157e-01
4.457360662621336900e-01
4.394169625457979844e-01
4.324835182728062888e-01
4.310190234142753374e-01
4.468194609760975933e-01
4.418050002123918851e-01
4.362559377621876289e-01
4.321004229435915223e-01
4.413732387863491535e-01
4.342795504939228612e-01
4.412857118598718653e-01
4.379599520460167872e-01
4.460207541603337100e-01
4.378265902612189509e-01
4.297237647389204884e-01
4.286255293710699021e-01
4.301616908020011731e-01
4.272292990908576060e-01
4.260159428578184082e-01
4.307056113930755048e-01
4.250448910747659514e-01
4.240581642828703535e-01
4.270982504847030681e-01
4.268424736615556991e-01
4.214846859780205790e-01
4.204352768465997592e-01
4.195528905700843803e-01
4.181900991468552320e-01
4.178783180325090774e-01
4.164683051195213759e-01
4.243576606927158545e-01
4.147015938354062792e-01
4.131635906657797896e-01
4.122710260579952601e-01
4.105074979863994056e-01
4.133224790078544597e-01
4.154427346824708378e-01
4.064608958320096166e-01
4.045785160454115070e-01
4.228419995785698271e-01
4.040092675295045010e-01
4.020926545392121687e-01
4.216224941431810924e-01
4.165070719130861132e-01
4.033172376168446815e-01
4.010778084269664978e-01
3.992930829058493059e-01
4.084456875227535644e-01
3.998609337549781095e-01
3.989348032022851376e-01
3.982565848827031019e-01
3.947254966642957941e-01
3.931254939801299697e-01
3.904539125734302063e-01
3.885894970500666235e-01
3.916745774346175324e-01
3.942956407745913383e-01
3.882870270690176318e-01
3.870371767125261320e-01
3.855644803631362860e-01
3.843550119671649279e-01
3.830627766383218891e-01
3.817808540636264958e-01
3.853020438274413761e-01
3.811105306297521977e-01
3.801923502356240325e-01
3.811189121164807458e-01
3.844248178621384460e-01
3.792582467330573026e-01
3.796378655963427162e-01
3.761142180377321509e-01
3.753653372101242169e-01
3.758178338080323533e-01
3.804605674313299435e-01
3.884418086002490167e-01
3.818089884034620018e-01
3.772701212467526322e-01
3.751464400092747731e-01
3.750182209260948252e-01
3.798892854939140973e-01
3.774853308709926747e-01
3.740751676159368433e-01
3.737605860209841646e-01
3.757695498191809813e-01
3.746646853813926370e-01
3.755448028466863430e-01
3.730900818661653240e-01
3.732778347335331537e-01
3.786136234924457611e-01
3.754433741225916554e-01
3.748916743534035367e-01
3.721375415951356791e-01
3.719400011025173480e-01
3.750810334002414592e-01
3.797564099279130412e-01
3.739616141700102814e-01
3.723910459079601276e-01
3.746199389655787693e-01
3.736956006904386118e-01
3.713010909960053896e-01
3.711853338877675323e-01
3.736241563258320131e-01
3.761422806672480856e-01
3.732225490197690343e-01
3.784037624328023819e-01
3.729573501913090450e-01
3.718118502131197989e-01
3.719401049322166308e-01
3.714717983083642983e-01
3.736898799893848544e-01
3.725402798439065855e-01
3.725758221994012187e-01
3.714609245023505757e-01
3.732233961293480728e-01
3.720625886103826607e-01
3.732994139194129035e-01
3.718655703259421408e-01
3.720379510508502463e-01
3.713980740422206939e-01
3.709632360931875983e-01
3.710016491647961656e-01
3.720433360559547431e-01
3.715409924586753343e-01
3.729173492478546903e-01
3.714029444373518896e-01
3.710058713496375837e-01
3.730771568583808317e-01
3.713187470132296442e-01
3.708361844141875308e-01
3.708709886826192514e-01
3.711331133033614060e-01
3.713547423654545154e-01
3.719978824702472320e-01
3.711237671325057219e-01
3.709031858760628575e-01
3.720177671615237935e-01
3.710609975027494567e-01
3.715458432663110155e-01
3.710798539231584536e-01
3.709626560437809806e-01
3.708361844141875308e-01
3.716233515007548727e-01
3.708594833714921046e-01
3.708045790116646367e-01
3.708112519063209156e-01
3.708141980891916933e-01
3.708019810436434804e-01
3.708185743342946594e-01
3.708418592403096570e-01
3.709020281406703035e-01
3.724499540201805514e-01
3.711068340289266354e-01
3.708019810436434804e-01
3.711517046679643217e-01
3.707866383799028887e-01
3.708138789133683666e-01
3.708281555659667106e-01
3.708066087525527799e-01
3.708245480088335766e-01
3.708057253142418297e-01
3.707961929985774674e-01
3.712190634404050060e-01
3.717501146173897153e-01
3.709239784431407339e-01
