7.323441036043131236e-01
7.282929954799934880e-01
7.224582119844711325e-01
7.361714603378547439e-01
7.361080290783781344e-01
7.285532519292313713e-01
7.336562155670343088e-01
7.320243895774055654e-01
7.451788184375408575e-01
7.159775648729589381e-01
7.104078951452024171e-01
7.231825325539802396e-01
7.195444466355140900e-01
7.181736823548756643e-01
7.052589746469859477e-01
6.981683628975322575e-01
6.910358141877157578e-01
6.804986557238026368e-01
6.755742925928340803e-01
6.617172958281614115e-01
6.833533788199019909e-01
6.681938393661230879e-01
6.662846122919771075e-01
6.408592712817916537e-01
6.257729623875083469e-01
6.140967796339543705e-01
5.945553033043817770e-01
5.780072908933231446e-01
5.518316494449510001e-01
5.753470396288364874e-01
5.618020884628076583e-01
5.376557997201376615e-01
5.150931131755975834e-01
5.115556588381178216e-01
4.871774959274294270e-01
4.487838607028398208e-01
4.143328260844675315e-01
3.919807852946545212e-01
3.511097502180512420e-01
3.709497714129834645e-01
3.558743107662487581e-01
3.217965586350686191e-01
2.899498450139175176e-01
2.689885675172765112e-01
2.339474782728521163e-01
2.070875999143378943e-01
1.712085406169630009e-01
1.711417236801955344e-01
1.416909488492451574e-01
1.318615215740656099e-01
1.105027525924940912e-01
1.086860049001098227e-01
8.766443076333052531e-02
9.212973705517024658e-02
7.255207976495037236e-02
6.931053711511903082e-02
1.027848846285065454e-01
9.776056053156723102e-02
1.398133149118888641e-01
1.617701690979970186e-01
1.189364555356097197e-01
1.708790211827281302e-01
1.061246882900982458e-01
1.443536421354003618e-01
1.078923306867316523e-01
1.226994885959149517e-01
9.763859063762247992e-02
1.007215947202327877e-01
8.254333908926092533e-02
1.095315161918788416e-01
8.908747173023789934e-02
6.337602489500360203e-02
6.485492586224916867e-02
1.428329698520864888e-01
8.068022538012586953e-02
1.316964165074746562e-01
8.031462001811284779e-02
1.034111200672749309e-01
8.285889165656146194e-02
7.300940030210067988e-02
6.706106044548898470e-02
1.080975984596166395e-01
7.415262199628547268e-02
5.153434434484471804e-02
4.942795937713140297e-02
8.330552711178174086e-02
7.161495714957077929e-02
7.029732244601571978e-02
7.252563200990946868e-02
4.739824135871906208e-02
4.560710027678549494e-02
7.927935262691576668e-02
6.361329030635187731e-02
7.813524495316348517e-02
6.347005845498132626e-02
4.342595621696676567e-02
4.166309710389315413e-02
6.196977867363484549e-02
3.189882577664526764e-02
2.786061016984120453e-02
5.352891869896236887e-02
3.717663268440796198e-02
3.482395055443099352e-02
3.721651871133169198e-02
3.750089695937786072e-02
4.086352494106704203e-02
2.460170626022240015e-02
2.550710002196410198e-02
1.265587504221932225e-02
9.792654706509917872e-03
9.361866515809946776e-03
6.817220979464133634e-03
2.335074182633767315e-02
3.671217683458327663e-02
1.585669120897881257e-02
2.845290498754582398e-02
2.496901749051605446e-02
6.526847276645764140e-03
7.768921955259466827e-03
5.758074062390428072e-02
1.668556097610529587e-02
1.460931184868230481e-03
1.553171879824621904e-03
1.110918623999757049e-02
1.288574311576606846e-02
6.760683181864957092e-03
1.318959627025073633e-02
2.767772314584249216e-03
1.886691760187897415e-02
6.458013443176091606e-03
1.882430371267329594e-02
6.234637809038101608e-03
1.405974634595918982e-02
5.676830016709377702e-03
3.717336467505272246e-03
4.704679834925951099e-03
1.843986035917355437e-02
2.329127849714507370e-03
4.065670450955627402e-03
8.351192517539463012e-03
2.909120598445391614e-03
9.597280378019434899e-03
2.677888807173234298e-03
1.192988221956581274e-02
2.200358183342188134e-03
3.380224842408963148e-03
5.941475518500660691e-03
1.681903058462386191e-03
6.910684450148307789e-03
1.462415738636591023e-03
3.649782422563085937e-03
1.620181645082485744e-03
4.786901772313001402e-03
1.216090046472384500e-03
3.588042415620273928e-03
1.190619221192679156e-03
4.341277777684338091e-03
1.123052568794635775e-03
2.588832039358224257e-03
1.081347694698697737e-03
2.404897403916361753e-03
1.022981647136766981e-03
2.992264671999200765e-03
6.648447281941693987e-04
1.775550894808630709e-03
7.685718769748772772e-04
2.679429318623083311e-03
5.848561030703525176e-04
2.114068504015187422e-03
6.559603413414105688e-04
2.047310781155720072e-03
5.107824878469724439e-04
1.652078171505588777e-03
5.169475824331470903e-04
1.837155220567043834e-03
4.777676845494349678e-04
1.144161020536493822e-03
5.136828123423198278e-04
9.691918894612072677e-04
4.567002455618807133e-04
1.309901370203370163e-03
3.258918901025698034e-04
1.506876439428928016e-03
2.458600524459786385e-04
5.085965334314934694e-04
7.799106916916986876e-04
2.578142099142199939e-04
6.691794220553548556e-04
2.275490401846269606e-04
8.401501616901452252e-04
2.129450646254360535e-04
7.533058288841099071e-04
2.204648204386927546e-04
6.815544835354625519e-04
2.201081988765229980e-04
7.242028147407264527e-04
2.045587603415333078e-04
6.358978231357781397e-04
1.997844744826560159e-04
6.275652608125348308e-04
1.301956957877603571e-04
3.333442532101882350e-04
1.159872758650370983e-04
2.406834020651782424e-04
1.143342201177510731e-04
4.691070610441938626e-04
8.682574121010588897e-05
2.036383256549534337e-04
2.447452865065313787e-04
1.006048191938280212e-04
2.665322661929980796e-04
9.509928318196525510e-05
3.506244479986042606e-04
8.390496965282601138e-05
2.472658602329369515e-04
9.159719804652244335e-05
3.319435977665596837e-04
8.258640890823620850e-05
1.859052793448112695e-04
5.674896252327865653e-05
1.995792176705535326e-04
4.753546424940413573e-05
2.374429645914943876e-04
4.414542212793914899e-05
8.912430130225690306e-05
1.572411676874496678e-04
3.978965328532702017e-05
1.974460386783283283e-04
3.465097430488395247e-05
7.255924502103106022e-05
1.098821242088154904e-04
3.866963616672158821e-05
1.409268518341999510e-04
3.459840872865882488e-05
1.450148915136395544e-04
3.361896002918030035e-05
8.199889087034950563e-05
3.319963696923888818e-05
7.821021788934068297e-05
2.493632313949056822e-05
8.252796005070450747e-05
1.942514487862645467e-05
9.036959967190227871e-05
1.713893550592260340e-05
3.735527852866127319e-05
6.959367020964446482e-05
1.581802460914882857e-05
3.373721458665990269e-05
3.606782467702185357e-05
1.621508623372847069e-05
6.763551632604780650e-05
1.355363995114711173e-05
3.718069583957817059e-05
1.564512034957221687e-05
6.209274222934713094e-05
1.349346284273966745e-05
3.476922278100591512e-05
1.551551066714118576e-05
3.444842359556776756e-05
1.099098426138311879e-05
3.484344918014414816e-05
7.905676254971183425e-06
3.833811374021056650e-05
6.451655822692359266e-06
1.184050230518263191e-05
2.745652082292160401e-05
6.424263545357078442e-06
2.980396646368177471e-05
6.181390278636733626e-06
3.326009447568445410e-05
5.863934031791195878e-06
1.097905484592764935e-05
2.177367370004290592e-05
5.646374045542579267e-06
2.445900489667085509e-05
4.543898601161444617e-06
1.722713722718260954e-05
4.721968257626052434e-06
9.848320423166967430e-06
4.545248034504290047e-06
1.064959408925147955e-05
3.475815515963098790e-06
8.210049832979571249e-06
2.881221383033150119e-06
1.089658599606746492e-05
2.630561812266840604e-06
1.166425464194098538e-05
2.449090737433046172e-06
1.229083124620888867e-05
2.240448640611347741e-06
6.218894347487236018e-06
2.648791501469460741e-06
8.236483449608478224e-06
1.965413788385106386e-06
3.757214266153496851e-06
8.521317707566034017e-06
1.809346413361723194e-06
3.749311264011900846e-06
1.775049817243079531e-06
4.481107549580976013e-06
1.551859539206112970e-06
3.397995061882319590e-06
1.312685662835377798e-06
3.545035816454600308e-06
1.165844348838263045e-06
4.556169418412636674e-06
1.070730739960445987e-06
4.484987286668129514e-06
9.832380273300245221e-07
4.898479988191262180e-06
8.414896133235316711e-07
3.438805961986091120e-06
8.238807129856695610e-07
1.284052808747659924e-06
3.029097754181364621e-06
7.265298818115439872e-07
2.602704501697417072e-06
6.418572533473110298e-07
2.632002931712840166e-06
5.119544392861996585e-07
5.119544392861996585e-07
6.212778805385732461e-03
9.220395071368847617e-03
2.907843031330070716e-04
6.203532094539720987e-04
3.649758021834759170e-03
9.531132882082404834e-04
1.257821024833860601e-02
2.897292081735614033e-03
1.980048522548183421e-03
3.881238376427287307e-03
5.968726580659278191e-03
2.849663618812336985e-03
4.347977593091023607e-03
1.793102306083205200e-03
7.207970726312407095e-03
1.423127819509040215e-03
5.069397010741494292e-03
1.238029981745158992e-03
2.610646663176896531e-03
1.196045268395007355e-03
3.605930752430319686e-03
7.966055978745334443e-04
3.820366371276695538e-03
6.797480388939236562e-04
1.265582182028768266e-03
5.871476863686941883e-04
1.471670842883465724e-03
5.721103228378821015e-04
2.106217274539856632e-03
4.819059367769940039e-04
1.643484033113873366e-03
3.867020808719923153e-04
9.706433223806154587e-04
3.645343412987944731e-04
8.455143115259078357e-04
3.107519269811565010e-04
9.621615735763144883e-04
2.624965257506106653e-04
6.329733718718477675e-04
2.770486248544479224e-04
5.725926300220729459e-04
2.740778815021327475e-04
8.700305625922721831e-04
1.949405326041597775e-04
6.130393115345578181e-04
1.643770878665407054e-04
5.100329758774835298e-04
1.628161807142314288e-04
4.354648324879084598e-04
1.396355497668144707e-04
4.732788519237196567e-04
1.240586887132355542e-04
2.240311222289070869e-04
3.112760061131369937e-04
1.280027964194463408e-04
5.627471121796290277e-04
9.908221961762997410e-05
2.352071106230813058e-04
1.060873022744601712e-04
2.007853128119796438e-04
9.212645283240838978e-05
1.545584625156637415e-04
1.735167480740873458e-04
7.584427916718095020e-05
1.904472133157364411e-04
6.938419533697448571e-05
1.950050684975668247e-04
6.065601697491374011e-05
2.012145187434422056e-04
5.422645128938530235e-05
2.071063889410584835e-04
5.102224096220631111e-05
1.823388783300794458e-04
4.349050437846280204e-05
1.041753304265036206e-04
4.620439223190775380e-05
1.733133349960391811e-04
3.648685558166331333e-05
7.484110739330862572e-05
3.525911461554898096e-05
1.390997652500614024e-04
2.692068611176434700e-05
1.404169777761143934e-04
2.230573881223385513e-05
6.063583438054021002e-05
2.575878756894134369e-05
4.038024863606270998e-05
6.046079315491503792e-05
2.053551798220087932e-05
6.019408449409180406e-05
1.903022788707353641e-05
5.313704676912500702e-05
1.790877665608370251e-05
5.459331083945695440e-05
1.556234101585118879e-05
6.361349576777808323e-05
1.418603104752502730e-05
2.854258392381847642e-05
1.257023027745329813e-05
4.979051196496442344e-05
1.012447511805625311e-05
2.676503931176021922e-05
1.019244916333761353e-05
2.464981714223046794e-05
9.346622945383131764e-06
2.725977173223537164e-05
8.277433324654914770e-06
2.136361403048958607e-05
8.144213808125577714e-06
2.487267214901223156e-05
6.528364338231895658e-06
2.798311792850949331e-05
5.543527616502785804e-06
1.188107341920652260e-05
5.538962688400594914e-06
2.025934202753987279e-05
3.967781800451319896e-06
1.277107634389818003e-05
4.570394159464363781e-06
1.959971052767350841e-05
3.579613385595870056e-06
7.578770462757233872e-06
1.453687825447858017e-05
3.336762882000243735e-06
9.003966716547573412e-06
3.500424646585287292e-06
1.041801500079042597e-05
2.787592104147584848e-06
8.328576372340634748e-06
2.428711297075558662e-06
8.305750971215886125e-06
2.428135508214523952e-06
5.428915771932274481e-06
2.136078215086989474e-06
4.420700416840617208e-06
1.884982899547082980e-06
5.963906803296836756e-06
1.531585100855714643e-06
2.973459402255684836e-06
8.173237045383530130e-06
1.198034947469395206e-06
3.259536565436427225e-06
1.422708317377896492e-06
2.687631298292636473e-06
1.293172342542447950e-06
3.825841656257544798e-06
1.056550440581283112e-06
3.783994820927283342e-06
1.062540976426440409e-06
2.548743197161584817e-06
1.004395029591265143e-06
1.801506256948748330e-06
8.662801168624056913e-07
3.602630125443262443e-06
5.750154282724295740e-07
2.561321408744987593e-06
6.098056198888812673e-07
2.000555586412211539e-06
5.895054231430663094e-07
3.614192669920690548e-06
4.075060560104759588e-07
4.890695408654721632e-07
1.494095661302985434e-06
4.822163209849961163e-07
7.955772087786527891e-07
2.190973654836447793e-06
3.097655086881090369e-07
9.007356964740864669e-07
3.839574365116504850e-07
1.959183071331693782e-06
1.938130252954195498e-07
2.645309181703581203e-07
4.571502600914101322e-07
9.051993347108933108e-07
2.094768958293968808e-07
9.952317457928572253e-07
1.893210834769121220e-07
5.280678792018989043e-07
2.247765479301833125e-07
5.270584940708644694e-07
2.099270386413110145e-07
7.518103279924304161e-07
1.638097845146901932e-07
7.144592004681982189e-07
1.551950021827508408e-07
2.935289231675852761e-07
1.386427869176642957e-07
2.831582908147112221e-07
1.239772847716480442e-07
4.598343680273231371e-07
8.714239407847657048e-08
4.640366491059921827e-07
7.971991200506067798e-08
4.422762432954030487e-07
8.321671673972019789e-08
3.939975714573051846e-07
7.896388598549464177e-08
1.728946873447156918e-07
8.388348993193517344e-08
2.613661144179602047e-07
7.275354729774363705e-08
1.904139872443977310e-07
7.397309742529500909e-08
2.314746208043061415e-07
6.134336427709996542e-08
5.513883805097208324e-08
9.477970219773368399e-08
1.129500281082940205e-07
3.892684230510923271e-08
9.984864446366259472e-08
3.812411353276701220e-08
1.595206789994918495e-07
3.286598437846066645e-08
1.157904995219283251e-07
3.468750864321634708e-08
1.075438392783567565e-07
3.492437217200716759e-08
7.875610230634322306e-08
3.450426500073433544e-08
9.865264871677936753e-08
3.201883269632332940e-08
8.899633963110886725e-08
2.647353880558256378e-08
2.647353880558256378e-08
3.114216411609915802e-03
2.247143230010151260e-02
2.862901911816040368e-03
7.336209414894323544e-04
1.802907781835894063e-03
1.612838476437561397e-03
3.617764216787611176e-03
2.418157926121988766e-03
8.955500726371412590e-03
3.187265500194325085e-03
1.081499734431279336e-03
7.974421174719470429e-03
1.137739645011404122e-03
2.232347712186610877e-03
4.276725098741551712e-03
1.228433098479975172e-03
2.961187266618869884e-03
1.134534285535782061e-03
2.651874863581760167e-03
1.027897704406921520e-03
3.358557353735025508e-03
7.077734219133047233e-04
2.633863404298275590e-03
6.705523844441341197e-04
2.622549516568928318e-03
4.715981158314175303e-04
1.034990960652293346e-03
1.018685737454783080e-03
1.733851403834640870e-03
4.581120122668647099e-04
1.499250457945078274e-03
4.474065260759996221e-04
2.008978684969964235e-03
4.096830742347234988e-04
1.041327261303903740e-03
4.709353143274030984e-04
1.309914492975017275e-03
3.002907032969570622e-04
6.260863697378216131e-04
1.113979830800304605e-03
2.773154894399887382e-04
6.586420465467535124e-04
2.948797019625137850e-04
9.282976735788261990e-04
1.844367713930150643e-04
7.494775453054103309e-04
1.957238824140672406e-04
4.955924683964774147e-04
2.149791166611292326e-04
8.798254777666603133e-04
1.765436057759028898e-04
3.486911863709307724e-04
1.571467450980357228e-04
5.067702997543221954e-04
1.225694131632426576e-04
5.506576318944356174e-04
1.180086970985483319e-04
3.265186903457228951e-04
1.274407173615932365e-04
4.414168011506180989e-04
8.316326890089875690e-05
3.040211238993784093e-04
8.328409689140059413e-05
1.593017169396748756e-04
3.552542146786352717e-04
6.841808503477153636e-05
1.521101033961080873e-04
1.533017954147286588e-04
7.253990740907489965e-05
2.709658697659378390e-04
6.174101559752731561e-05
2.496509621283671265e-04
5.025572105021858249e-05
1.304894914908594217e-04
5.753880195979999002e-05
1.112254346401497784e-04
5.177974554249065164e-05
9.506078597731892899e-05
3.786289115426111351e-05
1.392360922098934140e-04
3.441733632547627764e-05
1.497946339373834590e-04
2.793988295468619043e-05
7.975913049762528573e-05
3.151133304646336342e-05
8.287806583273660266e-05
2.748025715670898705e-05
9.348816857801534042e-05
2.428680947219596931e-05
4.724415106038826195e-05
8.337939690128415293e-05
2.094032980248794473e-05
4.983695228755191664e-05
2.215454675147388031e-05
6.346028073722642660e-05
1.558214924801681889e-05
4.367906714464186990e-05
1.551528533860757619e-05
5.522751507258671921e-05
1.293811186653393008e-05
2.657825244156697408e-05
3.017908115654499568e-05
1.273356257491808918e-05
3.109724663097335196e-05
1.206276701182229516e-05
4.132646450649701819e-05
9.929146560061496984e-06
4.123015427803800037e-05
8.858806683553765993e-06
2.538849401401144235e-05
9.552734227313841586e-06
2.158014046182987755e-05
6.835155907380929818e-06
3.367226016559587976e-05
5.859294963994621241e-06
1.118523791343584151e-05
2.491752684563586229e-05
5.016667073864944371e-06
2.148875705132446967e-05
4.973727819379547554e-06
9.109704615650748849e-06
1.880812030652379008e-05
3.928879009240660025e-06
1.040975815780331715e-05
4.449999693623141184e-06
1.086051876808546979e-05
4.136728479209317300e-06
1.706671627355049736e-05
3.484952289189990893e-06
8.646074337037568114e-06
3.078404593792605226e-06
1.276996606491831443e-05
2.215734267840829830e-06
4.251320306236650026e-06
7.685875956564558464e-06
2.125788221341018414e-06
1.012135800415592257e-05
1.648033605694543269e-06
3.570305046496358159e-06
5.246158618188445644e-06
1.857172623354053087e-06
6.443663774891028595e-06
1.639646920570392297e-06
4.221569957496562608e-06
1.631305142191230573e-06
7.230205318342619591e-06
1.334086299320524915e-06
3.413999553614210924e-06
1.433993515820297660e-06
4.797676810497364386e-06
8.466204424184553545e-07
1.588889931847248249e-06
2.875931975232504101e-06
7.855360267816635655e-07
2.835920158372751132e-06
6.757593596917743639e-07
2.075797966849535214e-06
7.347693148362921534e-07
3.054073841934901168e-06
6.498571359925264801e-07
1.628922877805472069e-06
7.482116104462477324e-07
2.449258211356664106e-06
5.897671817578498121e-07
1.380305690301675270e-06
6.256570052043386454e-07
1.073373525506404746e-06
3.801832714200870100e-07
1.346277115787941625e-06
3.231214407151128398e-07
7.848705815272083441e-07
3.500140279832919532e-07
1.025963307643706912e-06
3.201888268966612827e-07
1.051078823088857916e-06
2.859776863095575550e-07
1.234592097443254488e-06
2.573584719778310159e-07
6.811212597268578861e-07
2.910915707365901994e-07
9.409593232367896576e-07
2.485406457308769745e-07
4.254890892951834758e-07
1.767796834473145395e-07
3.562220186603681782e-07
1.648693361833153403e-07
5.730163880057759229e-07
1.312824053911754163e-07
4.040829449936111928e-07
1.441035187843553445e-07
3.153799345012586741e-07
1.349333244027306478e-07
4.779549808153760182e-07
1.182134802268919316e-07
5.215441536421394630e-07
9.947032708623737562e-08
4.026291243741653147e-07
1.053982831011879284e-07
1.669828325612243702e-07
7.883805841490953981e-08
2.204105005176870691e-07
7.371759613850059623e-08
3.212624217763249135e-07
5.400648439568556114e-08
2.052390560836059308e-07
5.921180223911193252e-08
1.011973591591441846e-07
2.063847672761909280e-07
4.827763466774825929e-08
1.761178098913518397e-07
4.414901177973717949e-08
1.194570645735026915e-07
4.658345720276457769e-08
1.889753810102590137e-07
3.969576078954872855e-08
1.650466403546602123e-07
3.073739318626422801e-08
5.421383231229981448e-08
1.089961412237272498e-07
2.365300699747052704e-08
6.249856809859011264e-08
2.503691798327878359e-08
6.625553028438702086e-08
2.449857294806179198e-08
9.052044802615455410e-08
1.920149683698468834e-08
6.169143085266171056e-08
2.084076144992508262e-08
4.509617812509247869e-08
2.086185069138934978e-08
6.510674543935834890e-08
1.655787051912938068e-08
6.368522142974342160e-08
1.187628861920586587e-08
2.580837155097270852e-08
1.157081053193564912e-08
3.191014297243555120e-08
1.124396986629250250e-08
4.579744383725881107e-08
9.728721495072534253e-09
4.259416208629573930e-08
9.605945039403707142e-09
3.783969804160847161e-08
8.525312900076187361e-09
5.208549491708680534e-08
7.433182180882624834e-09
1.350972267388783621e-08
2.513411134774656830e-08
7.090131148856926302e-09
1.633330970474133892e-08
6.143186515039644746e-09
1.995314646840995465e-08
4.919882057308200274e-09
2.199448623230182420e-08
4.444297707628663829e-09
1.337393207290205055e-08
5.202765440692758148e-09
9.935301137353746981e-09
4.617375259918787833e-09
1.941369265345826989e-08
3.751064570067796922e-09
6.936469176821447036e-09
1.359777168641329581e-08
2.985969027591295344e-09
8.177294286149106028e-09
3.253260549840319982e-09
8.223667191664674192e-09
3.149275062952483495e-09
1.116274395140948172e-08
2.462188786189756229e-09
8.975973853075913667e-09
2.149184274991000621e-09
5.667449065605012493e-09
2.263693343884654041e-09
8.852280797277956026e-09
1.831640839000669985e-09
4.409684728479135174e-09
2.127600207124658027e-09
4.137070575005452611e-09
1.746367384036773274e-09
7.282724645563121157e-09
1.210596400902375080e-09
6.159800114424740514e-09
1.262482896002836696e-09
2.101389395825492556e-09
4.016288746022667056e-09
1.023407580902357950e-09
2.825988998367279237e-09
1.013826578244447774e-09
3.178048602059391214e-09
9.190622707322404494e-10
3.598851328057151022e-09
8.824772024240701285e-10
2.758179573625341163e-09
9.305319847996429417e-10
3.114100199930192048e-09
7.521008260624739705e-10
2.525520237384171196e-09
7.560007064810747579e-10
1.613014055656947221e-09
5.651659140681886129e-10
