5.936875247790295296e-01
6.000269000704239186e-01
6.295175858665107427e-01
5.545733988547334459e-01
5.038030166977738311e-01
4.942388939083818267e-01
4.273280730190952559e-01
3.024341060737181230e-01
1.345978277798083322e-01
5.943626316097283535e-02
6.676690343608382427e-02
7.543155930386769015e-02
6.994927877342171918e-02
2.484657961829395134e-03
7.400011295770958508e-02
3.428672127830217908e-01
6.094764236718952510e-02
1.721915380954192054e-01
2.612256074574470510e-02
6.171423175660550875e-02
1.927236423580347413e-02
4.974681885645260149e-02
1.000659657756441945e-02
2.830045350308263430e-02
6.064331218740282026e-03
1.432679975447614940e-02
4.240862104410103584e-03
1.229417256296549965e-02
1.287519147647908646e-03
3.105402515077737569e-03
1.238139419681094644e-03
5.089093867204796950e-03
6.210399400679023074e-04
6.688356470372358586e-04
2.508595767766630402e-03
2.939741353537028701e-04
3.431168947790608215e-04
1.262550978017862313e-03
1.520092575533205093e-04
1.999229908555832935e-04
6.452150503941656012e-04
5.870965023369034697e-05
1.077931068599324860e-04
3.182675710879934172e-04
3.455679187269744546e-05
8.250001490384128999e-05
3.541075012547523215e-05
1.287649976819960074e-04
1.179299612497075600e-05
1.294875411461671177e-05
5.911463363317270847e-05
1.115093507264575123e-05
1.193995982484707952e-05
5.882351499009175200e-06
2.885800426932760843e-05
1.608577783529518967e-06
7.126840465554451498e-06
2.460665797565653179e-06
9.922380522109364165e-06
1.931331852222939460e-06
2.725668720948704049e-06
1.139490841239876318e-06
4.672458003951440730e-06
2.821708575684311882e-07
