1.634339397448826281e-01
1.634348963832605861e-01
1.634391584916299323e-01
1.634391115461422128e-01
1.634345574954627622e-01
1.634350082260236370e-01
1.634348217552900051e-01
1.634342736157736731e-01
1.634342008433604665e-01
1.634388394435559722e-01
1.634339397448826281e-01
1.634355752552527630e-01
1.634355905200826076e-01
1.634356947790491787e-01
1.634365475387945521e-01
1.634349431260853081e-01
1.634346125317750476e-01
1.634345741252347661e-01
1.634357080554738051e-01
1.634401597176109444e-01
1.634349364071945310e-01
1.634339397448826281e-01
1.634344476877351848e-01
1.634386820945159524e-01
1.634351440201883277e-01
1.634372147722411572e-01
1.634367431704994988e-01
1.634342363516652075e-01
1.634350874133063680e-01
1.634347051579887466e-01
1.634366942794026611e-01
1.634339397448826281e-01
1.634361796069930817e-01
1.634361341246450827e-01
1.634371602504383070e-01
1.634348415516405639e-01
1.634349897458788892e-01
1.634375936222902670e-01
1.634343595604993427e-01
1.634346146965015567e-01
1.634450662194320003e-01
1.634352030092052210e-01
1.634339397448826281e-01
1.634345043573445233e-01
1.634378658560604602e-01
1.634412982841703110e-01
1.634345830694773349e-01
1.634345356217402623e-01
1.634347019043171922e-01
1.634342139721310927e-01
1.634346729126483488e-01
1.634395469168924420e-01
1.634364362041141883e-01
