3.052110921356108175e-01
3.032798970575658615e-01
3.052549564312830865e-01
3.052184416775501896e-01
3.052124029557801155e-01
3.052087916913557297e-01
3.052061836756690960e-01
3.051826885736550476e-01
3.051378050448390056e-01
3.037107455320559035e-01
3.043219576883017252e-01
3.041700056636607030e-01
3.039667872094544698e-01
3.037257577535766861e-01
3.034494702661086896e-01
3.031378269173927720e-01
3.029602844877123946e-01
3.027732274802841239e-01
3.025841221033456208e-01
3.023905389224039730e-01
3.021992177163816962e-01
3.024706686056598537e-01
3.022852668380665575e-01
3.021351626253475642e-01
3.020048435778109885e-01
3.019919717165662210e-01
3.018754616277384839e-01
3.017728854182571974e-01
3.016763824013690698e-01
3.016445285615430016e-01
3.015692102392316665e-01
3.015463158527005305e-01
3.015099411851791533e-01
3.014996798110863852e-01
3.014908113072708451e-01
3.014986813775711871e-01
3.015101089374704335e-01
3.015621501097515145e-01
3.017179742700103473e-01
3.018533622278679607e-01
3.020978589929582681e-01
3.016580827761515815e-01
3.019397989418168837e-01
3.016591930997700732e-01
3.014908113072708451e-01
3.020157588912106839e-01
3.014909114062018780e-01
3.014908034644115942e-01
3.014909238878149544e-01
3.014908667732671965e-01
3.014908773407968257e-01
3.014909169658696042e-01
3.014919173577905731e-01
3.015725317670825412e-01
3.018613720948459811e-01
3.016545648092360254e-01
3.014908034644115942e-01
3.019985561967882814e-01
3.014908656024517519e-01
3.014908172508757866e-01
3.014907438020505426e-01
3.014908783364369516e-01
3.014908652252147325e-01
3.014972301805115551e-01
3.015920262026371423e-01
3.015304480279970001e-01
3.020854374306437551e-01
3.017320950438162619e-01
