5.221193463888140762e-01
5.272743283654587332e-01
5.150366105894874647e-01
5.081826301980887362e-01
4.955042281378806424e-01
4.837778318611393180e-01
4.563518414232142772e-01
4.253466851748091138e-01
3.619281776603759937e-01
2.991014133106949524e-01
1.767277189744876909e-01
7.561386452781293510e-02
2.081923079420477940e-02
2.980172769144540101e-02
3.152345822238908912e-01
1.413668208872020937e-02
1.579410128050072748e-01
1.837931083120181164e-02
1.182443215947248660e-02
4.159551889078016984e-03
1.115468901563536619e-01
1.908043334511733136e-02
4.203935452472662426e-03
2.032972551443945619e-02
4.210651693909017723e-02
1.319970362525246799e-02
1.840752292805047929e-02
7.408265271805714036e-03
8.444383970673374762e-03
3.970560153079061294e-03
1.075701146418350795e-02
1.243779669983791081e-04
9.578291331091559613e-05
2.405259182199248613e-03
4.327097887595554582e-03
2.041602145039345118e-03
2.108242777040469917e-03
1.040445868060846379e-03
1.034603595150285216e-03
5.067885344157696537e-04
5.307520729109782565e-04
2.451391997698726399e-04
2.736330883732485120e-04
1.148799569482550353e-04
3.387352545827226891e-04
1.007029718458340994e-05
2.945549678434744578e-05
1.345561415038165620e-04
3.783052459538360779e-05
7.733894971528876283e-05
8.946253058805808678e-06
2.860123064529762615e-05
1.394129033127633477e-05
1.508695380492142135e-05
6.647797157977031191e-06
2.580082844427789013e-05
1.176578896533442276e-06
3.244687874159879470e-06
1.108072803335247158e-05
2.197142260129680835e-06
4.441474535377132327e-06
1.391044669674101897e-06
