3.052110921356108175e-01
3.073066164049742532e-01
3.051635416431205394e-01
3.051959754181474693e-01
3.052790679875871938e-01
3.052136287785575108e-01
3.051999049957887511e-01
3.052096426759897119e-01
3.052082320859687004e-01
3.033799658823586043e-01
3.032330796806546047e-01
3.029265390559444660e-01
3.041211437330689771e-01
3.039565534750946485e-01
3.037138841918773924e-01
3.034338514880134952e-01
3.031175888029736809e-01
3.027739954147340429e-01
3.025819352897134440e-01
3.023700706323614318e-01
3.021763244112256608e-01
3.019847553902251791e-01
3.018131060181654668e-01
3.020778378525033059e-01
3.018973764101259283e-01
3.017691526023174031e-01
3.016680378678999741e-01
3.016589368329196663e-01
3.015824009394856287e-01
3.015341033764025180e-01
3.015049382896157759e-01
3.014973651118263431e-01
3.015145729316784928e-01
3.015279400881534233e-01
3.015834422790578673e-01
3.016004351706303988e-01
3.017455665480897053e-01
3.018887970394764642e-01
3.016848556834010875e-01
3.021041158947220806e-01
3.016244058840594766e-01
3.014973651118263431e-01
3.017340685686438206e-01
3.015057260557194585e-01
3.014971611983365829e-01
3.014990543506201881e-01
3.014983169058905732e-01
3.014988285527336886e-01
3.014976741795458715e-01
3.014974923383804128e-01
3.017933986872177732e-01
3.017083964785801653e-01
3.014971611983365829e-01
3.014511510586962428e-01
3.015019163604383268e-01
3.015888021704346000e-01
3.014623674935633657e-01
3.015698410560126996e-01
3.015951638345323316e-01
3.015660444513424965e-01
3.014010476496308266e-01
3.020026774946276138e-01
3.021995387990995541e-01
3.017286242797030393e-01
3.018656940440737069e-01
3.016028054903332478e-01
