5.936875247790299737e-01
5.799749516200050081e-01
5.483874651237131692e-01
5.315836436374825613e-01
4.946743198480915149e-01
4.536143341843204002e-01
3.764704613504789021e-01
3.079441764850564534e-01
1.750137377017600970e-01
5.988734104368609312e-02
6.569635087756009462e-02
5.710276308867734407e-02
4.560693308632446374e-02
2.806576781294800593e-02
3.654737673600798598e-01
4.628137844455718630e-01
7.291602658481810550e-02
1.367993104572162721e-02
7.639167799905588474e-02
2.357415271582700145e-01
5.898590612959986323e-02
1.091547997085401400e-01
3.197016546214359600e-02
5.366300270046064913e-02
1.425749312608948216e-02
4.605426465757522791e-02
5.887850893199431113e-03
6.527127609516125695e-03
2.841000202509491590e-02
4.037580911961491381e-03
4.644905631894236109e-03
1.396966210124772623e-02
6.988629563126069755e-04
1.324278523834210297e-03
6.206532882490067848e-03
1.532120375598688966e-03
3.590283819236761431e-03
2.653901486917575880e-04
8.834572602141044229e-04
3.349965930110609946e-04
1.293652697987868194e-03
1.984059243145264162e-04
2.688293898219784595e-04
1.173249512322893651e-04
5.822331473138708802e-04
5.401256417503219609e-05
1.340657740069861603e-04
5.135306669079575670e-05
2.226093465491629786e-04
3.227824683860180954e-05
3.509066202145305624e-05
1.186769483384475521e-04
8.861341513011211646e-06
1.151017503731033287e-05
5.272637922271172783e-05
1.102314499323853170e-05
1.384088407518913044e-05
5.244671640980413940e-06
2.514763343852699506e-05
1.974445000607616407e-06
5.682403119489087828e-06
2.010710998479048328e-06
