5.936875247790299737e-01
5.501328178773308153e-01
5.760242654542665486e-01
5.284897193344942901e-01
4.894638828294701760e-01
4.563231372837629474e-01
3.843293172374184774e-01
3.069562809432709871e-01
1.722707256973798895e-01
6.983714077815161847e-02
5.893394747177560511e-02
6.185860564563028241e-02
1.624535675510927479e-01
1.159679695361282015e-02
7.610026987515317032e-02
6.801534160005684448e-02
7.245346280520648108e-02
4.088842939942183285e-02
6.206613105818448162e-02
1.260454537351274329e-02
5.397880299320412245e-02
2.216161118643378281e-02
2.556289154476110159e-02
1.146405882256518183e-02
3.217337365462213938e-02
1.178310941665206002e-04
2.728902708911684627e-04
1.269132395192207330e-02
5.741679844595726223e-03
6.340676514560272814e-03
2.799933567912971100e-03
3.241827840645639114e-03
1.309168571606234011e-03
1.711785039656965601e-03
5.588445200326308537e-04
9.516413990756644736e-04
1.824510627823627829e-04
3.344987080824424197e-04
1.197821542991972521e-04
4.202240299977511029e-04
3.200410844272916222e-05
3.327807393005421943e-05
1.833965081154964594e-04
4.246871793078810242e-05
1.081450903874792147e-04
4.801396485953901561e-06
6.891831563771155800e-06
4.327484138766379829e-05
1.318783752290997313e-05
2.445163750386392110e-05
3.778835391043955383e-06
5.017971340004478975e-06
2.401229852289077371e-06
1.108597178278714068e-05
8.052128680491321688e-07
2.626050736864726787e-06
8.510629619928877787e-07
4.001208016690682712e-06
8.013411698648553738e-07
7.411468290197120723e-07
1.352173491842023623e-06
2.405465415300511722e-06
2.363010787043151595e-09
1.842904102655751331e-07
8.696456915702199808e-07
3.384937932171538932e-07
4.669024649128772353e-07
1.371560043317288091e-07
2.012590361033517183e-07
3.837244533233530319e-08
1.630052109957702555e-07
6.503009952751881428e-08
8.505068005426608124e-08
2.823849287736379665e-08
2.557218725662835368e-08
