7.178147063857081012e-01
7.295817453025805754e-01
6.562995959856683381e-01
6.010636933797595116e-01
4.674063668358408030e-01
3.453016803718027550e-01
5.191266076341971569e-02
2.861843519068281161e-01
6.861924022411058921e-01
1.960840585481919973e-01
4.717622864543440375e-01
7.861371849267151379e-02
2.252001125725013875e-01
9.330868876712972160e-02
1.190843566827848310e-01
4.074077828368438681e-02
1.649448454308217737e-01
1.539966247920077080e-02
2.863255714233081672e-02
8.562047386467397381e-02
9.634234218901971403e-03
2.147602198567777343e-02
9.482694473881281283e-03
3.450379006102100021e-02
2.880777871610118446e-03
3.179579869075466192e-03
1.546610655274915924e-02
3.255789350545601479e-03
9.218958778734909210e-03
1.396544158254187096e-04
2.451224834212339942e-04
3.368777736418415714e-03
1.317746582875201078e-03
1.807036654813076737e-03
5.363898370089881240e-04
1.026002461071096050e-03
1.457514859253272732e-04
4.583516005125520820e-04
1.570839965858716880e-04
1.949948130711698369e-04
9.100148576535183054e-05
3.625972388880960295e-04
5.916924714299831578e-06
1.212290951363437230e-04
3.075453818546236562e-05
