2.146784277073126024e-01
2.331913870674537925e-01
1.704683566633640179e-01
1.339437032224972679e-01
4.998860433899254829e-02
4.243005038983749255e-02
2.425379776526860320e-01
2.208013759650520047e-01
9.855340923984057255e-02
1.020172445691766017e-01
5.467693058722344901e-02
4.623157462295013342e-02
1.531278728602768480e-01
5.093732890885327436e-03
8.869368501292163032e-03
5.257900075993626743e-02
1.710243473714889717e-02
3.046964018197306778e-02
4.811014040877248377e-03
9.299058033627294328e-03
4.687892387618575185e-03
6.045867071316157748e-03
2.632249271403708235e-03
1.202833586954787926e-02
5.425565469963089527e-04
2.668797606034889469e-03
7.911150866154459393e-04
3.990892653901401133e-03
9.950189158749456197e-04
2.316592014250051790e-03
1.717525034268252426e-04
3.852068797425278746e-04
1.120979548709710727e-03
1.255138442969316870e-04
3.810211856142275977e-04
1.706942437795788692e-04
4.641552724408137820e-04
1.514406176417182337e-05
