7.178147063857081012e-01
7.469901610882583309e-01
6.603623255191060082e-01
6.008363086587367174e-01
4.733924280491215164e-01
3.473270336270883885e-01
5.720990362227929005e-02
2.348967923003323355e-01
6.470199272837072746e-01
2.126409437799903213e-01
4.674144802952715505e-01
4.903301089093126119e-02
2.113686530066828384e-01
1.034198996714921215e-01
1.104414412433145642e-01
4.934876287332068401e-02
1.559364344390117285e-01
4.322057133804291240e-03
4.421901815111706213e-03
5.769109793912363671e-02
2.221156500483945084e-02
3.118746605782840575e-02
8.824389670604615432e-03
1.787974924702440127e-02
2.138711451203256786e-03
2.856825032323651037e-03
8.983890147455042552e-03
9.981045099536345333e-04
1.069022712512524009e-03
4.540923098183879958e-03
4.682136405069758922e-04
1.201814644324117332e-03
7.821061282105024048e-04
1.114497177773565717e-03
6.335949687414910159e-04
6.708542951986418146e-04
2.808093084257778926e-04
1.382128428111029095e-03
1.360674023909158592e-04
2.709486690930518193e-04
7.011745762290910733e-04
3.370135606450830323e-05
