5.936875247790299737e-01
5.458593061163189430e-01
5.961629083398409801e-01
5.428820644858244338e-01
5.116883907340598059e-01
4.489165930184910724e-01
3.579514140689142865e-01
3.138402451339976640e-01
1.857508215331699075e-01
3.883388918616292873e-02
7.294169101324943227e-02
5.458171732964123279e-02
7.055756850706806915e-02
6.612698018197016303e-02
7.100104069405999141e-02
4.679758887760798736e-02
5.577339827702643138e-02
3.561636788467881232e-02
5.889176042647092935e-02
2.718507294055094725e-02
6.885837110202164268e-02
6.034169489188556668e-05
1.119762787824907235e-02
4.544722588072136471e-02
1.182559160326346337e-02
2.461322343236627130e-02
3.409271573057592875e-03
1.371540214972921667e-02
4.608867897244239842e-03
7.853010590288089787e-03
1.402914012504585806e-03
4.847700182132874680e-03
1.382370139466626568e-03
2.820300028687050542e-03
3.366795406862799211e-04
1.671926082755459397e-03
6.238769528705834233e-04
9.032806063138387742e-04
2.433571945470447417e-04
6.387932624491998723e-04
9.219667688431520958e-05
2.755305101097560438e-04
1.137785065863372580e-04
1.456653890702375165e-04
4.895333951870917133e-05
