7.323441036043131236e-01
7.319474882851265685e-01
7.320668430065994103e-01
7.326984819223165690e-01
7.327596966931209099e-01
7.327192121786878509e-01
7.318251606386118047e-01
7.323322794213344977e-01
7.327313808851836363e-01
7.321228340735370654e-01
7.321405023319100813e-01
7.318020011105886846e-01
7.316514977415896626e-01
7.318008031865130825e-01
7.316514977415896626e-01
7.331391688585436883e-01
7.368938890220582127e-01
7.322390469278932112e-01
7.288020495235345564e-01
7.335903492363863299e-01
7.281300591722572602e-01
7.322945635787463381e-01
7.282660101199063263e-01
7.246821324591352642e-01
7.227312144888338175e-01
7.247379772179280977e-01
7.221962739687243227e-01
7.200208733968136432e-01
7.209331227664637076e-01
7.154043166141701438e-01
7.120016420162748050e-01
7.124389771726740150e-01
7.142052940581659071e-01
7.107784350779502436e-01
7.082115486769233748e-01
7.049434636790532505e-01
7.013989681840540058e-01
7.027725206235457822e-01
6.888688358608245910e-01
6.813416560108143116e-01
6.910425723530052577e-01
6.837202393334613770e-01
6.829066251748512340e-01
6.773846223945485523e-01
6.721034920542354740e-01
6.673723039886589881e-01
6.607462565840261925e-01
6.549543103340464967e-01
6.461307713281880805e-01
6.471473604334934127e-01
6.301253478970798572e-01
6.180570772188263007e-01
6.285446113920452049e-01
6.221090140892664433e-01
6.068537357577836744e-01
5.953946436372128392e-01
5.855108230144676629e-01
5.712711063976797510e-01
5.660531831202553210e-01
5.496143729253879506e-01
5.473820775738575950e-01
5.294750007812805137e-01
5.384867483894704154e-01
5.081372766612015646e-01
4.877288793158964797e-01
4.936048608355934064e-01
4.665252792744641885e-01
4.443961634570342545e-01
4.237820687908155914e-01
3.963924925621706841e-01
3.988846963392621570e-01
3.762202395437139746e-01
3.490492816062689130e-01
3.551022817230495843e-01
3.199168333270434594e-01
2.916667054653745428e-01
2.713097554834454916e-01
2.395140724556368284e-01
2.453835376365647303e-01
1.936617510649628615e-01
1.605776295559563360e-01
1.690676224427308805e-01
1.584324245997906777e-01
1.332618101053677506e-01
1.065332670175405116e-01
8.116469506043966220e-02
8.116309318598347033e-02
5.880591812686064568e-02
3.543128864662825617e-02
1.710158607083200888e-02
2.250150655401772504e-02
1.469144907173247638e-02
7.729477455949429476e-03
1.305445135597260720e-02
7.235237707645669758e-03
1.412240876179293725e-02
2.960489896282914035e-02
4.884720250196217251e-02
5.250143185737232709e-02
9.096822369692236787e-02
2.758929780832042322e-02
7.083032136877698282e-02
2.683636692549840053e-02
6.063271464088892948e-02
2.537880140059212142e-02
2.615725926988810013e-02
1.499149836955737669e-02
4.385453258842175739e-02
1.338162770372530730e-02
4.351425307774048346e-02
1.292041031782098504e-02
3.303318059550952590e-02
1.343031564355634533e-02
2.880494151716805895e-02
1.206451989313883644e-02
4.045797353564339893e-02
8.256769919466666607e-03
2.575591617855199633e-02
8.381753514731138388e-03
1.617163436082724726e-02
8.325944620817260500e-03
2.408318578603330096e-02
7.678996557268447098e-03
1.979626441985127272e-03
2.912092847171754428e-03
1.388295048647625318e-02
7.568345558623845726e-03
9.434286798392643725e-03
5.648331892026736689e-03
9.860871286293648730e-03
5.238212666899166869e-03
5.520065378679994694e-03
1.064296715223156387e-02
4.925769635173882222e-03
1.066155958507786217e-03
1.682019525496292189e-03
7.089987356454940937e-03
3.250670686887002780e-03
2.850069334352833827e-03
6.543486391327069107e-03
3.286730140491078700e-03
4.461952906267607766e-03
3.712101722554983496e-03
4.528086048631974059e-03
5.532102732795030064e-03
2.334037651494980103e-03
5.404326742815102058e-03
2.065277752197225425e-03
5.652648261311399303e-03
1.997997957961961113e-03
6.503937115761471155e-03
1.520980817802719542e-03
6.067329492598361185e-03
1.307854984237355467e-03
6.934032654002053597e-03
1.229621978757977629e-03
2.726354819092668968e-03
1.291243424404342477e-03
2.760439727509389485e-03
1.081439600452149818e-03
4.370978867689112590e-03
7.950482822614013401e-04
4.189972339009861990e-03
7.854198461274553011e-04
4.362547380694081767e-03
7.663951454353057358e-04
1.648886596365972679e-03
7.512347630012072841e-04
9.033468444878955950e-04
1.638272775281834903e-03
5.950916451914478600e-04
2.312162115392646378e-03
5.046827446125723426e-04
7.062226335691201839e-04
1.478534227864924944e-03
4.648399506730349628e-04
1.359983890962368491e-03
3.842708391242899424e-04
1.460589719386784502e-03
3.188794784478865552e-04
1.543268907831407688e-03
3.077826951874973460e-04
1.650750188588845369e-03
2.905837684992196301e-04
6.382268447365779807e-04
1.483634903268860050e-03
2.669855989264613427e-04
6.429873045556977473e-04
3.037527951474938703e-04
8.629403213312736298e-04
2.614406616676667738e-04
9.976034081976559165e-04
1.997650659897320935e-04
1.149386358261117458e-03
1.685748317041824151e-04
2.366243167808423919e-04
5.778614184858144043e-04
1.300438256094382794e-04
5.210437767166897771e-04
1.292601830759076975e-04
5.468371335400901145e-04
1.252232395801966547e-04
5.877069579788285481e-04
1.156298167070968219e-04
3.984947507869041061e-04
1.186396070701478678e-04
1.631735102988196573e-04
3.730006197518731526e-04
9.919416286163773577e-05
3.565217453844748974e-04
8.049558906986220563e-05
3.576047683900851482e-04
6.395707550677087738e-05
1.743005702808941848e-04
7.643248474664687819e-05
1.299237122575069847e-04
6.165944887415175657e-05
2.253368235001218522e-04
5.314250844856704958e-05
2.370203034403051134e-04
5.019745830392441377e-05
1.534444708873872187e-04
5.381301988438558226e-05
2.234613754282799292e-04
4.639654398230774746e-05
7.986207750199092459e-05
1.387685602703969678e-04
3.335421129624371872e-05
8.399565327310565266e-05
3.765809637157335743e-05
1.282624491565353964e-04
3.181202646662661948e-05
1.159866055950864450e-04
2.627530411214440420e-05
1.098048365039128171e-04
2.566115015756320616e-05
1.483655478363710145e-04
1.842677485730526143e-05
3.445944388025257155e-05
7.213650686566097647e-05
2.205161188073567757e-05
7.425244311021206300e-05
1.979740336444102411e-05
8.332970341973222617e-05
1.435727070320247378e-05
3.049995855652909427e-05
5.240015587626434268e-05
1.448555548277941085e-05
5.775540256458544519e-05
1.321186360103698831e-05
3.291053118659181820e-05
1.463680601543337900e-05
4.554670875966948529e-05
1.122305218637098534e-05
4.037371072784790016e-05
1.135734570012481015e-05
1.509643309338670747e-05
3.116612366349524876e-05
8.514216149224651531e-06
2.645434238190969012e-05
8.167751943677359350e-06
2.182363145186716480e-05
6.727610302403874698e-06
2.368958989185099284e-05
6.317478224215911098e-06
1.213996966964447921e-05
1.435150028028520097e-05
6.804404810822894945e-06
2.822050228057371157e-05
5.003861793917430134e-06
2.996636839580624212e-05
4.349316761520505281e-06
7.814975691688985648e-06
1.733171147555445657e-05
4.751266809099874422e-06
1.515635997428876891e-05
3.457374688542458330e-06
1.083252476419271915e-05
3.638890174073594608e-06
8.974689772567323587e-06
3.585766919389499208e-06
1.044609880196389895e-05
2.896820409548084285e-06
1.161585864462022499e-05
2.764275820243966564e-06
9.056214055225275672e-06
2.761650995219966376e-06
5.325933208455424506e-06
2.344128988029936522e-06
8.853344614978553295e-06
1.904397235907850927e-06
4.841583888470779584e-06
2.025720580500767198e-06
5.486748293925813869e-06
1.573528280895963860e-06
3.454999705776451435e-06
6.425960981548684003e-06
1.391556082586120624e-06
3.476748232311699383e-06
1.640922600243399643e-06
2.890602798344410473e-06
1.366018838822036230e-06
5.634254039765806965e-06
1.065563762780996626e-06
2.634159342762565359e-06
1.231854128036502516e-06
4.026034005844003616e-06
9.624108113781559837e-07
4.218841991199262509e-06
7.775356553052503727e-07
1.707075218959630547e-06
7.888401768463282338e-07
3.243653604934060297e-06
6.398597451884313614e-07
2.680240052566063014e-06
6.550435514007801885e-07
2.078612097555776472e-06
6.074728884364333226e-07
1.767690180232150965e-06
6.188145447172388458e-07
1.979953045960769487e-06
5.267645822870647976e-07
2.238530123155335616e-06
4.163232407705663718e-07
4.163232407705663718e-07
8.866001423780689450e-04
1.787930447258656574e-02
2.423920530945089524e-04
3.325192684422439982e-04
3.441644634216700638e-05
3.687268728919113059e-04
4.239105490859707004e-04
2.735363239398935775e-04
1.420023248852508857e-02
6.420624647931805207e-03
8.890109976430138339e-03
2.819563095526111951e-03
4.497667847578878941e-03
1.188302659226758706e-03
2.335576819420093209e-03
4.704364920878889578e-04
7.074878607036261258e-04
3.181355030950072660e-04
5.976959732454378837e-04
2.107042459351671226e-04
6.445372724960263255e-04
1.801375399268501099e-04
6.593837460293627828e-04
1.492091652237625965e-04
6.847732557032637501e-04
1.282939132185578757e-04
2.973323659805071628e-04
1.389102929001406750e-04
5.498299418045249354e-04
1.067672142777142952e-04
5.700829005145235939e-04
8.895669536312933445e-05
4.759512451385505827e-04
8.086294033737839726e-05
1.003276299732513976e-04
2.113819007011352724e-04
6.515372027282584355e-05
2.222212395430744891e-04
5.853757111862201157e-05
2.385427035942466745e-04
5.162893203436436096e-05
1.238639126550644676e-04
4.958443247249366692e-05
1.246735602480342209e-04
4.569048027558419989e-05
1.396213498199294634e-04
3.806656300497923695e-05
9.920813351316226658e-05
3.706338264175546016e-05
8.882716048197458747e-05
2.913786025537934421e-05
8.909360264464094570e-05
2.543699409940369804e-05
9.185269183042965579e-05
2.148555687975228778e-05
6.492677471492402930e-05
2.269443374969259963e-05
6.273324768413246488e-05
2.066740695272351047e-05
6.853222964497973635e-05
1.598887002818294434e-05
4.389078194844131531e-05
1.756669693109280672e-05
3.374894473395784189e-05
1.626104258645177936e-05
6.666344868266893542e-05
1.111738482295621111e-05
6.635173001401373227e-05
9.302275073008736683e-06
1.414985686920555708e-05
3.811148994303792392e-05
9.163949058033082906e-06
2.325094833299790054e-05
9.970143088344762816e-06
1.277991294279523515e-05
3.827359329711121916e-05
5.991190286658287789e-06
4.229476617589877918e-05
5.646917399793061065e-06
6.750748181461041497e-06
1.943104222590363861e-05
5.450664472661514992e-06
1.571594677163279385e-05
4.855050191543419658e-06
1.317480128715242671e-05
4.430587275505715183e-06
1.293679876923636840e-05
4.071472636479889218e-06
1.471435281841237952e-05
3.850750539657887828e-06
9.050248465314325585e-06
3.000690458665467020e-06
8.156859876540245580e-06
2.645751175367472285e-06
8.636735238765069766e-06
2.417901294737845319e-06
9.181085008802547520e-06
2.269448359903947221e-06
7.017453827917741194e-06
2.130543497624870497e-06
5.328824210115712390e-06
2.035142646406029598e-06
5.754703600424626586e-06
1.794949280875535180e-06
6.288207976767878904e-06
1.630955348885798628e-06
4.097771044819786823e-06
1.348961018554639679e-06
3.426370422499047663e-06
1.205396701231542522e-06
3.444517588158113597e-06
1.077284925599109044e-06
4.488349929165913466e-06
9.110619897390037636e-07
3.213230480469952965e-06
9.483095664286622650e-07
2.088073504991072582e-06
9.884166389806381403e-07
2.628808747240363175e-06
8.065057409689657675e-07
2.762609697337659043e-06
7.066631341201556893e-07
1.873690630871394092e-06
6.276415441819338525e-07
1.427020082767072040e-06
5.842389677601644848e-07
1.351984626918323329e-06
5.182933736636030631e-07
1.101405248338238607e-06
4.887335260939096315e-07
1.163463652975593732e-06
4.594429333648619718e-07
2.249129850584452583e-06
3.494332070363981302e-07
1.234560394580697107e-06
3.818926815890577586e-07
1.250930589113963265e-06
3.267892559888352366e-07
8.951685276370469069e-07
3.143266505967190483e-07
6.170338369138050894e-07
3.130630740200146533e-07
5.491731540629984920e-07
2.810712816936344893e-07
3.879273766660418232e-07
2.943887611461803999e-07
2.068713705893898691e-07
3.401274901726480948e-07
4.418199929245858470e-07
1.887856407867261055e-07
3.108624394565495663e-07
9.248923295013256052e-07
1.233849011850196575e-07
6.905149104730057275e-07
1.332525009223317625e-07
1.739302252223851042e-07
3.601582779788614630e-07
1.459194401975949518e-07
5.755324261613736780e-07
1.265785742887715060e-07
5.054346223776207125e-07
1.239862285062898195e-07
4.646679656605812170e-07
1.208298781030237024e-07
2.878249695248413786e-07
9.461519245856919724e-08
1.760695540475865073e-07
8.530296635722578458e-08
3.426081148782955665e-07
7.125186118894788478e-08
9.929702082800417884e-08
1.137012529683900652e-07
1.369381816829218224e-07
5.876877129384894261e-08
1.532224277456251116e-07
5.566422567326867465e-08
2.115343817887804789e-07
5.041951822715162734e-08
1.539211614831614838e-07
5.395515823014562784e-08
1.504699488341643132e-07
5.010981463104968725e-08
1.615218975237198151e-07
4.124367247726468122e-08
1.770022619584921131e-07
3.758557354238689641e-08
9.038881787493124875e-08
3.977973772606446801e-08
1.369489690539182902e-07
2.806427978896408604e-08
5.777421774322277770e-08
2.722443248615036282e-08
1.049236081351878624e-07
2.212448757532570198e-08
1.091790609031306758e-07
2.104637475408566161e-08
4.280825360858386830e-08
7.398901724631201660e-08
2.157091782972742067e-08
5.645459555392307038e-08
1.900554258416065068e-08
6.801101115616603465e-08
1.717184727745291184e-08
5.189126839333368935e-08
1.773929836357268641e-08
6.447247902219288562e-08
1.547446992766765561e-08
4.695842392710147806e-08
1.176191966045792014e-08
5.385576440364303608e-08
1.078910161211865670e-08
1.724487663778973001e-08
4.466301761762991873e-08
8.263316364498507482e-09
3.783677604562996066e-08
8.637974224789957134e-09
4.493250116421876328e-08
6.997034285305403500e-09
