3.052110921356108175e-01
3.081168609910764911e-01
3.052252339272435444e-01
3.056234107392452604e-01
3.054589100516675870e-01
3.053818436059241304e-01
3.057850794422964924e-01
3.048962398368265658e-01
3.058351814342846753e-01
3.039018716734531722e-01
3.031829275723940675e-01
3.028395198250405373e-01
3.039650808530750536e-01
3.036635242384672084e-01
3.034294500681338214e-01
3.031838372827070360e-01
3.028534567253861054e-01
3.025061004289175681e-01
3.022828144712477183e-01
3.021134098427465942e-01
3.019070362352002102e-01
3.018865802429644418e-01
3.017240873490403263e-01
3.019323374113603853e-01
3.017313190018975355e-01
3.015927765683967809e-01
3.015060233944671930e-01
3.014693011066145178e-01
3.014171545407687836e-01
3.014126769944746043e-01
3.014093635678836147e-01
3.014126033208022193e-01
3.012056789995815054e-01
3.012460395845749650e-01
3.016358137876106182e-01
3.015245181400978414e-01
3.018743259635431331e-01
3.016176105611280134e-01
3.018334863923375355e-01
3.015425839082289672e-01
3.019040807440755980e-01
3.015324192392689895e-01
3.014469804571323630e-01
3.016981376671432624e-01
3.014801564653905031e-01
3.014245867148102054e-01
3.015313426304454536e-01
3.014390714749951572e-01
3.014085562015217379e-01
3.012056789995815054e-01
3.015620828622592731e-01
3.012533929581081571e-01
3.012081989619397326e-01
3.012676051588477621e-01
3.012190190805392742e-01
3.012211805539443121e-01
3.012092309478161534e-01
3.012069663441684364e-01
3.019872967778237660e-01
3.013009615973948341e-01
3.012319013309737725e-01
3.012056789995815054e-01
3.010264000175173482e-01
3.011019784706608915e-01
3.012276101669844053e-01
3.012795175930368385e-01
3.011641626538440475e-01
3.010757113587174683e-01
3.010837329022266751e-01
3.011369242641079857e-01
3.016590156639397113e-01
3.012388393556242328e-01
