6.360197177307645999e-01
5.961399682643624409e-01
6.378557696915709840e-01
5.941246026787277978e-01
5.675884076777221177e-01
5.107989786999816983e-01
4.258976510786982583e-01
3.857005748679402934e-01
2.595963554872946499e-01
9.865905225984261673e-02
5.796369368008424949e-02
7.386824970596750362e-02
1.876643663411836638e-01
1.304698508327661877e-02
7.356509544425526848e-02
7.366253397198607722e-02
7.374548400330094289e-02
5.268788887283726297e-02
4.160110221410451281e-02
1.100410810056804412e-01
2.476067678040139164e-02
5.948509786379196917e-02
8.998963870991083525e-03
2.341469140023633155e-02
1.011133135411967920e-02
3.498988661391533306e-02
2.117608163016981848e-03
3.156247112589216641e-03
1.353232174935015131e-02
3.089366430934825658e-03
4.168130630033850537e-03
1.354530792602837153e-03
6.431951770973221016e-03
6.601088594861970194e-04
1.436413574391615100e-03
5.407744820380422368e-04
2.576767054780160215e-03
3.797962181522063219e-04
4.980260400351266270e-04
1.413381786241840743e-03
5.020875311056993695e-05
1.691840372569641815e-04
6.003450427987111482e-04
1.352669956000696061e-04
2.536765775960070357e-04
6.322381424683776174e-05
2.488594030920499023e-04
3.932033726705697063e-05
5.223094713557863145e-05
2.342067583538387510e-05
1.129167410796050319e-04
9.404060353213061774e-06
2.539239442667096114e-05
9.179616580756722044e-06
