6.360197177307645999e-01
6.016688015371104425e-01
6.511001505656521804e-01
5.789962112101836311e-01
5.290689393212996139e-01
4.737822142109340273e-01
3.625723227473687249e-01
2.593216416176017391e-01
7.745011426679238031e-02
4.090915685976859173e-02
3.701973027314964249e-02
1.851264883190970600e-01
2.793315976365451370e-02
4.190820072363301563e-01
6.743230113319476082e-02
1.628564151882524458e-01
7.364638168736048485e-02
3.258916040560877470e-02
7.299077190067437826e-02
5.359332235780667197e-02
7.108923540470546421e-03
1.327070667199370391e-02
5.724154064643971473e-02
1.009550931997660328e-02
1.548059668402479438e-02
5.633890471169245018e-03
2.437403266243920452e-02
2.061483088691140608e-03
3.461819392765130843e-03
1.076279390569556682e-02
1.386218658012250415e-03
2.827720226306063012e-03
1.233537611374568854e-03
4.745430062170097329e-03
3.839831934087101217e-04
5.345825369755807799e-04
2.136155143370510601e-03
3.850351880534397253e-04
5.369574021101275463e-04
2.675283067870015685e-04
1.033766519573431353e-03
2.925019688737595658e-05
1.462140898489394658e-04
4.436017126250302312e-04
9.001676763253918523e-05
2.066128871449635085e-04
5.785509724853810098e-05
1.771938940865469547e-04
2.325455648022334287e-05
