5.936875247790299737e-01
6.013480044751378095e-01
6.293518716599959539e-01
5.565537824539615874e-01
5.074451947136874308e-01
4.959582376032760642e-01
4.290899456758459074e-01
3.088741389441277407e-01
1.434924682068343671e-01
6.506251903240367618e-02
6.467084058662098123e-02
2.056373987862536445e-02
3.747093401574039806e-01
2.475714404576837557e-01
3.050862814678745316e-02
5.858375082317723859e-02
7.080063372691758339e-02
7.594498251238857023e-02
7.195452242046918023e-02
5.868516061711237519e-03
9.463211465945831069e-02
1.189785032111595475e-01
4.911914798621697109e-02
4.919966284398424872e-02
3.068781461858849369e-02
1.883323476205500668e-02
5.137935790677250480e-02
4.999602848197337579e-03
1.637714180807403608e-02
8.241962626520660251e-03
9.377832453936862933e-03
4.003032067368517133e-03
1.423880701814494998e-02
6.051765777542739144e-04
1.640197142763866189e-03
6.401674114421274098e-03
1.460335987919281209e-03
2.474015147419184046e-03
6.013713390691233229e-04
2.691315528600024543e-03
4.316504283266020536e-04
4.354159956365677431e-04
1.462412888096231711e-03
8.311395475102401065e-05
8.704193906416968218e-05
6.032025510093186327e-04
1.735144524996901083e-04
3.439124086948019965e-04
4.430203128857890249e-05
4.797533847944457364e-05
1.754378328804317988e-04
1.843992517691628308e-05
2.238325012593467278e-05
8.500661693511268879e-05
1.198388870427002928e-05
1.564950659216357565e-05
4.621005315574855388e-05
2.275175563282161306e-06
6.222335580896576346e-06
2.034026734609728493e-05
3.903413427819302228e-06
7.567108964323665532e-06
2.655106451476818563e-06
8.798787462738211218e-06
7.357309126376776476e-07
1.037920207336284761e-06
4.099488596365219450e-06
6.795417116789437273e-07
1.076497516128149812e-06
5.518180332675370892e-07
9.464524104441096597e-07
3.464034006306349056e-07
