2.630894619623558306e-02
2.627637045509001457e-02
2.611379398239743743e-02
2.634645168232208068e-02
2.642899268459386608e-02
2.624739709813006527e-02
2.629715583708958082e-02
2.631655570438939939e-02
2.625333857102241097e-02
2.611145613049203895e-02
2.607191266458475098e-02
2.612502808027739043e-02
2.610702991044011601e-02
2.606424966919296260e-02
2.603375447408762255e-02
2.601032097029043477e-02
2.597459688505576736e-02
2.595573437627951563e-02
2.591581053004132773e-02
2.589453070999836459e-02
2.584988123055820264e-02
2.580146240606617791e-02
2.574602683349580534e-02
2.582833336308587580e-02
2.576836050298925151e-02
2.569083292229346061e-02
2.563907764029005332e-02
2.561789811173831310e-02
2.556147046871393158e-02
2.553818282874587009e-02
2.547662877630918477e-02
2.547273963215646031e-02
2.541039437667269585e-02
2.540521668212969431e-02
2.534181247491817945e-02
2.534395182863713458e-02
2.524496545121424074e-02
2.517258526521648498e-02
2.515602988373111248e-02
2.508006877179713712e-02
2.501292323628789838e-02
2.492216369001043486e-02
2.494012051985994294e-02
2.486233896307676883e-02
2.477572977740549742e-02
2.477183961726492356e-02
2.468453777866541632e-02
2.465701522555274749e-02
2.456378712580931101e-02
2.452881594255407194e-02
2.442802244057973304e-02
2.430489884574926762e-02
2.417704986583424365e-02
2.422372684349949346e-02
2.410268040632757014e-02
2.398212003749811139e-02
2.400220713820522267e-02
2.379283540362964189e-02
2.365381334404559333e-02
2.365830480951758297e-02
2.349419122118645564e-02
2.334785677950490523e-02
2.331132443795125297e-02
2.315745588158435453e-02
2.312975031679853632e-02
2.297038317683708364e-02
2.301854347097964659e-02
2.277938482150299038e-02
2.260816881914773369e-02
2.260501087348021354e-02
2.243387090222048741e-02
2.224473118292591423e-02
2.203295869426258324e-02
2.215585229303351777e-02
2.179502119146037309e-02
2.156908786095912411e-02
2.165034709166979709e-02
2.146459271851419714e-02
2.125841505639103346e-02
2.116658387724446033e-02
2.094835223374758026e-02
2.082351521443293052e-02
2.074711808592777373e-02
2.075806054349593754e-02
2.054072336371259855e-02
2.036679259027240896e-02
2.066120711303576218e-02
2.091148974939316396e-02
2.036092170329661943e-02
2.019858930081308568e-02
2.012238859078874231e-02
1.996648223470354200e-02
2.019444195096908867e-02
2.026100528215024621e-02
1.997361731632185666e-02
1.970505582756920671e-02
1.949475205938089317e-02
1.899970430257602594e-02
1.868109026879039014e-02
1.889608335219583601e-02
1.879800541841059047e-02
1.884541529167949037e-02
1.843556477168339924e-02
1.818599578878599132e-02
1.787915917061300153e-02
1.759000648539377210e-02
1.760540716923786331e-02
1.721232722284804506e-02
1.698073907116637304e-02
1.680590675520787780e-02
1.656049680087767761e-02
1.690817688252865825e-02
1.687529134440557410e-02
1.623441700238725804e-02
1.599535114351269272e-02
1.604069926384865674e-02
1.543966950156328011e-02
1.514788003387457227e-02
1.563075046541329005e-02
1.545991688706827016e-02
1.504643018457640924e-02
1.481249457094357957e-02
1.486088902262361344e-02
1.448483713200221512e-02
1.426232177220354558e-02
1.438480407402109584e-02
1.405708715961651034e-02
1.388183034258738680e-02
1.386915953531586698e-02
1.383123018232879087e-02
1.379568910022865857e-02
1.370350958979260625e-02
1.344556878927216648e-02
1.330177423744682841e-02
1.352798413233646802e-02
1.322475042489346109e-02
1.310588209551966088e-02
1.325682174843267891e-02
1.280287019338077759e-02
1.267717542648216789e-02
1.311641291891940675e-02
1.305086026438440072e-02
1.256276708594228353e-02
1.244849892830679483e-02
1.241227880742645784e-02
1.226525627774865956e-02
1.229252360459986981e-02
1.263171380669758648e-02
1.216243004804651306e-02
1.203432272043936102e-02
1.210816657894797643e-02
1.187981770721913133e-02
1.177055853139585828e-02
1.145702759145483807e-02
1.130868330054224380e-02
1.163914621270756289e-02
1.158897630390587352e-02
1.125375515114590552e-02
1.111790249056332502e-02
1.111624815328060567e-02
1.101847363407049141e-02
1.100232974380432882e-02
1.088529129999027401e-02
1.077728155883483918e-02
1.067579991204636869e-02
1.054720310989221144e-02
1.045132524625291826e-02
1.055520981116531143e-02
1.043843150874679271e-02
1.041002881800490165e-02
1.032545230218717691e-02
1.027824459627513232e-02
1.037612018631461908e-02
1.011159073611644921e-02
1.004470161098658387e-02
9.947854308979819926e-03
9.874333713610128349e-03
9.859782342002021416e-03
9.780361574283413795e-03
9.802218424954767251e-03
9.619916563346597727e-03
9.529962289752669236e-03
9.659421949132496188e-03
9.711288096393544400e-03
9.343714000506264661e-03
9.282549164259190633e-03
9.363922724972884026e-03
9.113650556078711773e-03
9.069896059009541212e-03
9.286832131924604994e-03
9.107255963656801789e-03
9.062656563286086708e-03
9.040013027555970915e-03
9.238787417795712997e-03
8.909025661405389762e-03
8.868221154641808823e-03
9.118400121411407433e-03
8.877404645443176534e-03
8.912546999931825198e-03
8.731182011411098287e-03
8.644912773033697206e-03
8.779103968048262985e-03
8.796803415634157908e-03
8.535916171805713049e-03
8.439460282547939229e-03
8.551775813045225938e-03
8.376253530272381731e-03
8.302762620766013235e-03
8.394187077949477604e-03
8.427958013918490643e-03
8.117238016500549769e-03
8.039173187781689656e-03
8.326880298625494170e-03
8.169733610475016228e-03
8.005144830132482348e-03
7.957914958961698204e-03
7.969735147094869632e-03
7.937370240973073976e-03
7.914960324008735171e-03
7.947466007954928635e-03
8.047879490093778898e-03
7.888491539156383681e-03
7.903056890726234407e-03
7.799066496865680875e-03
7.756453844692923205e-03
7.910772234865692809e-03
8.174253426102007225e-03
7.991346093846773968e-03
7.760368086863533854e-03
7.948925390889427511e-03
7.928158768676363266e-03
7.796732073605983082e-03
7.818424162096215824e-03
7.839716511223060458e-03
7.786235001485675156e-03
7.641675914877965603e-03
7.605530771649493538e-03
7.656936118024426641e-03
7.587835937409193043e-03
7.556941709640607741e-03
7.806190844235838533e-03
7.552134702123791676e-03
7.531871893115216210e-03
7.798616477264097568e-03
7.757969082261007010e-03
7.630499165855342270e-03
7.535833739341857296e-03
7.434382776699388629e-03
7.394569865503464179e-03
7.546706222449683921e-03
7.330702661909160867e-03
7.280367423966538354e-03
7.323022496022901784e-03
7.381658017651449022e-03
7.279609453607838176e-03
7.243727702225033482e-03
7.227540376871011141e-03
7.194993812684735701e-03
7.362845329778267001e-03
7.119313409936545156e-03
7.099534642341254198e-03
7.043180615153299406e-03
7.036204981245242074e-03
7.074210884115528231e-03
7.053176304495534232e-03
7.203519146743775359e-03
7.069046930546329932e-03
7.043308398946401816e-03
6.984358707624371831e-03
6.974246770862446709e-03
7.044838422901378294e-03
6.990723813246946250e-03
6.993627488734666109e-03
6.980359555951443085e-03
7.005812607521644253e-03
6.979576122238873026e-03
7.057590758106746520e-03
7.029285885628566710e-03
6.994444111370845540e-03
6.950459274769116291e-03
6.949244291983069921e-03
6.948579324367543109e-03
6.948398937420829924e-03
6.946293988011276177e-03
6.945639784874169109e-03
7.004097035723022557e-03
6.984797833475497875e-03
6.944081940665869368e-03
6.943112964827413691e-03
6.948405481744801548e-03
6.943122590025940788e-03
6.948702353670288545e-03
6.945364214471450026e-03
6.944113001609131253e-03
6.943112964827413691e-03
6.943083870469823893e-03
6.943607813166607912e-03
6.943571464677389393e-03
6.943503315856691671e-03
6.943369337713778400e-03
6.943385025729664761e-03
6.943835074760151826e-03
6.943169264422177633e-03
6.942865653505325696e-03
6.942744463816152845e-03
6.942744463816152845e-03
6.942603691033721880e-03
6.943300019718989802e-03
6.943020143512668163e-03
6.943133971476167510e-03
6.943189083743361856e-03
6.943186651694577272e-03
6.943306355766565297e-03
6.942656447039285972e-03
6.942652254509851240e-03
