7.528745950478804572e-01
7.523405284156770012e-01
7.673599625957743253e-01
7.285235673288821268e-01
6.958509494300253451e-01
6.931587661111102694e-01
6.491610196465713578e-01
5.532108099496355624e-01
4.233337366118290479e-01
3.683737838272581611e-01
2.837870190461270203e-01
3.755369524892524513e-01
6.102537566284744752e-01
3.013354480157744986e-01
4.744257821656631124e-01
2.984715293295848726e-01
3.243034199453084243e-01
2.866092884453559364e-01
3.186632285900115047e-01
2.860080973267108417e-01
