5.936875247790295296e-01
5.515514488713735286e-01
5.733013345195320243e-01
5.267731328590486983e-01
4.866319771419465035e-01
4.589168184822082219e-01
3.906140232650242572e-01
3.081268945714797924e-01
1.730082786805154926e-01
7.859038628652204039e-02
5.292371138489260218e-02
6.494842180134674514e-02
1.359650672955674544e-01
2.341416639908588948e-02
7.513206845313957771e-02
7.098501221547670603e-02
7.470755131909667668e-02
4.774068947331788770e-02
4.756317396297249367e-02
8.975257504919487150e-02
2.286478763906552025e-02
6.554422823160721556e-02
9.046178002014904074e-03
9.769812260257304537e-03
4.799917391184915783e-02
7.572300917135565967e-03
8.207363509528775580e-03
2.314105013092349061e-02
3.726195839011126054e-04
1.055645926839154924e-03
9.406370341271341751e-03
3.481824907336950048e-03
5.009130481892998255e-03
1.397536999692805537e-03
2.848143183433404779e-03
3.457172969849597877e-04
1.017162717767750024e-03
5.037217438534913327e-04
5.326781361804089343e-04
2.458123458677352602e-04
9.616670991490217091e-04
3.796009301937353086e-05
1.392871332999146006e-04
4.233653164115169787e-04
7.878977877640025440e-05
1.789864659249573720e-04
5.926599569361368225e-05
1.759740317538449617e-04
1.513706851641316575e-05
3.618677264793923598e-05
8.940231613285831713e-05
6.109927200514952972e-06
2.743156494422471781e-05
1.140946581879020982e-05
3.262922035518478481e-05
3.206847918324484681e-06
8.430429759398450074e-06
3.508710480826238154e-06
1.282441698857716972e-05
1.366324203111446423e-06
1.693554160908661288e-06
6.247765098388313731e-06
8.456982540927526770e-07
