2.146784277073126024e-01
2.006317797867334107e-01
1.621348815239316288e-01
1.489653960199419647e-01
1.034882726374974915e-01
2.614461518781308058e-02
1.174818771832421005e-01
5.165761675664248820e-02
1.573062908242945923e-01
5.101538387077586556e-02
1.156740547606152081e-01
4.344981313569640236e-03
3.352632352935924764e-02
1.028920996714810521e-02
4.277203117003580690e-02
1.000494312801869512e-02
1.506593637112829676e-02
3.396032217564570743e-03
1.826758829562391551e-02
3.287977379428541624e-03
2.883635461899736185e-03
4.368824877222010628e-03
9.739554185044907442e-03
2.015764900431538109e-05
9.896314135954265012e-04
3.534809571471453360e-03
1.302492881295469473e-03
1.906848416117323808e-03
5.060173646926902080e-04
7.069699983754951234e-04
6.158667149138707941e-04
2.301869524039545922e-04
6.716343557019444077e-04
2.432700279539901089e-04
3.456501929531841100e-04
1.039506339526319323e-04
3.643550945509055339e-05
4.795159209166621750e-04
1.160909267599041783e-04
2.230365293809377647e-05
7.100023973527491705e-05
1.670339507047202687e-04
5.102533426004640660e-05
