3.535531518515203642e-01
3.535531518525685257e-01
3.535531518551422447e-01
3.535531518575418808e-01
3.535531518540111495e-01
3.535531518531003226e-01
3.535531518520742544e-01
3.535531518530574679e-01
3.535531518539489770e-01
3.535531518541843443e-01
3.535531518515203642e-01
3.535531518521178862e-01
3.535531518601384704e-01
3.535531518553991503e-01
3.535531518525044659e-01
3.535531518526130457e-01
3.535531518525795169e-01
3.535531518528676198e-01
3.535531518523808980e-01
3.535531518601140455e-01
3.535531518556425112e-01
3.535531518515203642e-01
3.535531518556869202e-01
3.535531518563506115e-01
3.535531518534813511e-01
3.535531518531134232e-01
3.535531518530156125e-01
3.535531518518100214e-01
3.535531518554007047e-01
3.535531518534177353e-01
3.535531518531014328e-01
3.535531518515203642e-01
3.535531518517127658e-01
3.535531518599162037e-01
3.535531518548773455e-01
3.535531518530767858e-01
3.535531518519278160e-01
3.535531518534087425e-01
3.535531518527645911e-01
3.535531518529599904e-01
3.535531518603228784e-01
3.535531518554761998e-01
3.535531518515203642e-01
3.535531518530541373e-01
3.535531518552543773e-01
3.535531518579486665e-01
3.535531518525392158e-01
3.535531518542207596e-01
3.535531518521750627e-01
3.535531518536145779e-01
3.535531518528560735e-01
3.535531518551051633e-01
