5.221193463888140762e-01
5.156632876619029471e-01
5.157022040280047070e-01
5.080750469944288472e-01
4.993159169511439677e-01
4.999918966015477473e-01
4.792142680449027470e-01
4.546910095616734093e-01
4.526436449524354755e-01
4.218785840044070312e-01
3.567021622453454555e-01
2.618382263872741644e-01
2.158416249097884210e-01
9.290730882584219419e-02
8.029572049666811040e-03
4.436914350004839136e-02
1.135515761956473746e-03
2.144394286073708633e-01
1.175122320089388994e-01
7.691637832963449384e-03
1.161372055529841241e-02
1.609530809761539061e-02
1.945697198543627771e-02
1.949313661560925226e-02
6.027234157903738065e-03
5.228494322646981551e-02
1.604244125694131995e-02
2.038567865705087634e-02
1.057607137076499448e-02
7.708032057545666227e-03
2.237144352119968538e-03
1.111153290026922758e-02
2.390549820621812316e-03
6.186681060416754363e-03
4.078504709930097505e-04
1.446679878351897486e-03
5.552701030246964820e-04
2.031555923839745148e-03
3.185615867143942737e-04
4.680164843555711940e-04
2.100006809929721996e-04
9.485153298262050114e-04
7.337440817756224476e-05
1.801676730299739404e-04
4.606564792195566582e-04
4.118023122590130924e-05
1.490557246816015535e-04
6.631803759571397450e-05
1.812291200825599802e-04
9.870467200912003136e-06
