7.996740086906726219e-01
7.855813885850391198e-01
7.899630951073650653e-01
7.727511454244754274e-01
7.548823628568350763e-01
7.496683926521818808e-01
7.249196556579060591e-01
6.806928190553982461e-01
6.145503560047271829e-01
5.805794879800403319e-01
5.043257128312054194e-01
4.576630044586853518e-01
5.253593125305924261e-01
4.930301238421955778e-01
5.818507687566614184e-01
4.631429244987734783e-01
5.310642632830444576e-01
4.633709927084014302e-01
4.836830300304785224e-01
4.582492189982725339e-01
4.595198137377828340e-01
4.576428411635568017e-01
