1.860323425632237626e-02
1.840276513245442391e-02
1.857774826205782492e-02
1.861383286429252326e-02
1.859752978782802657e-02
1.745266399477807262e-02
1.786276417834231633e-02
1.809046843763983947e-02
1.879495251110963050e-02
1.775817059810347320e-02
1.772335770923072484e-02
1.751741467627176974e-02
1.725861142612028498e-02
1.709527285534284680e-02
1.691569176477447645e-02
1.671419478120883539e-02
1.667016726307468666e-02
1.646061959674027797e-02
1.656790214039749465e-02
1.646645330619667114e-02
1.625323139273626705e-02
1.607065772055693564e-02
1.588439191682022855e-02
1.566279150151683730e-02
1.562734677110000359e-02
1.539999466256547489e-02
1.519268341271517997e-02
1.492308214477233719e-02
1.499837509469070795e-02
1.493856311206576137e-02
1.468025778526083069e-02
1.445340849998688615e-02
1.429277648839033521e-02
1.403431274969124676e-02
1.371950768799212739e-02
1.339783191902055304e-02
1.343210716777276659e-02
1.327060462492557491e-02
1.298844557652734100e-02
1.293271666551998322e-02
1.264268277814473151e-02
1.273150422799507187e-02
1.226541097048583495e-02
1.195371566867597934e-02
1.158961421182069795e-02
1.120959277654942632e-02
1.123857316509557780e-02
1.094510336500575942e-02
1.059177515790210578e-02
1.080153820957918676e-02
1.023589815039871453e-02
9.878742482035240968e-03
9.862201281987115209e-03
9.510226345820993465e-03
9.341466685691246497e-03
8.965718271080724833e-03
8.596172930767087550e-03
8.162667047528993081e-03
8.288135317950251491e-03
8.188474103843934593e-03
7.559878023136734626e-03
7.172793795127474503e-03
7.076408919325261060e-03
6.687779463291243509e-03
6.415195728907474582e-03
6.001081122867568673e-03
6.085883196632280168e-03
5.647613943013940485e-03
5.272880279278968629e-03
5.253054822409009006e-03
4.899150242626548746e-03
4.996931668477699873e-03
4.475742554291728403e-03
4.150973304607341596e-03
3.787197687256105283e-03
3.460580373548571842e-03
3.622613737368163278e-03
3.372431636178285785e-03
3.148038909992489920e-03
3.174428672907070315e-03
2.831228255434248275e-03
2.679312329820549010e-03
2.740314840203761371e-03
2.627917289175218940e-03
2.583478015462215005e-03
2.568300914338572660e-03
2.613884731631710423e-03
2.549961234997177861e-03
2.590945204722694406e-03
2.581406487354831469e-03
2.660004835422169478e-03
2.762485328966168829e-03
2.977437968933571710e-03
2.778252967548522356e-03
2.813856895080624199e-03
2.674632897022299893e-03
2.780988057106026368e-03
2.663560316102375758e-03
2.885456173506217858e-03
2.613541075928482726e-03
2.885290217476299546e-03
2.580194203585461921e-03
2.636285087254108817e-03
2.721942519538833594e-03
2.605837763318130662e-03
2.754023136574135222e-03
2.608226159382054377e-03
2.641737579878511433e-03
2.588471871673103664e-03
2.656648013517171059e-03
2.575872866935391414e-03
2.617157556324745116e-03
2.583015922414055865e-03
2.634915889653921539e-03
2.578464270951541515e-03
2.593683846639049939e-03
2.569029223783436677e-03
2.542781291467788307e-03
2.542518771858071069e-03
2.547003010605286555e-03
2.584973439683890817e-03
2.563707440487950073e-03
2.616064162181075403e-03
2.556715694090661017e-03
2.568135957711548123e-03
2.549447604609289542e-03
2.539935649852997912e-03
2.543458636368955972e-03
2.504555277926923118e-03
2.496875007231058596e-03
2.590283043833907506e-03
2.544987263743303529e-03
2.510579321455597146e-03
2.536982929962405819e-03
2.501212728873714042e-03
2.503440979267357314e-03
2.505138116189908892e-03
2.511157688954157585e-03
2.474990417187350467e-03
2.470477326809383811e-03
2.464927574601816218e-03
2.460811725106371028e-03
2.493739757673418822e-03
2.593750338747424777e-03
2.491869345503938682e-03
2.455382859821830799e-03
2.449614689751244967e-03
2.512821362788963953e-03
2.490530888550668287e-03
2.454856495443635822e-03
2.435948419583944258e-03
2.428016318934744788e-03
2.420923196436719493e-03
2.411217419155176067e-03
2.487377018504322024e-03
2.421021178112381378e-03
2.397837110163947294e-03
2.388335577691025335e-03
2.489464918056238929e-03
2.460412664092359591e-03
2.394979439209854455e-03
2.409641770026338392e-03
2.395885840869360628e-03
2.363981841867146549e-03
2.353907511976172096e-03
2.344028462390901346e-03
2.331787891174608163e-03
2.344397827761079967e-03
2.329376798464566356e-03
2.318835453550938119e-03
2.314201651797631598e-03
2.304104555128638765e-03
2.351642984707136286e-03
2.293416128877456828e-03
2.281902295695359406e-03
2.290539395087387575e-03
2.252560790180102579e-03
2.238752798288556889e-03
2.253579362645252715e-03
2.269981406517240785e-03
2.220362988740509635e-03
2.206966136014898439e-03
2.210281171987293902e-03
2.211862294019595332e-03
2.178053078911168505e-03
2.164902478466790292e-03
2.180539913333778834e-03
2.156816873025491077e-03
2.147008478490919359e-03
2.187996862966889999e-03
2.129574616628215900e-03
2.117415701416325291e-03
2.114059818635216637e-03
2.101457782307636357e-03
2.105259799403014220e-03
2.086939084271266509e-03
2.075052371382168914e-03
2.078053637593391123e-03
2.072001877385210022e-03
2.066092199542901575e-03
2.066924300180073004e-03
2.035387315207359826e-03
2.027282854125234124e-03
2.008459361487968664e-03
1.997720038792394348e-03
1.998045383681756881e-03
2.022697592075517470e-03
1.988289450122082691e-03
1.983204414102601731e-03
1.968210335697162527e-03
1.956763415389972671e-03
1.943367773086346340e-03
1.930327312843149734e-03
1.924309979403404647e-03
1.911904571146538778e-03
2.051530484456498549e-03
2.000530302687208994e-03
1.924078694501174525e-03
1.901106016811260346e-03
1.889637242853736687e-03
1.964513020986435876e-03
1.881954554150633285e-03
1.872339497703379152e-03
1.858052794319942080e-03
1.847920743691333634e-03
1.853493403782491278e-03
1.937494708770914897e-03
1.857654730698765633e-03
1.924585654195953843e-03
1.843184445392553883e-03
1.839852703219180263e-03
1.908991771503831814e-03
1.832832054808775091e-03
1.829429458760967186e-03
1.825850620707170080e-03
1.823806731301003126e-03
1.867104722880541523e-03
1.807915757211286945e-03
1.802849634675030011e-03
1.803982718790342332e-03
1.863784830259618275e-03
1.844543040574242454e-03
1.804916404536505148e-03
1.811352862344906001e-03
1.787284245783449244e-03
1.782675320178506162e-03
1.810909066223276298e-03
1.777100118467433987e-03
1.772161734585941950e-03
1.769959385963915111e-03
1.765912449950501895e-03
1.791319202967711632e-03
1.798140262321390459e-03
1.770738633249280269e-03
1.770116416214051469e-03
1.749771454060189413e-03
1.744447060679332751e-03
1.744328251958582321e-03
1.740362137656825681e-03
1.771707554309887023e-03
1.776689360549199570e-03
1.746557590640351876e-03
1.771720681733257585e-03
1.737643445441583445e-03
1.735127764619370794e-03
1.767320725375332024e-03
1.738896631793163117e-03
1.725737871609123175e-03
1.722701759432010427e-03
1.715439300541854450e-03
1.710525480816627031e-03
1.745409436895051236e-03
1.706524856134539192e-03
1.701461734749276644e-03
1.738512603479791530e-03
1.724496734624492156e-03
1.702352361400927272e-03
1.705011218177676646e-03
1.704341636059036880e-03
1.749380142646139724e-03
1.723176832664208291e-03
1.682171964076717430e-03
1.678549012425478715e-03
1.684314449401091984e-03
1.705832943711516059e-03
1.672656565081975799e-03
1.668138618216796765e-03
1.675491303025578027e-03
1.696526982803425732e-03
1.673639900169887618e-03
1.683104762094989049e-03
1.661469055578290721e-03
1.657773547322105578e-03
1.650475348038638046e-03
1.645274118649120432e-03
1.653822106831404071e-03
1.645005336370242155e-03
1.640582186449912605e-03
1.671947161799525183e-03
1.636421111945063345e-03
1.631260546234858388e-03
1.629196317105785496e-03
1.624274847809803468e-03
1.631349541120763469e-03
1.635810584911689958e-03
1.616096650101206400e-03
1.612968901180789061e-03
1.611760423375074858e-03
1.612218328970960179e-03
1.609824704727036426e-03
1.608703591319704529e-03
1.604375739646668464e-03
1.602666017579856828e-03
1.602615065047441334e-03
1.602974358736686256e-03
1.614626620539572066e-03
1.605473037483928778e-03
1.598931860309904529e-03
1.597630745189260182e-03
1.600650795163915951e-03
1.608082526920240340e-03
1.598890560455035192e-03
1.603495471068194789e-03
1.592538114188801757e-03
1.590357605778192074e-03
1.600566017304627664e-03
1.593632966916946891e-03
1.614506913721336367e-03
1.599560634801378001e-03
1.598411646773767458e-03
1.582868115682756205e-03
1.579321270652300768e-03
1.588779041444610129e-03
1.589819334287478902e-03
1.591168230916761850e-03
1.580063674918807948e-03
1.585805172149123976e-03
1.571497053308612557e-03
1.568490236394048942e-03
1.582673298912817827e-03
1.598048078556124629e-03
1.586196524654970297e-03
1.569359192043484619e-03
1.567430722141383015e-03
1.565116696102264449e-03
1.568160676432284184e-03
1.574433042621059542e-03
1.562935135877019377e-03
1.562674771422911668e-03
1.564396973741777330e-03
1.560032142905343200e-03
1.558910333512075752e-03
1.558122303067510650e-03
1.556693291106636678e-03
1.568095037875694153e-03
1.559531416455928188e-03
1.560387905158666655e-03
1.561753250259201309e-03
1.558304587637171501e-03
1.558791527006886390e-03
1.556228223001054900e-03
1.556483411151998730e-03
1.554930622687966668e-03
1.555574477319021653e-03
1.557510806144413174e-03
1.553809060344191195e-03
1.554336838266112686e-03
1.556463358633242144e-03
1.555182477259164919e-03
1.559914436046749842e-03
1.556912019671785607e-03
1.554260929113149281e-03
1.559732746096109679e-03
1.555289136100035385e-03
1.555002873944499875e-03
1.550344867581765484e-03
1.549529218347611703e-03
1.550660438038198308e-03
1.552506391338526193e-03
1.551138271673968561e-03
1.551275575208510560e-03
1.549417071576852933e-03
1.549307834013080587e-03
1.547618221391933169e-03
1.547154789561355770e-03
1.549479024921973647e-03
1.545980627164822430e-03
1.545825533428191179e-03
1.547698941936626049e-03
1.548768193206373489e-03
1.545236707070851701e-03
1.544971479068846243e-03
1.542349561046929551e-03
1.541318018647985788e-03
1.541389138481341625e-03
1.552770757663801682e-03
1.546528976805516820e-03
1.541218252093856655e-03
1.540589968763050877e-03
1.541221550936944240e-03
1.543724742366192615e-03
1.537227128032836454e-03
1.535995288391545088e-03
1.536415042653005436e-03
1.541015396214651112e-03
1.534219247173229661e-03
1.533625909404867649e-03
1.536545642137343570e-03
1.534376037018114758e-03
1.533890475239552131e-03
1.531573983534983974e-03
1.531031428300133612e-03
1.534648214334688454e-03
1.530812378914725436e-03
1.530986507507492433e-03
1.531081822843449736e-03
1.529471516704905554e-03
1.529615428320529880e-03
1.530278657996597680e-03
1.533068509289692294e-03
1.528766751003218793e-03
1.528651892336418960e-03
1.529670021899409704e-03
1.527986934366731830e-03
1.527857324247872128e-03
1.532682947580910060e-03
1.531196975109616609e-03
1.530668398924572848e-03
1.529664780178352501e-03
1.530207140937545063e-03
1.527043491375668083e-03
1.526952655779956203e-03
1.528992644724835870e-03
1.527288939135229562e-03
1.528462365235405684e-03
1.529067533498462694e-03
1.528256879629985576e-03
1.526393782077528627e-03
1.526281213547253657e-03
1.527522316234763977e-03
1.531407895571601507e-03
1.528140242091136081e-03
1.526141545679426947e-03
1.526099773591416131e-03
1.525899985884815457e-03
1.525923274517837491e-03
1.527158562807606756e-03
1.526826108961043538e-03
1.525818771504927618e-03
1.525767099092023571e-03
1.526571461753611914e-03
1.525767099092023571e-03
1.525760730242908814e-03
1.525791255162167737e-03
1.525765555349112290e-03
1.525722492451753176e-03
1.525843375847713013e-03
1.525753687152242577e-03
1.525811043363134445e-03
1.525766289528607267e-03
1.525795978322252999e-03
1.525722492451753176e-03
1.525760645615048539e-03
1.525740627044469555e-03
1.525749153516886558e-03
1.525702984945254137e-03
1.525798370409003901e-03
1.525723703517445351e-03
1.525743654892330881e-03
1.525714864784033509e-03
1.525762225371263270e-03
1.525737768686363793e-03
1.525702984945254137e-03
1.525746764935664856e-03
1.525717695016859388e-03
1.525681379350940503e-03
1.525669853305267054e-03
1.525730023878901775e-03
1.525696935352094386e-03
1.525756532223754292e-03
1.525713508848780542e-03
1.525655826188576647e-03
1.525648606838014842e-03
1.525648606838014842e-03
1.525744243494275842e-03
1.525611816795113818e-03
1.525620896340895705e-03
1.525646946673120397e-03
1.525652934949883743e-03
1.525642729189868874e-03
1.525672019197177320e-03
1.525660165535236423e-03
1.525593846197992320e-03
1.525591595861075511e-03
