1.788336961281663529e-01
1.531776369657396053e-01
1.800202667559596126e-01
1.742372030237077096e-01
1.781449645749908495e-01
1.744000138923414989e-01
1.788497198423890655e-01
1.788499481067540309e-01
1.797364249211399478e-01
1.785190150710747048e-01
1.700691065569016613e-01
1.680383673636920427e-01
1.664859526110009647e-01
1.637686037048081689e-01
1.604625859972755864e-01
1.568386231771495831e-01
1.525172557780682947e-01
1.497234565812887164e-01
1.507505513806418618e-01
1.458043863211619939e-01
1.427206488639523041e-01
1.439215589246777283e-01
1.405137573125564421e-01
1.375249086407027699e-01
1.356802050003987903e-01
1.323437025757614460e-01
1.314613912826979591e-01
1.279744198595834659e-01
1.275448388954700807e-01
1.239962999697491464e-01
1.238896303968187729e-01
1.203484303267535749e-01
1.202866735696781486e-01
1.167661187314981142e-01
1.152295600474428916e-01
1.114410495937376844e-01
1.079436095846847410e-01
1.035195100477680485e-01
1.047281598590158458e-01
9.784440322026421999e-02
9.316601873241436849e-02
9.305956431922013383e-02
8.841943597563106660e-02
8.843800399726375883e-02
8.411238448409796842e-02
7.957106452589446377e-02
7.830406659176469830e-02
7.360196159505716373e-02
7.188638722803142311e-02
6.697790305674644618e-02
6.467082630435294632e-02
5.945419447374544752e-02
5.855904603855688340e-02
5.331702044803443563e-02
5.381199192312857704e-02
4.502529968191171239e-02
3.945361073107300776e-02
4.250256513686501147e-02
3.726971605519568964e-02
3.239972738468288593e-02
2.674838920848721102e-02
2.123147205691511274e-02
2.210232964217029306e-02
1.696313060937570949e-02
1.204245421134864102e-02
1.149674600315997441e-02
6.808329134649016012e-03
7.160682692293529605e-03
2.702994654105173034e-03
1.384192250871940644e-03
5.498717565774358107e-03
7.229795438751240866e-03
1.235969712038409440e-02
1.506885956372405744e-02
1.572440909526484631e-02
1.949746263385687683e-02
1.624615297721954121e-02
1.216498112942243637e-02
1.998946451179406392e-02
1.220698959457200417e-02
1.973703887202515883e-02
1.154066672304931984e-02
1.439242184598510388e-02
9.298566527923046721e-03
1.534985874497152292e-02
9.083797500641477285e-03
1.366877204714378458e-02
7.191224941971774420e-03
1.417598390553309606e-02
6.952838841001174330e-03
1.267500026770629340e-02
8.699714784576428883e-03
9.186719055609859907e-03
5.884207035193766977e-03
1.312024020231050692e-02
6.351760594137445537e-03
1.329340543762846938e-02
5.976628502087022454e-03
1.157657394488831315e-02
4.836486705381615181e-03
6.376822538605830815e-03
8.788063291957248779e-03
4.341163658247881862e-03
9.098015672557524525e-03
4.121082516564622544e-03
9.158624550720473323e-03
3.915394150534767803e-03
5.286471684253668535e-03
8.242031048256492909e-03
4.410543359084861947e-03
8.188810922773126499e-03
4.080885274508894156e-03
6.119784290804286542e-03
3.852326714713805167e-03
7.596471632237200566e-03
3.749120083698320727e-03
5.518092138257602031e-03
3.474249053197597803e-03
6.573058526351371889e-03
3.277410163291083478e-03
6.307194585731701331e-03
2.926915292163378979e-03
4.217104406888383394e-03
3.018838755640018690e-03
5.466250591346755172e-03
2.525596465559165615e-03
4.064854337040291199e-03
2.728327024605237128e-03
4.101722905377247486e-03
2.580868856355555963e-03
4.373426165051874648e-03
2.503321027849336744e-03
4.709536033228656215e-03
2.567161077426938220e-03
3.980827502394035378e-03
2.260046416339145381e-03
4.026442433119337139e-03
2.239604415440465957e-03
3.914959182176214192e-03
2.027752057607523639e-03
4.026938041773342469e-03
1.930515102596563892e-03
2.752495691798140243e-03
1.849333600910774145e-03
2.731202462215476245e-03
1.721046719147412141e-03
3.405225670355727097e-03
1.709268454400669768e-03
2.689302178156438572e-03
1.691381133905434098e-03
2.834025492965075443e-03
1.648998823182701301e-03
2.740331922759464689e-03
1.462262158081872876e-03
2.592503884437213912e-03
1.536227025631609067e-03
2.473320705898673921e-03
1.369408876027211619e-03
2.497495549631967293e-03
1.281181875102399559e-03
1.999860750787396668e-03
1.240601580378419833e-03
1.964111303331739222e-03
1.134993987881416366e-03
2.102729384258039680e-03
1.149948006407663925e-03
1.945077983600329574e-03
1.117594231276664019e-03
2.015708498978474594e-03
1.070554092278852565e-03
1.743109301671319500e-03
1.051606596124354809e-03
1.817908176131144415e-03
9.464586089313886674e-04
1.642252806691946176e-03
9.579284683847166804e-04
1.626156296672287560e-03
9.248053635773079151e-04
1.613879695012587767e-03
8.505543631185386033e-04
1.379104021278276804e-03
8.308003267125663172e-04
1.458746368913632629e-03
7.622148730137556782e-04
1.250496746711293738e-03
7.608880219812652612e-04
1.316832734301609520e-03
7.375188719539460536e-04
1.342716751603356684e-03
6.938376403983204099e-04
1.166451684769476138e-03
7.201897952098246236e-04
1.167285636237469504e-03
6.500185154052484648e-04
1.135609986230301516e-03
6.225381395770224202e-04
1.080792709406752650e-03
6.242595601391176530e-04
1.054642465019406394e-03
5.645564682759118824e-04
9.387640406888220213e-04
5.560870864766975785e-04
9.494284671490715866e-04
5.054003239648441337e-04
8.553280500831483835e-04
5.095655307345570151e-04
8.850716872894626164e-04
4.860078905980502739e-04
8.414143818814556752e-04
4.852336371226062539e-04
8.355841408487219013e-04
4.569528111939558102e-04
7.732944034826161328e-04
4.400804334723229516e-04
7.698178586683646074e-04
4.140892433492915359e-04
7.085822747270320576e-04
4.167862218228401971e-04
6.963828641910474460e-04
3.741412835913671131e-04
6.316402167403367685e-04
3.726633834323367367e-04
6.145442931217992566e-04
3.357188318137138694e-04
5.869806897605966967e-04
3.404349638091996866e-04
5.891365675927406897e-04
3.201639246496190694e-04
5.615483663877762766e-04
3.269308298199380403e-04
5.554236029552406251e-04
3.008781196504051181e-04
5.149170996300300729e-04
2.975425134950082651e-04
5.094613140443904342e-04
2.741225566629257315e-04
4.746048707059413729e-04
2.794766982030516544e-04
4.551012451026181793e-04
2.484175873445071403e-04
4.298178131636465338e-04
2.491647770529459294e-04
4.145637272234825588e-04
2.260049877740311075e-04
3.864179386594557286e-04
2.245190229346327726e-04
3.985162998152436131e-04
2.168701426012997757e-04
3.682761512817656069e-04
2.143347487644220450e-04
3.682574860555121177e-04
1.980371244668654995e-04
3.442312441117589827e-04
2.010006461043989390e-04
3.398622558783426229e-04
1.854145522879324659e-04
3.161201995469653525e-04
1.834761603592971468e-04
3.058421459036786416e-04
1.639431018499726278e-04
2.833345177184476427e-04
1.675768933464549804e-04
2.740024578524735688e-04
1.500180665769956789e-04
2.597196241913568571e-04
1.501464939419605571e-04
2.630773249352458265e-04
1.438825033936996789e-04
2.478530654221877683e-04
1.434296987766758846e-04
2.457965151494434508e-04
1.334357259845653232e-04
2.286805687388149266e-04
1.325986559355118999e-04
2.254962975419827487e-04
1.228836068203342791e-04
2.115786612377767995e-04
1.229097124630929017e-04
2.039990119446777328e-04
1.110027678625780112e-04
1.886698196664760019e-04
1.098981848136615369e-04
1.837345030606396534e-04
9.895207993926291579e-05
1.717203332839423169e-04
1.010311751676873371e-04
1.750608223858307610e-04
9.530381374656116122e-05
1.653502055709576979e-04
9.612431134786714182e-05
1.633122194242275782e-04
8.840789506470159154e-05
1.526192395713277250e-04
8.891387527232286203e-05
1.505015461840120139e-04
8.103780149915085218e-05
1.406372450575288369e-04
8.272647027451895951e-05
1.349854337092670775e-04
7.350653398185968967e-05
1.266854642043568901e-04
7.367533502578016424e-05
1.230943499791470330e-04
6.687054139420389731e-05
1.137445089338662285e-04
6.638125814928397261e-05
1.175665744368448173e-04
6.341461367231904234e-05
1.091401029875704864e-04
6.413070896815753485e-05
1.091081922754977285e-04
5.860689060266377481e-05
1.012291984781032994e-04
5.956791387262683202e-05
1.003673273960448142e-04
5.480312216588067997e-05
9.360775628075579391e-05
5.431448745130129652e-05
9.055537258495505171e-05
4.854692988376374529e-05
8.374603515270973020e-05
4.951686092469209655e-05
8.097432972853368938e-05
4.431836867335725572e-05
7.687509538989445446e-05
4.446075540887051147e-05
7.775468105242211436e-05
4.248308033494296865e-05
7.333322588176649504e-05
4.249695692137844816e-05
7.248621119571030391e-05
3.945404404337438109e-05
6.763596123171566887e-05
3.929829310034271828e-05
3.929829310034271828e-05
3.022489562286567732e-03
4.238956458870735133e-04
1.693772633912127290e-03
1.155884341961010975e-03
1.443771283303973973e-03
5.599831280566069935e-04
7.048845256037994389e-04
4.686026870984738579e-04
9.489146375537771405e-03
1.180786293079993943e-02
6.854979886200984751e-03
7.948469552959580575e-03
4.891296751585949565e-03
5.393520669437212867e-03
3.463399048434290250e-03
3.680391030162044608e-03
2.441034934539176859e-03
3.985506463259014254e-03
1.878391875187013227e-03
2.268010066968861871e-03
1.518491975988522924e-03
2.146765451528143132e-03
1.238342767703959346e-03
2.096820716922853656e-03
1.143282616850926914e-03
1.761071551442894290e-03
1.002951174034261150e-03
1.787887475352412103e-03
9.740374666156181860e-04
1.435299262638523032e-03
8.186873980853270893e-04
1.458686278524523594e-03
7.813021815010756654e-04
1.485499756910146907e-03
7.558642696341433265e-04
1.084067820002365679e-03
6.782292497540254317e-04
1.288459078737758112e-03
6.406701282417603949e-04
8.596625283194825329e-04
5.578943115891465965e-04
1.073288042164666223e-03
5.104127663186908137e-04
1.082422046341569022e-03
4.822312641985515569e-04
6.423314189873963187e-04
9.223055844533867287e-04
4.299786189649879020e-04
6.493935003567541386e-04
4.515650146685867838e-04
6.833628387076240429e-04
4.431517789473815583e-04
7.325927893515604694e-04
3.561788918448050012e-04
7.899244552338480219e-04
3.493821165604371615e-04
4.812142120822482383e-04
6.570146149492694931e-04
3.110482386330382099e-04
4.725514171315392531e-04
3.318907227338740995e-04
5.875741787022548124e-04
2.905808364545015010e-04
4.428461457198773488e-04
6.312191939854550071e-04
2.819940392031483611e-04
4.157826317912061143e-04
5.961612494320700506e-04
2.715973035464225305e-04
4.475101478147447409e-04
3.006384127470784762e-04
4.373286409620202875e-04
2.883006178338032299e-04
4.774560906863900556e-04
2.260069846636847402e-04
5.050275668674331087e-04
2.178044718377236677e-04
3.039620937651532628e-04
4.149691404140565254e-04
2.012994958560110348e-04
3.075482475476398747e-04
2.082944914101325651e-04
4.196381296216467049e-04
1.949712047129015247e-04
2.695508624641629325e-04
2.912254761647803392e-04
2.010164826198312937e-04
3.015126857105476788e-04
1.937126349196294228e-04
3.555695873060926715e-04
1.749760220386420428e-04
3.086769898562602421e-04
1.876970411078815459e-04
2.978223542422497871e-04
1.442672106310993740e-04
3.108375355296288944e-04
1.365577033028975151e-04
3.128270238468289222e-04
1.271738347476958353e-04
1.645269099486146303e-04
2.473952800248202522e-04
1.331629670364709028e-04
2.578962475217050354e-04
1.270693302506398226e-04
2.683854974527832837e-04
1.236177181282993587e-04
2.877372241263387309e-04
1.181591855121677526e-04
1.515327856849157939e-04
2.115185900066762770e-04
1.068657768390490759e-04
1.621602147924283699e-04
1.038537770070568911e-04
1.863149757848070465e-04
9.294721723163146265e-05
1.906932417541362668e-04
8.634905992710439904e-05
1.280815792872314063e-04
8.790275950243398029e-05
1.399655413878431176e-04
8.586777282582058746e-05
1.617453321113293541e-04
8.345001269938201460e-05
1.664031935814103136e-04
7.959775816823722039e-05
1.743863394155775737e-04
7.488652866749490045e-05
9.650533527816307355e-05
1.160630733665346526e-04
7.037216359595532822e-05
1.143454495075024724e-04
6.436177559887568123e-05
1.088970626363927607e-04
6.176863832307866176e-05
1.104464578758346249e-04
5.745923998845547942e-05
1.154987594120804317e-04
5.542143994774484383e-05
1.212535770058753570e-04
5.401401039051290098e-05
7.878819099360612199e-05
1.097134160604751330e-04
5.081831937592262705e-05
7.703947903436869638e-05
5.347125927457341277e-05
8.343748073569301482e-05
5.140634114475517435e-05
8.051559647981321177e-05
4.737771103235921544e-05
7.816841679264552312e-05
4.261532392679789893e-05
7.062489472242639010e-05
4.138865109937217568e-05
7.021328012002392427e-05
3.788457021436375527e-05
7.218539188791339711e-05
3.588662999420844102e-05
7.460097870159998479e-05
3.427869657679494253e-05
5.258410144115543972e-05
3.625250096872534300e-05
7.114054821000248552e-05
3.307523470286177769e-05
7.327835529513659907e-05
3.194563607800127158e-05
7.314088287613262906e-05
2.901789566900347950e-05
7.129894881885423530e-05
2.523820220501349354e-05
2.734833831907756974e-05
3.637708031201114522e-05
5.528434356039113595e-05
2.361687147145463683e-05
3.612354427651176536e-05
4.023949059006604045e-05
2.450850108970392682e-05
3.894044475072355738e-05
2.371760888020268965e-05
4.508858484353339691e-05
2.348797245455003235e-05
4.579206395760593296e-05
2.199913011102783145e-05
3.438232943964170119e-05
2.295043334044066796e-05
3.472028201090271438e-05
2.180821037622848735e-05
3.327881686110423232e-05
1.951847134007422824e-05
3.353770655711851845e-05
1.810793494616547150e-05
3.280684438589087648e-05
1.638064078890444364e-05
2.595014047090948850e-05
1.677167533609136285e-05
2.501695579604223951e-05
1.584874920168566348e-05
2.819893689154362448e-05
1.566347889558894479e-05
2.990510638012366940e-05
1.531802247645153159e-05
2.533372183965987290e-05
1.565549833770774057e-05
2.822852976991363505e-05
1.430514722799980376e-05
2.361086763369435459e-05
1.489015206046495621e-05
2.229751158644432962e-05
1.313762924315398095e-05
2.207802508646938833e-05
1.199612680879980076e-05
1.925076539066594705e-05
1.125509748212127903e-05
2.000693589776503245e-05
1.082551373765561209e-05
1.737335842255660623e-05
1.058646599061408011e-05
1.899843882702256792e-05
1.035053971010224672e-05
1.818422806132424796e-05
1.052199063922287792e-05
1.865244552856637483e-05
1.012181325166228163e-05
1.712885070370706586e-05
1.000784984750424655e-05
1.747084220249384146e-05
9.441791961717349579e-06
1.496832225778010894e-05
8.846940371398659408e-06
1.456626654761095097e-05
7.950431039738248273e-06
1.297768478059069253e-05
7.546849553285994716e-06
1.316878540236210426e-05
7.161478185135905505e-06
1.184518244423671263e-05
7.077245511299956604e-06
1.290988160052020106e-05
6.958208850660341227e-06
1.183757125855500192e-05
6.952073284272053399e-06
1.233613959161772300e-05
6.687918456038666193e-06
1.150995315279956799e-05
6.724566818494537301e-06
1.153270784870485954e-05
6.233507271802274374e-06
1.009759337922133682e-05
5.954033181598816782e-06
9.662842905155955009e-06
5.265108184326905416e-06
5.265108184326905416e-06
5.865275414002057985e-03
6.220587933274401848e-04
1.522584000928528525e-03
1.414415386872258651e-03
4.333442302182355377e-04
1.421522106380801453e-03
5.949587049858262588e-05
1.244595043229157483e-03
8.275239968044800776e-03
8.011043532384243271e-03
5.151428731392848626e-03
7.569896854824786914e-03
4.058191816877831926e-03
5.773184180682067179e-03
3.316509067589845650e-03
4.861765065397594121e-03
2.804534461977814530e-03
3.997587562172943976e-03
2.125033954115007617e-03
3.123675530790515076e-03
1.947357250928094530e-03
2.766110464214488474e-03
1.344729805347943952e-03
1.995310130642247159e-03
1.366593629590573400e-03
1.608356719558612369e-03
1.065541118600910053e-03
1.862354720486791848e-03
8.934457252390837212e-04
1.460593976719049003e-03
9.942894578194305666e-04
1.465516264727684259e-03
9.450558213084381265e-04
1.743807148636200566e-03
8.597278871227409525e-04
1.642131925025491768e-03
7.705325940697838050e-04
9.805034436867199332e-04
1.359318504752571322e-03
6.463609688474036830e-04
9.883585642032066687e-04
6.712918227940178895e-04
1.292449904238379688e-03
6.103140707369725249e-04
8.719974811770558887e-04
6.109801103681977708e-04
1.175162133084217686e-03
5.429266983678626701e-04
1.097143770113051531e-03
4.702805674634547017e-04
1.074741080198338139e-03
3.978990009723126775e-04
4.584764908728278243e-04
7.283599572215360141e-04
4.309660034116369332e-04
7.156448586964625491e-04
4.129570195254839149e-04
7.517863097961097196e-04
4.049911204835332512e-04
6.150844734147398185e-04
3.640667134694464124e-04
5.502851948140374816e-04
3.088015921071107783e-04
5.843947266417348629e-04
2.968297678846987253e-04
5.023768738706690939e-04
3.002602986044156097e-04
5.186451004258740838e-04
2.928944254558807359e-04
5.082897923603946211e-04
2.743968993035306170e-04
5.259878020077435323e-04
2.640506069129244793e-04
4.223410318202613922e-04
2.709627795428604102e-04
4.120495509905008902e-04
2.446187410538591678e-04
3.640634854278346211e-04
2.035254060012148258e-04
3.662753624147363496e-04
2.029744545175571346e-04
3.566261499918788047e-04
1.961245297823488443e-04
3.515225685528644561e-04
1.975723370333248852e-04
3.415409942050251502e-04
1.812605940509914859e-04
3.048477211879951909e-04
1.821981401960437452e-04
3.283340830044778613e-04
1.740689860481037243e-04
2.738190655415806418e-04
1.650201220497748977e-04
2.381688614128130155e-04
1.349371272635346841e-04
2.475938208811312435e-04
1.361717345835788961e-04
2.535543351137592438e-04
1.300555155980820388e-04
2.167363033507285763e-04
1.326777478733998095e-04
2.136682740829787264e-04
1.213308155479930761e-04
2.171797038291733983e-04
1.207918922410122775e-04
2.211755343652921368e-04
1.139160436403052756e-04
1.800830873914804897e-04
1.121185683716774406e-04
1.795102603714404665e-04
8.887010950053841896e-05
1.430424453234824256e-04
9.198549795219612690e-05
1.510586442672323670e-04
8.915948860621636385e-05
1.623244577740878825e-04
8.600387874801995736e-05
1.368859960817481181e-04
8.170476200808352019e-05
1.503053340025095608e-04
7.955858407204807747e-05
1.507597588910059017e-04
7.358338612006853907e-05
1.166192332309190505e-04
7.709168643443842228e-05
9.914569166658004917e-05
6.255484483186357636e-05
1.028054367526731738e-04
5.974728607238688483e-05
1.096100336591687707e-04
5.894681115403699323e-05
1.122995070970134179e-04
5.598155461128406785e-05
8.676442535304751402e-05
5.588387276567186035e-05
1.046193182543397882e-04
5.150415417687348452e-05
8.077554776253492719e-05
5.293265317829476402e-05
9.804354213627242132e-05
4.740804122538300192e-05
6.225828606010175292e-05
4.329706004746469716e-05
8.255968524850665347e-05
3.795302775477793489e-05
7.645399080469239550e-05
3.617107113051964973e-05
5.363629250310086860e-05
7.452747088398936626e-05
3.612558447518843252e-05
5.780589052584161891e-05
3.844063897640026539e-05
5.838612292508038593e-05
3.632200509395833166e-05
6.201786438264633716e-05
3.533208094819162426e-05
6.185045956297319236e-05
3.425462609052409846e-05
6.052714063309316828e-05
3.094791312396871774e-05
5.940644683699591866e-05
2.769270915670141164e-05
3.722564571373432329e-05
5.342548058084872764e-05
2.395220021367272523e-05
3.532696565466952876e-05
3.823222352505872834e-05
2.484911497491193444e-05
3.498455938522049280e-05
3.214215536140319074e-05
3.982050872486375681e-05
2.367919613410762736e-05
4.231864011483565946e-05
2.328121950589956413e-05
4.527205274196255402e-05
2.391697339132470290e-05
4.291603737172078326e-05
2.267908579023369953e-05
3.602197986318778078e-05
2.160830437736294130e-05
3.888794551731855620e-05
2.042590434303548363e-05
3.774863853533982905e-05
1.795306243623784326e-05
2.501467848348148948e-05
1.715192724116576528e-05
2.520972310526836679e-05
1.626731933945801956e-05
3.298918118121996201e-05
1.571825596524689672e-05
2.499270390132757313e-05
1.615500252483137444e-05
2.614696950353767591e-05
1.563825108408245512e-05
2.849788455394630660e-05
1.498743642991406944e-05
2.428506795393303719e-05
1.456122146203941981e-05
2.577860579722202061e-05
1.346071050223329735e-05
2.455132502032775221e-05
1.160693731905304560e-05
1.732489531414138639e-05
1.183350056199738987e-05
1.719252675114191220e-05
1.105182604432819460e-05
1.834164978964381021e-05
1.081596376872884235e-05
1.988250886786335769e-05
1.045166937818642339e-05
1.770342255347223670e-05
1.048166381145687609e-05
1.867256423859764425e-05
9.926006473648385509e-06
1.660981293594154806e-05
9.790475863025172032e-06
1.681681284082525707e-05
8.899038624887722904e-06
1.320202937660219789e-05
7.975213773492306757e-06
1.485510134746625965e-05
7.658358119222441474e-06
1.205845395579885349e-05
7.454115068861177917e-06
1.264031714320879018e-05
7.185169316414885543e-06
1.302234078526254279e-05
6.841979460436853344e-06
1.177637562943534277e-05
7.107475088474757285e-06
1.190321265098770454e-05
6.646466883752921717e-06
1.167832466952845039e-05
6.507639917496810256e-06
1.062070431612216481e-05
5.963329192448796334e-06
9.422772714096083746e-06
5.289794103413569815e-06
9.239918954628834058e-06
5.138496041112716739e-06
8.722435364205693986e-06
4.935914318604517348e-06
8.993492521591761601e-06
4.678300841942650834e-06
7.835725160276751922e-06
4.838548531838071654e-06
8.620661802405393814e-06
4.445346662551585837e-06
7.364940118215201892e-06
4.546110588643514916e-06
8.391308109700901241e-06
4.227334303830154738e-06
6.477852326547406392e-06
4.097920170975655196e-06
6.905274594126709076e-06
3.403313795113938056e-06
1.040785951944567245e-05
4.030022999090832059e-06
5.958888694590491752e-06
3.472686609828912196e-06
6.010481379270515845e-06
3.241527197439530994e-06
5.498449817342709878e-06
3.265889442882752292e-06
5.744519846029305654e-06
3.070393445492314299e-06
5.179863600490719477e-06
3.076744290231303580e-06
5.479731878477167584e-06
2.912438841096154363e-06
5.614101110440472553e-06
2.722148870870633175e-06
4.282687666279372252e-06
2.832275958208896327e-06
6.632118748073345671e-06
2.921374351760874788e-06
4.147315972535814410e-06
2.321875778532600521e-06
4.030337229066205396e-06
2.261805917003201216e-06
3.857067000567759862e-06
2.180802987528096537e-06
3.826523218730670806e-06
2.151916011272625440e-06
3.642976067586012334e-06
2.056913398718052122e-06
3.639167384772434843e-06
2.037813914168573604e-06
4.433016371652165333e-06
2.035192115501516241e-06
3.442245704921020888e-06
1.937038014432346245e-06
3.358872570746740394e-06
1.889927786269396393e-06
3.233711729277999325e-06
1.811988842748135653e-06
2.753753803430569747e-06
1.552495543899468089e-06
2.691194499027105280e-06
1.502530748376251779e-06
2.565549424238255938e-06
1.457080163413948526e-06
2.556781645068895159e-06
1.428268706193946969e-06
2.421357582327310354e-06
1.375577527884530582e-06
2.430502776817888844e-06
1.352114806452142659e-06
2.831747496045977641e-06
1.397256579771521956e-06
2.299804727101673052e-06
1.287548149875306081e-06
2.231465133006871326e-06
1.261937680574476417e-06
2.159830151837738299e-06
1.205073333787609613e-06
1.828686700844350810e-06
1.038675769837738017e-06
1.797375674961187997e-06
9.972462526874892319e-07
1.705765343973375536e-06
9.745050593146231677e-07
1.708218770213321136e-06
9.472250145359240037e-07
1.834732607841615959e-06
9.514789554021518825e-07
1.716079047087148979e-06
9.039790556109039699e-07
1.512773002643186260e-06
9.136746377258475604e-07
1.529989910098450423e-06
8.560714108707401238e-07
1.489241597707469111e-06
8.423729529472012700e-07
1.435607970279306755e-06
8.015879233713718577e-07
