7.887308039944226357e-01
7.651457764962192876e-01
7.822903807896449679e-01
7.852173594264822976e-01
7.926323317420636005e-01
7.883536789806903089e-01
7.908271056248643571e-01
7.903556665463915554e-01
7.867965288996707773e-01
7.917941138147540636e-01
7.783684870410140233e-01
7.762174781230295473e-01
7.739342672517514066e-01
7.707415788953441149e-01
7.683664772378073771e-01
7.642851367804955887e-01
7.615976254697421899e-01
7.602359392551392148e-01
7.572711411570145490e-01
7.555975552528779726e-01
7.522932632096015482e-01
7.518707554980572638e-01
7.484813792335578420e-01
7.491631319188526428e-01
7.453055551879778085e-01
7.418667957413821457e-01
7.404734303320118505e-01
7.367569068549193467e-01
7.361266165969810871e-01
7.322872551066575975e-01
7.304999715916145053e-01
7.263079146183124557e-01
7.250994020704425447e-01
7.206718338345667885e-01
7.195884192083781272e-01
7.149571061115338466e-01
7.145429556242171021e-01
7.098442977494382466e-01
7.100928963882982003e-01
7.045942510420071248e-01
6.997147019973712911e-01
6.945744950513584870e-01
6.887102938999802859e-01
6.894005556169200410e-01
6.840272126969200173e-01
6.783231973353233135e-01
6.765998609060688285e-01
6.706074601440270566e-01
6.702378384625330421e-01
6.642277518007411174e-01
6.634518888689845406e-01
6.573608443710392546e-01
6.564173469629819291e-01
6.502144047100799629e-01
6.481545896241838189e-01
6.416455097448581224e-01
6.340704555832695766e-01
6.262831757770610519e-01
6.277214014329177694e-01
6.240381153031389072e-01
6.173319787591209362e-01
6.100793438552591930e-01
6.022627586556869028e-01
6.033433052731248525e-01
5.963499552449660346e-01
5.890899272812444298e-01
5.866336478463440862e-01
5.792208459013055144e-01
5.766856745775301718e-01
5.691524754932233421e-01
5.666974758962226577e-01
5.591627244627599413e-01
5.575400734790632029e-01
5.501999051577051159e-01
5.529217306310305613e-01
5.413680944903431769e-01
5.345663167781732339e-01
5.329718218862548040e-01
5.266417354077257418e-01
5.282312143904632773e-01
5.183134937290851951e-01
5.131390374305511148e-01
5.135354147810065051e-01
5.093680250938004139e-01
5.058652567612075268e-01
5.058903874483908769e-01
5.037324683058581609e-01
5.020946771796637176e-01
5.016025255203639954e-01
5.013196084100659533e-01
5.021331752917487234e-01
5.024120201812423137e-01
5.047875742821252842e-01
5.115840501285042752e-01
5.115527680529676768e-01
5.223755930394791136e-01
5.062008608389132469e-01
5.122015432540101276e-01
5.062057815718646880e-01
5.131844788127974955e-01
5.060839480711216698e-01
5.077189096896619347e-01
5.035141026770348915e-01
5.089729397188331728e-01
5.034042357005741319e-01
5.071924015837298017e-01
5.034920409248055950e-01
5.082373412006804259e-01
5.032913005874921630e-01
5.100930836226668097e-01
5.031234027513269425e-01
5.048024043682911577e-01
5.029766049641894998e-01
5.038319134101785224e-01
5.023336014791288662e-01
5.039266564746878174e-01
5.023096308349731531e-01
5.047416604227359382e-01
5.021898424527648785e-01
5.047583527918666491e-01
5.021286068613284304e-01
5.056035602617466873e-01
5.019680934177315201e-01
5.026764752831676120e-01
5.019321505784475335e-01
5.031451420628048066e-01
5.017683903494680742e-01
5.033462277567132270e-01
5.017096996494890826e-01
5.033794855707918181e-01
5.016975984417180179e-01
5.020621538640503978e-01
5.020812184735168326e-01
5.018348756634245511e-01
5.024103613996340201e-01
5.016370025604690586e-01
5.030524617822954569e-01
5.015762019792361359e-01
5.019060979879723661e-01
5.022238139170855931e-01
5.015775558494530717e-01
5.019760709675011867e-01
5.015778161028873194e-01
5.022842068591325537e-01
5.015361751548361724e-01
5.022096122216922476e-01
5.015032865161976883e-01
5.013196084100659533e-01
5.021843624629459546e-01
5.013069884145513466e-01
5.012847193861378337e-01
5.013032642545336426e-01
5.013025701919181509e-01
5.013674004890046332e-01
5.013108773300130050e-01
5.012956189689145026e-01
5.015049193927350046e-01
5.019034434540605716e-01
5.015489820855542069e-01
5.012847193861378337e-01
5.016430046441702206e-01
5.014346477859192852e-01
5.013167210738880275e-01
5.012279377488726428e-01
5.012427821100080561e-01
5.012741243213422182e-01
5.012639498163190543e-01
5.013314751175395045e-01
5.011780375017551581e-01
5.030879024592520565e-01
5.012941359647948847e-01
