8.514471577626636645e-03
7.523826508835873561e-03
9.627536143027359827e-03
6.630250793067116177e-03
5.533577353927343623e-03
5.076943286563051494e-03
4.423905268680861091e-03
4.176186599765929763e-03
5.763757440654604380e-03
5.779273817422270199e-03
4.514380191018130262e-03
4.632264341039471489e-03
4.273206739498491835e-03
4.024450009757263302e-03
4.090095097178392258e-03
4.635374386816382142e-03
4.098271619819016109e-03
3.949768968220301879e-03
3.907509524335717188e-03
3.746298989813268143e-03
3.592536406102353475e-03
3.561859914299692065e-03
3.564758097280962268e-03
3.203755935909602393e-03
2.940497764905902756e-03
2.878696546055214966e-03
2.690940956209697532e-03
2.048411627039503635e-03
1.597106611876064619e-03
1.519409185040898613e-03
1.569042017926736143e-03
1.004407336556156771e-03
1.358944033877929058e-03
1.109363285402231725e-03
1.158893971470398299e-03
9.517544294177504582e-04
1.446668695097130808e-03
9.417226870531703042e-04
1.125448588479849299e-03
9.319896163865193373e-04
9.882818884683342020e-04
9.252009601863342425e-04
9.871199292686982929e-04
9.225575826954379721e-04
9.476778982763223169e-04
9.222882389684494697e-04
