6.360197177307645999e-01
6.074985830444147306e-01
6.559480437065439151e-01
5.762010277065124919e-01
5.183150144920396496e-01
4.704263294814482466e-01
3.566854979240016155e-01
2.297982955724624521e-01
3.883396651445647496e-02
5.684741308392671222e-02
1.031927142514410534e-02
3.668090734038496059e-01
7.401984467560662750e-02
6.808460995101506263e-02
7.473443753125308398e-02
7.290110428173268708e-02
4.925222549153207563e-02
1.988316762358840473e-01
4.205276866633278487e-02
6.983024255748171427e-02
7.132289125840962640e-03
5.140955968537985754e-02
2.369488872845249006e-02
2.331717807632194273e-02
1.036073016883620745e-02
1.318051714571022437e-02
4.172096725989615784e-03
2.308184104130317493e-02
2.525724831008213656e-03
5.329215973550294194e-03
2.296631302519447360e-03
8.747308509351015005e-03
8.498698028546192162e-04
1.083570493467966855e-03
4.291004849187207704e-03
6.726703880026718707e-04
9.039343823527001831e-04
4.092207928210189749e-04
1.920821700882369143e-03
1.530505669510295874e-04
4.178232539191473194e-04
1.445333050027475252e-04
