4.785086816692400991e-01
4.631393463121910026e-01
4.702793915478173936e-01
4.539776937436813542e-01
4.403461137223156907e-01
4.325203292824667534e-01
4.116675893180954393e-01
3.839433626993644655e-01
3.375241553626503466e-01
3.036313965889750888e-01
2.280120852557344646e-01
1.472356556343925593e-01
3.694478655919786192e-02
1.266581245235087749e-02
2.044530662779042718e-02
2.275436194629687492e-02
9.929041389613024737e-02
1.274997572785774302e-02
1.227728253342803555e-01
1.813712416137303052e-02
3.746348550001421529e-02
2.132685287374491701e-02
1.271196370279303878e-02
2.137029745001473025e-02
7.294694868776097074e-03
3.757605157511700877e-02
7.451422158521792127e-03
3.769154938857544046e-02
4.006642618663125432e-03
4.109100942141230561e-03
1.268990412534765078e-02
1.285689575953319341e-03
1.418387373434915055e-03
7.371843640917696838e-03
1.411909581300330174e-03
1.527385446121964918e-03
6.608110849938286790e-04
3.479400828965806269e-03
2.354798433710225680e-04
8.403003218691029730e-04
3.180524660837402706e-04
1.195459257515629758e-03
1.895583769438990984e-04
2.731984689735567073e-04
1.245540430300229318e-04
5.529864009098384159e-04
3.969322868191405007e-05
1.039472870332236454e-04
2.674581682309273845e-04
2.621826284410211372e-05
9.099853961924697643e-05
4.205079328845062747e-05
5.542209803999220696e-05
1.762974940811012914e-05
