5.221193463888140762e-01
5.185700518087481559e-01
5.134915288697964320e-01
5.093571880549212505e-01
5.016653732079228156e-01
4.938888980427695863e-01
4.770564140943618359e-01
4.601796007128794441e-01
4.239376856524288417e-01
3.836096071978286615e-01
3.024969830249033542e-01
2.283756083950452265e-01
9.576597630696015440e-02
6.842607132842459805e-03
1.114362986724892757e-02
2.481916799987216038e-03
2.175830164141659973e-01
8.155488555024292818e-02
3.893593590356903000e-03
1.639434310804508410e-01
2.019549098668615983e-02
5.958904811972365323e-04
2.013947347532085708e-02
6.298073836820283766e-02
1.655732037071055984e-02
2.595391676130354153e-02
1.023669134463212060e-02
1.113895296913602895e-02
5.966295634923568514e-03
4.736565411784243729e-03
1.795028230521356072e-03
5.178028305315107716e-03
6.849249230678200462e-04
1.813845984298678715e-03
8.631709215338734253e-04
9.413544244634142188e-04
4.046241738877576211e-04
1.716262359787279479e-03
9.627529272249191195e-05
2.848603548453176870e-04
7.782200464345745416e-04
1.060004398897307354e-04
2.961542175603515403e-04
1.402942096859760568e-04
1.502132058168736961e-04
6.783922230457761771e-05
2.692896941467459726e-04
1.186070103520453500e-05
