1.860323425632237626e-02
1.851370374977023836e-02
1.881040697316360699e-02
1.853810455833737603e-02
1.840771949477992830e-02
1.870472683935620051e-02
1.843750398552990166e-02
1.876091054503403743e-02
1.867718672146123637e-02
1.835121005442374997e-02
1.829415586518279291e-02
1.828440643602446958e-02
1.822530769964092467e-02
1.822056757878931510e-02
1.816049560279220376e-02
1.811966295556810547e-02
1.805062984488003952e-02
1.805521212122429553e-02
1.799964236527706873e-02
1.793297092190337949e-02
1.787955036636046380e-02
1.780112790878851659e-02
1.779658407968209843e-02
1.771734486389542340e-02
1.765472736895024042e-02
1.756176883878235451e-02
1.758399507642394166e-02
1.749339994372745011e-02
1.740306346888387257e-02
1.736961201183151449e-02
1.727215988492658560e-02
1.727854479885659877e-02
1.709279567665711319e-02
1.697508510448642038e-02
1.697042399792503264e-02
1.685209652832564409e-02
1.686450630494262803e-02
1.673571038889731799e-02
1.661514172237343878e-02
1.662544274105415276e-02
1.641816951173580286e-02
1.627827854494789950e-02
1.629427985144693558e-02
1.617254916583066304e-02
1.603712868259143942e-02
1.587596966252058373e-02
1.570589884370243716e-02
1.584894473201603482e-02
1.570641068720923794e-02
1.543924637644211728e-02
1.526754972449539949e-02
1.532185602712166084e-02
1.501792187409656254e-02
1.482459406334524221e-02
1.496223231531668141e-02
1.465744736244278812e-02
1.446129399023110551e-02
1.450151755449358149e-02
1.435208496346374041e-02
1.417081006317544301e-02
1.411296430232233945e-02
1.392051287920725855e-02
1.368328189297873809e-02
1.344164731145447433e-02
1.358209698490620010e-02
1.322823082543467255e-02
1.298463328198395939e-02
1.303345305645753349e-02
1.273079504169549736e-02
1.248147749917771776e-02
1.254160934179349152e-02
1.212341043574294286e-02
1.184788124733715531e-02
1.183004551778443769e-02
1.155430378257238377e-02
1.149150066046089602e-02
1.120635543743631057e-02
1.122972911032638077e-02
1.083339913233927199e-02
1.052941328862533332e-02
1.060305389904248052e-02
1.009453197018617132e-02
9.763016862791906725e-03
9.825553798053721088e-03
9.270974935709608289e-03
8.909172007382948344e-03
9.118622548183963339e-03
8.810616164552920182e-03
8.521221964167380314e-03
8.489586065819620941e-03
8.237778313191834734e-03
7.910492021389714523e-03
7.667794329991428626e-03
7.750614919443288287e-03
7.350638407909282357e-03
7.147354637539016231e-03
7.304248955070424820e-03
6.873050228814459039e-03
6.594811056670479843e-03
6.820846667605628966e-03
6.463499982054865534e-03
6.314491243042064106e-03
6.283722154442727970e-03
6.137660466461691833e-03
6.115599552299788577e-03
6.019182640361164793e-03
6.052593058552546701e-03
5.827032957809175073e-03
5.716321033222393488e-03
5.809599860640779490e-03
5.594766121717720253e-03
5.480869258445486558e-03
5.561196297588666404e-03
5.366209726398785129e-03
5.272970984901315106e-03
5.354179509052925390e-03
5.285341251187736233e-03
5.198332343353873064e-03
5.145725174546700309e-03
5.030724996373026059e-03
4.981971225420656069e-03
5.108713571866818626e-03
5.048831497876493657e-03
5.061980094864915181e-03
4.988105197116010636e-03
5.159016842669061909e-03
5.179794574382334815e-03
5.203353882746175607e-03
5.134778483113056069e-03
5.130608811397152635e-03
5.110667923312495198e-03
5.030572581679604305e-03
5.259283469932207744e-03
5.079628872443286980e-03
5.115517411879322296e-03
5.077194009377117290e-03
5.250300213570424646e-03
5.038031147450383607e-03
4.984423905367796337e-03
4.940934844591571284e-03
4.953206647851038369e-03
4.982668441477322574e-03
4.894351953013575951e-03
4.885159576814679383e-03
4.918865366127844752e-03
4.973199312998000110e-03
4.914448685829131414e-03
4.882091282057965387e-03
4.889715387408899439e-03
5.087245907055559790e-03
4.945896127056315095e-03
4.898629707466684025e-03
4.826889705949133358e-03
4.823504073337425702e-03
4.950005905547727458e-03
4.901905769664316459e-03
4.917395001277746758e-03
4.765414982418003653e-03
4.751766970794046863e-03
4.835670308447781451e-03
4.859809268053405518e-03
4.830041697537645895e-03
4.848861340108090445e-03
4.752737456313216313e-03
4.763102144000108673e-03
4.796456106828772548e-03
4.709500322923276805e-03
4.699180127788804562e-03
4.749979728759901043e-03
4.761405847938493530e-03
4.704530769655268507e-03
4.646491955855980294e-03
4.633429939274069653e-03
4.766508051371021182e-03
4.723074005107519291e-03
4.680179302319120715e-03
4.905184918985838749e-03
4.707502888816494924e-03
4.704598394743908507e-03
4.630763824011618901e-03
4.617573319843693014e-03
4.630207602048130866e-03
4.605253542170117953e-03
4.593821909043227514e-03
4.637721636393088431e-03
4.601020411477585448e-03
4.587660946161919995e-03
4.580495443218812746e-03
4.520588767458533219e-03
4.500247129417211944e-03
4.514328967495817579e-03
4.554515169913009309e-03
4.497435485333212135e-03
4.480780115705074174e-03
4.516293359592138401e-03
4.459547757718285155e-03
4.450292529644239714e-03
4.400227441059834099e-03
4.371445596816347923e-03
4.443463949770132260e-03
4.381641555339932381e-03
4.365410723828899719e-03
4.342049320339658181e-03
4.356913788080674088e-03
4.303620485737513768e-03
4.276487773810844217e-03
4.244917985210427958e-03
4.219905842401172613e-03
4.212431646464231960e-03
4.186881421292865113e-03
4.193699727087274454e-03
4.185564481410053439e-03
4.176009349775133828e-03
4.170947419367521114e-03
4.155181001236685212e-03
4.079099169227329291e-03
4.047138653995308033e-03
4.036460279608133916e-03
4.006178789194958512e-03
4.004057103872971091e-03
3.976347538331204134e-03
3.969038318599182880e-03
3.931524867236579901e-03
3.979582935077496941e-03
3.909169405026502453e-03
3.875266820396183753e-03
3.841654201620192666e-03
3.795706561951162072e-03
3.824565985667605084e-03
3.714318297368679467e-03
3.668593810829179347e-03
3.688443133781138528e-03
3.635823414111061247e-03
3.593398635142075470e-03
3.652501783162120930e-03
3.575755814516079489e-03
3.564201407754707951e-03
3.499441612509590627e-03
3.470396803017306020e-03
3.509318835877128784e-03
3.430161450538649071e-03
3.398606416496585680e-03
3.440940758864696747e-03
3.419257909409445517e-03
3.394209135166970093e-03
3.384894007726235721e-03
3.410809982278051322e-03
3.379090280287044834e-03
3.374488307011702659e-03
3.314914341389529895e-03
3.297832791756660775e-03
3.313735430459097131e-03
3.304898248697951679e-03
3.316253018070480785e-03
3.310460933012682183e-03
3.282192675151618388e-03
3.271527835038590126e-03
3.350086366260107695e-03
3.287587254688806304e-03
3.235098168542838160e-03
3.232968611486142230e-03
3.267363302173587059e-03
3.272767825677869169e-03
3.226281010398235338e-03
3.217646453861910949e-03
3.234998931919474963e-03
3.210779862080181957e-03
3.210457139373179558e-03
3.206797584869081064e-03
3.209430178318761762e-03
3.285809487369895088e-03
3.257034620488430399e-03
3.217760473444242209e-03
3.237833217666796770e-03
3.215738706591197982e-03
3.213355892896396782e-03
3.243527366373344378e-03
3.228364745942458036e-03
3.223360562074173430e-03
3.208873867894701526e-03
3.197555404283902725e-03
3.197574540602765580e-03
3.204760531518524580e-03
3.203883876720770019e-03
3.206628545314949008e-03
3.193561903595432128e-03
3.198611233516834851e-03
3.204763575928359920e-03
3.184950573248079841e-03
3.182306329893136443e-03
3.217011831573857172e-03
3.203661488966669246e-03
3.177137339555713424e-03
3.173474567063072627e-03
3.214718246790093659e-03
3.200689620882712916e-03
3.200521941337242104e-03
3.189001621855869217e-03
3.191131799229474098e-03
3.194286723139927453e-03
3.199225102260561115e-03
3.175192565968876224e-03
3.197521829281790851e-03
3.174012118751790013e-03
3.183313973930346208e-03
3.186649085506032542e-03
3.173238366679598244e-03
3.171240708221945148e-03
3.162109173364902048e-03
3.159035561407508297e-03
3.172186497895079782e-03
3.164301047929529709e-03
3.172525746748311448e-03
3.148969838041693059e-03
3.147044002955179387e-03
3.148358061166423028e-03
3.144816413251261267e-03
3.142516322764632442e-03
3.136195321379209311e-03
3.131537304559839363e-03
3.143390643340571167e-03
3.138704753255172619e-03
3.163355006664314573e-03
3.125641881715934822e-03
3.122562652508209524e-03
3.163937341773004341e-03
3.149546770587874356e-03
3.111822502385064304e-03
3.106230907785167972e-03
3.142843119786409289e-03
3.120216670642994572e-03
3.112321290631214765e-03
3.124515713097575365e-03
3.115862575322703165e-03
3.098561026978252642e-03
3.093404272090483076e-03
3.089965599274324681e-03
3.084120015971358875e-03
3.089016496313323756e-03
3.102933177697053679e-03
3.077350108330101364e-03
3.072347531504759921e-03
3.069061316405385931e-03
3.064594717515634059e-03
3.068308323722179765e-03
3.069750157130513024e-03
3.063735017703628216e-03
3.063735017703628216e-03
3.063735017703628216e-03
3.064947741509116419e-03
3.063735017703628216e-03
3.063735017703628216e-03
3.063735017703628216e-03
3.063735017703628216e-03
3.063735017703628216e-03
3.063735017703628216e-03
3.063735017703628216e-03
3.063926185971399541e-03
3.063735017703628216e-03
3.063735017703628216e-03
3.065207305599004783e-03
3.063735017703628216e-03
3.064531587633756438e-03
3.063735017703628216e-03
3.063735017703628216e-03
3.063735017703628216e-03
3.063735017703628216e-03
3.064083856348487345e-03
3.063735017703628216e-03
3.063735017703628216e-03
3.063735017703628216e-03
3.063797477789620416e-03
3.063735017703628216e-03
3.064457298592837553e-03
3.063735017703628216e-03
