6.217412584639847584e-01
6.091749080035686603e-01
6.002737384094927187e-01
5.854480573369673646e-01
5.639987340022942774e-01
5.527437476838632513e-01
5.196059667574874918e-01
4.746502014843443362e-01
4.056598646906770522e-01
3.620765928374791720e-01
2.957057162319369770e-01
2.896463297497299250e-01
4.258565123740215563e-01
3.899776824348309967e-01
3.095468186887933015e-01
3.198941059496408501e-01
2.884871944190868787e-01
3.512119450189641334e-01
2.832476289196924624e-01
2.836084822479087997e-01
2.965909856325427141e-01
2.836504468953909841e-01
