4.785086816692400991e-01
4.608305681343471960e-01
4.790569492540832641e-01
4.604586667851602311e-01
4.506975553935372858e-01
4.305178741713600044e-01
4.030577133673131085e-01
3.917930653985198797e-01
3.533816907369444760e-01
2.959117840182876602e-01
2.097266988335219073e-01
1.583992782203748062e-01
5.347436452147347197e-02
1.622193424674445161e-02
3.158231355896756742e-02
1.820745895822151184e-03
1.885534681774228005e-01
9.505638132276428287e-02
8.195267207960377220e-03
8.936525821509722078e-03
1.845684326650953722e-02
2.290238934003330229e-02
2.177500820258604364e-02
8.262107864886347741e-03
6.166275610913996008e-02
1.251607929113562889e-02
2.998161958025680196e-02
4.772413780261830496e-03
9.682255753272528409e-03
3.116720783089776958e-03
1.081547808482086204e-02
1.295732800858040434e-03
2.482487180635928326e-03
1.142288598179330705e-03
4.071490220130202786e-03
2.774528954375687917e-04
4.371395642310815788e-04
1.903021843067453922e-03
3.984554162488329609e-04
5.545683030632186927e-04
1.869851744720207876e-04
8.708547237649133521e-04
8.417168130070429299e-05
1.737468804006159218e-04
4.430232786907239984e-04
2.872138233489529568e-05
1.188940909927493905e-04
4.547566513490863827e-05
1.586377920109738326e-04
2.358671000601830769e-05
4.025643792915367669e-05
1.886690447450156682e-05
7.112642403495073040e-05
3.734214747308506333e-06
