4.785086816692400991e-01
4.857122166574830979e-01
4.626204511894238536e-01
4.545676635911003460e-01
4.371584301116858695e-01
4.176848985286154559e-01
3.817100978034648762e-01
3.504241967535861590e-01
2.853197328168137759e-01
2.186024052379456073e-01
1.084203457306396334e-01
3.387442897585701829e-02
2.167085747346964020e-02
5.173613127788456723e-02
3.131488392107988350e-01
9.164848231000055634e-03
1.016546615632852868e-01
8.589552211005768712e-03
2.150233795680933646e-02
2.191471297198699375e-02
2.207961536196556551e-02
1.726786388075840506e-02
1.141289258700395326e-02
2.984497675615294110e-02
1.002134204491866853e-02
2.032131116693425277e-02
1.183239343385267262e-04
1.766111422259020181e-03
1.254523493482295748e-02
4.185228774402194318e-03
6.396833269214030615e-03
1.758824742186249068e-03
3.504422279501540061e-03
3.906640455044740889e-04
2.110574885046401228e-03
8.218203379271038500e-04
1.112979203894859381e-03
3.457008132092820318e-04
8.468771350573778278e-04
7.822021441106219442e-05
3.077795449895059932e-04
1.435076288133219080e-04
1.832331777416040808e-04
6.159693118457099104e-05
2.588990554089898311e-04
2.430825249022383616e-05
4.084845472984710568e-05
1.265758098545344268e-04
1.448122976943633233e-05
