2.971147520640895490e-01
2.971148585368783568e-01
2.971147986688041920e-01
2.971150642793929375e-01
2.971149302643736334e-01
2.971148431320147498e-01
2.971149132921482305e-01
2.971147786556198600e-01
2.971148102868859109e-01
2.971151447716049443e-01
2.971148942533530235e-01
2.971147520640895490e-01
2.971147830362002029e-01
2.971152433557785466e-01
2.971149171633989949e-01
2.971148545939648056e-01
2.971148797807086073e-01
2.971148713320789225e-01
2.971147823293723844e-01
2.971147893705750054e-01
2.971152840377344617e-01
2.971149830068664510e-01
2.971147520640895490e-01
2.971148212205160233e-01
2.971151440734227656e-01
2.971151740897908233e-01
2.971148071218174813e-01
2.971147760943790850e-01
2.971148354314114837e-01
2.971147864871936939e-01
2.971148573971540419e-01
2.971150798638354518e-01
2.971147520640895490e-01
2.971148337223574742e-01
2.971148977689317405e-01
2.971147672476790458e-01
2.971148550038520408e-01
2.971150630452130681e-01
2.971149353089088674e-01
2.971148241489087738e-01
2.971148582591428555e-01
2.971149047692354106e-01
2.971147520640895490e-01
2.971148003909815927e-01
2.971152388813524947e-01
2.971148607342055659e-01
2.971148633721156784e-01
2.971148170393811405e-01
2.971148022661060928e-01
2.971148273228194636e-01
2.971148366801419360e-01
2.971154731043070818e-01
2.971149616607133837e-01
