1.860323425632237626e-02
1.863517544210069321e-02
1.857578342274068817e-02
1.862926854668467413e-02
1.856588476452747383e-02
1.884010624934229217e-02
1.849109617163502417e-02
1.852646336722296727e-02
1.875741935527697191e-02
1.835762815972719064e-02
1.829782227786080906e-02
1.832486938613242522e-02
1.836856962188737619e-02
1.830958315156971938e-02
1.826230996393207739e-02
1.821994139230909138e-02
1.820080970317450308e-02
1.815420118360533408e-02
1.810839348952630878e-02
1.805163844534174444e-02
1.802947632637219577e-02
1.796790167507544833e-02
1.793443389979199054e-02
1.786552912213346112e-02
1.793005252298907060e-02
1.787515602096911849e-02
1.778242318725908877e-02
1.771712974362138482e-02
1.765013524580438808e-02
1.757009428700218034e-02
1.756541862220495354e-02
1.748454054794434942e-02
1.746384702698144942e-02
1.737856861777076212e-02
1.739783856262067108e-02
1.733860175638701762e-02
1.726081969499737578e-02
1.721011251515269791e-02
1.712129537822226766e-02
1.707732077114121338e-02
1.697902936935224982e-02
1.686830912270709248e-02
1.674593121768208626e-02
1.677262858021477676e-02
1.671883968669263254e-02
1.661414234812241819e-02
1.658700912454003085e-02
1.647667742504910215e-02
1.644387429015281565e-02
1.632670771401445453e-02
1.620433123611242365e-02
1.606079821865902257e-02
1.602317210001991121e-02
1.587217293815046393e-02
1.585049197754506700e-02
1.569557592502679455e-02
1.567222607757079444e-02
1.551311510110808811e-02
1.556043352101676991e-02
1.529717533664420870e-02
1.512134331020698053e-02
1.505793398203092437e-02
1.486951500988187291e-02
1.479653030571725925e-02
1.459370146115790412e-02
1.451778410832715860e-02
1.430041062811837627e-02
1.433814112204223612e-02
1.414414326324864302e-02
1.393621521213039838e-02
1.388304963470365916e-02
1.366555716910555773e-02
1.355156171526794573e-02
1.331182974637235006e-02
1.306858002501665172e-02
1.278009507974786629e-02
1.286278442596777705e-02
1.261481478704495895e-02
1.234839547205879295e-02
1.232797586926082101e-02
1.206070852851226505e-02
1.201504168747402623e-02
1.174171878213425835e-02
1.148261420742124894e-02
1.123361502523023692e-02
1.131808609914353170e-02
1.092101662411903984e-02
1.069423202898844849e-02
1.096533696511536871e-02
1.084809609159698152e-02
1.024619391015113568e-02
9.985386093262493823e-03
1.024470675987354529e-02
1.000930310796055434e-02
9.717348875309950174e-03
9.580128008309318766e-03
9.809728057820210623e-03
9.364438679208997307e-03
9.234352795795319757e-03
9.350224996817924072e-03
8.961419862379971235e-03
8.777026404247711966e-03
8.965207624849313994e-03
8.915360577372744011e-03
8.898024682213234726e-03
8.644956746654774982e-03
8.472781311661847781e-03
8.411923992483805179e-03
8.292048619964909051e-03
8.400550995914635166e-03
8.299745882308084965e-03
8.111287556436863611e-03
7.978991312669658775e-03
7.980715097923973822e-03
7.698660150251224188e-03
7.536745153990609403e-03
7.445628441192786440e-03
7.292941282758036436e-03
7.252162668085704311e-03
7.085057916373038722e-03
7.386204682432229163e-03
7.227805357192473856e-03
7.003749663959002447e-03
6.896340589228722173e-03
6.800049293575249898e-03
6.684750635066238900e-03
6.701888328039529164e-03
6.426883990407916691e-03
6.296241505984179199e-03
6.512911777386554135e-03
6.327041070617100971e-03
6.291601005632196930e-03
6.240590080303975995e-03
6.088974918628919930e-03
6.019926526714236559e-03
6.087907465621933412e-03
6.061941584896590740e-03
6.018200952613628196e-03
5.963865715071126061e-03
5.930028792902608537e-03
5.901229550088427089e-03
5.784738903004571497e-03
5.730711174665170660e-03
5.855484458279325288e-03
5.864313280801614070e-03
5.658770683570346627e-03
5.599485625187861082e-03
5.644315053434989515e-03
5.623957389426559317e-03
5.607641721893319442e-03
5.545942360036026919e-03
5.501557920305266691e-03
5.460643434056611234e-03
5.407832580963445324e-03
5.385279680237164968e-03
5.328342594830060008e-03
5.266775002525925231e-03
5.197421611691899201e-03
5.257542134811443724e-03
5.239233101909990253e-03
5.166722142906698956e-03
5.118788167133736522e-03
5.063659571613365884e-03
4.993839652832732234e-03
4.993539594988938290e-03
4.936151212670991661e-03
4.858228240228745776e-03
4.778751934083169672e-03
4.813531739996101955e-03
4.733380883415461149e-03
4.675865480266994112e-03
4.659979146762194269e-03
4.593600324454549799e-03
4.610673889306582396e-03
4.487448820130635063e-03
4.417263203258636750e-03
4.374609740899981780e-03
4.299200333320207790e-03
4.367277778407063771e-03
4.228963390303874803e-03
4.171562443792908859e-03
4.229032729049064798e-03
4.192927256852607698e-03
4.094866416085363170e-03
4.063496640684061134e-03
4.034506336298981921e-03
4.003041161316001073e-03
3.989457381400995928e-03
3.970794100575325558e-03
4.009923259025716114e-03
3.945031444284152755e-03
3.932093851785389838e-03
3.955568299471079463e-03
3.917451745735434088e-03
3.909404797705295920e-03
3.927888441241478290e-03
3.946210336726485579e-03
3.926277285785317872e-03
3.874571683426419888e-03
3.861249769725461078e-03
3.891190963942192660e-03
3.848940444901916003e-03
3.834594160742388347e-03
3.856447637363258352e-03
3.865351385078374946e-03
3.844377089568529193e-03
3.840562576742923007e-03
3.810837369061181867e-03
3.801180787100566505e-03
3.769352694282357419e-03
3.752528857626669101e-03
3.759459513579921364e-03
3.807310687264475746e-03
3.754379829578269323e-03
3.741406225705290467e-03
3.728223091166382730e-03
3.718811565979085465e-03
3.703697839260167157e-03
3.709045904259244963e-03
3.671975776547653503e-03
3.673702808201562142e-03
3.694111293973123544e-03
3.668375915750865524e-03
3.668375915750865524e-03
3.672266876267760161e-03
3.673069090295855155e-03
3.668375915750865524e-03
3.700846081590603021e-03
3.668375915750865524e-03
3.681601591572047916e-03
3.668375915750865524e-03
3.668375915750865524e-03
3.708638355087723326e-03
3.673739528055830483e-03
3.681401218169289002e-03
3.668375915750865524e-03
3.668375915750865524e-03
3.668375915750865524e-03
3.668375915750865524e-03
3.668375915750865524e-03
3.668375915750865524e-03
3.668375915750865524e-03
3.668375915750865524e-03
3.668375915750865524e-03
3.668375915750865524e-03
3.668375915750865524e-03
3.668375915750865524e-03
3.668375915750865524e-03
3.668375915750865524e-03
3.668375915750865524e-03
3.668375915750865524e-03
3.668375915750865524e-03
3.668375915750865524e-03
3.668375915750865524e-03
3.668375915750865524e-03
3.668375915750865524e-03
3.668375915750865524e-03
3.668375915750865524e-03
3.668375915750865524e-03
3.668375915750865524e-03
3.668375915750865524e-03
3.668375915750865524e-03
3.668375915750865524e-03
3.668375915750865524e-03
3.668375915750865524e-03
3.668375915750865524e-03
3.668375915750865524e-03
3.668375915750865524e-03
3.668375915750865524e-03
3.668375915750865524e-03
3.668375915750865524e-03
3.668375915750865524e-03
3.668375915750865524e-03
3.668375915750865524e-03
3.668375915750865524e-03
3.668375915750865524e-03
