7.178147063857081012e-01
6.594849875155566199e-01
7.317491278952863443e-01
5.998477078854709266e-01
4.623507937891109254e-01
3.468227605520062262e-01
5.607633280132184872e-02
2.928916502789707943e-01
6.792671122346625179e-01
1.919629370712729877e-01
4.777310173372573132e-01
8.231090328549428570e-02
2.200123339468378347e-01
9.126350976682995331e-02
1.163925680433690601e-01
3.982185074020261339e-02
1.717019844458365085e-01
1.643234283377981164e-02
3.483593683168373367e-02
9.190849172853909899e-02
7.369055965826598609e-03
2.433097258406591301e-02
1.009238936514722518e-02
3.388902694900730594e-02
3.810835043770444130e-03
6.816518490460277135e-03
1.791314129904997277e-02
1.058079066144523850e-03
3.814598871731300633e-03
1.258003071222146829e-03
6.157219700981375610e-03
1.315233273651794654e-03
3.668836676157027910e-03
6.831610296620382883e-05
3.399308024456537680e-04
1.426898869675619075e-03
4.370634798138706145e-04
8.054261534526929722e-04
1.264982543411896643e-04
3.202604466705505359e-04
1.883178960131459689e-04
1.417122905881251782e-04
5.091599813200620162e-05
