5.936875247790295296e-01
5.996550815010275315e-01
5.463056573537466987e-01
5.387489211297560310e-01
5.023316486642337431e-01
4.389233648776169616e-01
3.415974041765166280e-01
2.849836607035808322e-01
1.445318230090975042e-01
5.389361608701626061e-03
7.375712372368714576e-02
7.200266157263457423e-02
5.065209327692898889e-02
6.873948229890491923e-02
6.974897259582446551e-02
7.062949376972360582e-02
4.632866890113862546e-02
6.863747621335081206e-02
1.766542275112437110e-02
9.466416933729182581e-02
2.104094359021990712e-02
5.031562981192316819e-02
5.655824559540389984e-03
1.642350738593778559e-02
8.542717569767654950e-03
8.514950190362191584e-03
4.092574200746490476e-03
1.577402230825586393e-02
5.396409257285572636e-04
1.788143033546019112e-03
6.260134086241819773e-03
1.443354202092739236e-03
2.719152404033531312e-03
6.736739545576408972e-04
2.632195643776480409e-03
4.152371925079112458e-04
5.507493876101277053e-04
2.436038613190527613e-04
1.202759513004525438e-03
1.056731115802733711e-04
2.767874121265556653e-04
1.040498544124801583e-04
4.526214111757465020e-04
6.927693748770558102e-05
