4.785086816692400991e-01
4.624589377519142674e-01
4.715982247525881688e-01
4.546871251056953112e-01
4.414588226676018357e-01
4.312880007553030470e-01
4.088180810067236770e-01
3.830329114246868727e-01
3.364579092925922277e-01
2.976097155829053875e-01
2.180440311064307801e-01
1.400253988049642295e-01
3.081618017819098831e-02
1.682021220919871496e-02
3.803229192281598614e-02
3.505018691030503675e-02
1.925031273732114023e-02
2.070543020908366394e-02
1.189922932343590034e-02
2.151632746478449043e-02
2.051667367551734955e-02
2.131569553427148378e-02
1.626847595939406865e-02
2.448612810433181686e-03
2.819186258962669278e-02
1.097084986694663034e-02
3.387914314809148397e-02
3.832558412457220953e-03
9.995788867807053890e-03
5.730893066634878963e-03
4.768278509189483039e-03
1.902042711521167995e-03
9.004911295691586659e-03
9.331028570427335467e-04
1.443468175928774855e-03
4.071822856622997477e-03
3.306101928454152628e-04
8.605978880118492214e-04
2.174577162106783312e-03
1.756141682829337469e-04
6.942936648677289213e-04
3.103894264162576633e-04
8.093334867924628639e-04
4.284288087297305481e-05
1.785941291032600020e-04
5.586052640593752727e-05
2.754983276054279173e-04
6.328994876292348692e-05
1.622665369366282917e-04
7.014288619044961592e-06
1.998769904787423002e-05
6.979860649036773168e-05
1.465414599954861785e-05
2.767903123646053842e-05
8.095531059515437278e-06
2.975531077042958827e-05
3.543911696546331314e-06
