5.330288780477221433e-02
5.451380446191445017e-02
5.600991432433055639e-02
5.451072727611516733e-02
5.212030056658645272e-02
5.348838825125812324e-02
5.219495900898896146e-02
5.499572676337594057e-02
5.226889124492484218e-02
5.088510460557182924e-02
5.026038915395136808e-02
5.069562950688655256e-02
5.022242581727731636e-02
4.969760096835462715e-02
4.904769166041322848e-02
4.838357630698708611e-02
4.877093113807906555e-02
4.784499350581850052e-02
4.718226447813755886e-02
4.758348214500929263e-02
4.653363706526270072e-02
4.584794137500058930e-02
4.508067440520868718e-02
4.423431395832122526e-02
4.484233444767160570e-02
4.394324541603134016e-02
4.318211734208476926e-02
4.288864722018015385e-02
4.207064690632700277e-02
4.213183354927363400e-02
4.098987994290259618e-02
4.010714523361880168e-02
3.992639409884057855e-02
3.901455133321540814e-02
3.834086410999393291e-02
3.729771656499136778e-02
3.749875086308829264e-02
3.667133498219843357e-02
3.570641984016598158e-02
3.519128644456925858e-02
3.413185804885809915e-02
3.398031209661434016e-02
3.290504014492667828e-02
3.272994338968726602e-02
3.163556223950891866e-02
3.036511335592972927e-02
2.903417506283789695e-02
2.945470580486908574e-02
2.819058046907751969e-02
2.695915071066734559e-02
2.704020585566724311e-02
2.488993647542148135e-02
2.351418008108441260e-02
2.341366763818852892e-02
2.205752781309100463e-02
2.195610841406137048e-02
2.062161444681698264e-02
2.019433494933620121e-02
1.882473876605783580e-02
1.835844466357372529e-02
1.695554703267143637e-02
1.726232716069253659e-02
1.509354063356216358e-02
1.367429400658426442e-02
1.366976020441335038e-02
1.232103136400919396e-02
1.082074652544717797e-02
9.330633152994094459e-03
1.012264230979065260e-02
8.756261982541757583e-03
7.539712574110124521e-03
7.125875154552985258e-03
5.962337181395938046e-03
5.753370221279863195e-03
4.684595012282799509e-03
4.365819343517873818e-03
3.400557270486159744e-03
2.525117883568128718e-03
1.720176589266264600e-03
2.018110573905773641e-03
1.568019003128640065e-03
1.324497028796223219e-03
1.283704224513404490e-03
1.112194337702265834e-03
1.073209444017342307e-03
9.676645854953536130e-04
8.917346167129913681e-04
8.312908255763140630e-04
6.935504293915650820e-04
6.464702281103740233e-04
7.115094787207842941e-04
6.985748119032741954e-04
6.266597270252471930e-04
6.039305885062740131e-04
6.614848118572380642e-04
6.094242388151593914e-04
5.904420923147357669e-04
5.794951432370742950e-04
5.766444458056296796e-04
5.690139339057376233e-04
5.587067296815018125e-04
5.530182183022258613e-04
5.590903366688992904e-04
5.528570184465397830e-04
5.497883347997944981e-04
5.480262807534552749e-04
5.463192221862867015e-04
5.480943602993448849e-04
5.454928484952548118e-04
5.454353676852541355e-04
5.453343032837398852e-04
5.454915159297524241e-04
5.455580664099901611e-04
5.474501753867100362e-04
5.471804046570660773e-04
5.476200830119015706e-04
5.492611821759085799e-04
5.477896568837348212e-04
5.530027756254218829e-04
5.459497700270876663e-04
5.462274723948556954e-04
5.498264595009683120e-04
5.466618883572804677e-04
5.468697671316968822e-04
5.513261784791945175e-04
5.462133193249174568e-04
5.471133438306186036e-04
5.459559285528881034e-04
5.501418738884655824e-04
5.459535715039987025e-04
5.457289875018256353e-04
5.463783134342925507e-04
5.456112082374842132e-04
5.462894325379830107e-04
5.457658723021507896e-04
5.466892389268673824e-04
5.455265855032198630e-04
5.459175265389859533e-04
5.462238029427801678e-04
5.455715596729415751e-04
5.460656083683401718e-04
5.455460498874353803e-04
5.453343032837398852e-04
5.453321675328304252e-04
5.456620654906707557e-04
5.454302108562902873e-04
5.454710732543111007e-04
5.456619821999630915e-04
5.453331875616695967e-04
5.456105727202897882e-04
5.453109201836170428e-04
5.453394119001586660e-04
5.453109201836170428e-04
5.454017579114012193e-04
5.457343456255481229e-04
5.456130668657355187e-04
5.455726279719463889e-04
5.456528573883900890e-04
5.455037508650395495e-04
5.456628264607354950e-04
5.453012778987575970e-04
5.453307414169383804e-04
5.453012778987575970e-04
5.453626488894913749e-04
5.458536274047798287e-04
5.454667334524598843e-04
5.454674042805196521e-04
5.459514040433433024e-04
5.454904769671697906e-04
5.457763700373874372e-04
5.453322666456594803e-04
5.452470964616429328e-04
5.452241092589460436e-04
5.452417814517662720e-04
5.452137259158718052e-04
5.452316185799999104e-04
5.452137259158718052e-04
5.453105048249806686e-04
5.453346868461439456e-04
5.453343582657588229e-04
5.452213114399695471e-04
5.452241922268008523e-04
5.454580201265102346e-04
5.453469797183085888e-04
5.452710551849815346e-04
5.453514554487615129e-04
5.452716251289624338e-04
