5.024412427339914888e-01
4.928356211001264642e-01
4.998037688408284440e-01
4.893524275393120737e-01
4.813457822017211951e-01
4.725152101079772571e-01
4.553273630030825192e-01
4.380904893369036435e-01
4.011352865791979472e-01
3.631089984184313613e-01
2.859530445427770351e-01
2.107867801879329539e-01
8.330772165562472242e-02
3.700874797148867579e-03
4.932667984654637294e-03
1.764599728207416618e-03
2.150789312449842283e-01
7.266447356968896987e-02
1.452701445155302196e-03
1.614781465347792100e-01
2.182884948010355153e-02
1.891412559356098200e-04
2.191508145211096270e-02
6.649181014589811145e-02
1.652196340197487068e-02
2.873906622191091387e-02
9.383000429363796968e-03
1.338124942102902892e-02
4.731746476906328880e-03
6.667143856037505145e-03
2.141183883737074467e-03
3.560358479109293484e-03
7.804731830669542347e-04
2.336933735774149312e-03
4.726129848664495370e-04
1.079168586272660768e-03
3.224305595983523176e-04
9.711598521360276237e-04
1.067117957099794623e-04
2.409556443742078002e-04
9.947266649157349150e-05
3.976143957576949717e-04
4.334478553658094313e-05
5.015429834842599632e-05
1.924663843264617924e-04
2.626465952926260172e-05
3.337914025036692323e-05
1.030470431326868663e-04
6.802619840318158140e-06
1.367440741439907015e-05
4.679456817568983240e-05
7.985901610774170933e-06
1.506921590843646186e-05
6.574187680907783715e-06
2.138606004642440439e-05
6.393193642262318122e-07
9.464461439012694655e-07
8.129468837547726423e-06
2.899170594705680060e-06
4.452657721976116534e-06
1.061437769900308581e-06
2.614476394824372107e-06
1.425152940104368327e-07
