1.860323425632237626e-02
1.870983137908166505e-02
1.862535140920229537e-02
1.856857414553236829e-02
1.870381037419610593e-02
1.864523968887088490e-02
1.854581636073626694e-02
1.856774913092817947e-02
1.867311507447610985e-02
1.852355867153332447e-02
1.850034077709561409e-02
1.847887237305978481e-02
1.845086556823138935e-02
1.845393984473386872e-02
1.843395095378486115e-02
1.840762998800626882e-02
1.839940078135893220e-02
1.837125008496687251e-02
1.836361482729631511e-02
1.833378429937759790e-02
1.833949649221588984e-02
1.828353937954430020e-02
1.824819254985377004e-02
1.823111395110410538e-02
1.819197766418934048e-02
1.819946125336924236e-02
1.818207335968413663e-02
1.814825061101177361e-02
1.810977078448183786e-02
1.806737356747278866e-02
1.806792694045988856e-02
1.802839605140982293e-02
1.798576820479169669e-02
1.797194112096933694e-02
1.792629511742449555e-02
1.787637626405313984e-02
1.781966607733265207e-02
1.785419195030624184e-02
1.781651010799534252e-02
1.776894580635823839e-02
1.771896856429144851e-02
1.766034965728546791e-02
1.764081991331156729e-02
1.757795190999322799e-02
1.759813524163900134e-02
1.748259299749532758e-02
1.741026470933360049e-02
1.741988183510523314e-02
1.735284383016000298e-02
1.728188664187402246e-02
1.728180724530592460e-02
1.721100810417486304e-02
1.716480485738214323e-02
1.708389906814145043e-02
1.704514969999426643e-02
1.695590493213006145e-02
1.697654930907044335e-02
1.688403676495831007e-02
1.679596789903436971e-02
1.671072750963209508e-02
1.660409174190879966e-02
1.666261034408078601e-02
1.648796337085223218e-02
1.637464552772216475e-02
1.638888760288448321e-02
1.625522271944768171e-02
1.613791660724406274e-02
1.614535891659829581e-02
1.604489527264629789e-02
1.593060277484625864e-02
1.581265806619869263e-02
1.567290847548041821e-02
1.569044343534498065e-02
1.558051367905588513e-02
1.544817212116555982e-02
1.535338599209556953e-02
1.520097523209640311e-02
1.526776851665634371e-02
1.501191695916592739e-02
1.484642741236219532e-02
1.491169389519930721e-02
1.462135873376435580e-02
1.443792456697701176e-02
1.445234303846754109e-02
1.437886466900917259e-02
1.420978814999573903e-02
1.382786133305224929e-02
1.340066356565849937e-02
1.355924974226618840e-02
1.300760053249272463e-02
1.252000347190052043e-02
1.247741427149928750e-02
1.208451823277323367e-02
1.192874793904619146e-02
1.144877256070986338e-02
1.130320591039901679e-02
1.092955514468074707e-02
1.090857882420281921e-02
1.051998707201329264e-02
1.030187086526912488e-02
9.994058164038754910e-03
1.006442405099738924e-02
9.684610864405751585e-03
9.363205972553800827e-03
8.991319361722593939e-03
8.688776200727166277e-03
8.995880498849473383e-03
8.556698987821964586e-03
8.394799271493558201e-03
8.395667603917744692e-03
8.201747110274659747e-03
8.019868527343931852e-03
8.136910619550019597e-03
7.750107172341924588e-03
7.665862210772922403e-03
7.741275266525349252e-03
7.795345406607534500e-03
7.636732515512445474e-03
7.577833195042349423e-03
7.534760454047217948e-03
7.473218597486064319e-03
7.468656539283080598e-03
7.404393562611688573e-03
7.294198632942450189e-03
7.198169898918083121e-03
7.224453742184278049e-03
7.471430199563200425e-03
7.106497485948382042e-03
7.026549018591454754e-03
7.147559220544330572e-03
7.083215478592919112e-03
6.936246285492386754e-03
6.860552801826180769e-03
6.916034885030009072e-03
6.749151371309936032e-03
6.661484128571926178e-03
6.635929849372668166e-03
6.564166962426010166e-03
6.656257889921191051e-03
6.528744974768074805e-03
6.483873319534483315e-03
6.413589006489694988e-03
6.353315931594383237e-03
6.346283321709944580e-03
6.273937606297352865e-03
6.254014328830992397e-03
6.199564214992459021e-03
6.127552909380717949e-03
6.051971391551336232e-03
6.038453987973979586e-03
5.977264620981581622e-03
6.246710514588471597e-03
5.993191551956766894e-03
5.902554114665115037e-03
5.846594816124595084e-03
5.815641655194658810e-03
5.776123267467236921e-03
5.792728443976047359e-03
5.909132932494065571e-03
5.617853413895645964e-03
5.564635419899266466e-03
5.571829218791068961e-03
5.661700970862715288e-03
5.540843718469634638e-03
5.489568510033793203e-03
5.476315251464858314e-03
5.422722018268100186e-03
5.374941811244982048e-03
5.315000910065759143e-03
5.322079921970868099e-03
5.250836316342599730e-03
5.187647320781030302e-03
5.109817342203948343e-03
5.031484716665701740e-03
5.088424545656167197e-03
5.046581867515498310e-03
4.961387208721301789e-03
4.922188072644440027e-03
4.871441190668623911e-03
4.813119988218428347e-03
4.774147074243395572e-03
4.733232644831386615e-03
4.733890447993438499e-03
4.711868928932605449e-03
4.679337909412106811e-03
4.673105496844631723e-03
4.652067357348355081e-03
4.645187997029620597e-03
4.613113320249051519e-03
4.564257764285706287e-03
4.540262973939723778e-03
4.516046784910021650e-03
4.484128550714006067e-03
4.413312795795820698e-03
4.373710013035547739e-03
4.423650547847879366e-03
4.431661234209904876e-03
4.455821986768970788e-03
4.393958704189127040e-03
4.295897678456950253e-03
4.273403445885892715e-03
4.376280999427217822e-03
4.355450450977627064e-03
4.299100424479229687e-03
4.493068980742198626e-03
4.424284992665339367e-03
4.305776485692081046e-03
4.427009717419827517e-03
4.402013127932979941e-03
4.316049754963580121e-03
4.395835514368062746e-03
4.325504758945775130e-03
4.321081877451060649e-03
4.214918540064060970e-03
4.203817103849649683e-03
4.319462294977705064e-03
4.217368554473077680e-03
4.257085092696177853e-03
4.305896703351796972e-03
4.297747752692981926e-03
4.219532393957448058e-03
4.198899365303043751e-03
4.210769572889794254e-03
4.176886105827226636e-03
4.163652790371452639e-03
4.147837583383662263e-03
4.146844710224528718e-03
4.185075347800770729e-03
4.140208753128593600e-03
4.135122882993891302e-03
4.113468440866685505e-03
4.131797197282072176e-03
4.265114207498976739e-03
4.194750135646962974e-03
4.177567590555097965e-03
4.082095754579406766e-03
4.082559873455515742e-03
4.055748352579935379e-03
4.040383275855319312e-03
4.054340751639906593e-03
4.195949055250114412e-03
4.141990686826302337e-03
4.092964896371453776e-03
4.089598935777982724e-03
4.065816285037326949e-03
3.981514632045657365e-03
3.972354177171344425e-03
4.038246331634520736e-03
4.011211220083410467e-03
3.994703518520936747e-03
4.035033247431929482e-03
3.962799177021802954e-03
3.960934597002863100e-03
4.066137172541561817e-03
4.036264339251971478e-03
3.939104123922398948e-03
3.932182131774597522e-03
3.921017670288629020e-03
3.915210770339183632e-03
3.965691200849219555e-03
3.923817120767725264e-03
3.943093945765863140e-03
3.926153267070020547e-03
3.870946066911629124e-03
3.864419287515019619e-03
3.849675739375779671e-03
3.840689940468156038e-03
3.890023789771324125e-03
3.824862595796618692e-03
3.817451886958811436e-03
3.911434533829694082e-03
3.835792789274705683e-03
3.821090853517228325e-03
3.780397173974159308e-03
3.767423882973353066e-03
3.753187719026773728e-03
3.737041436548182993e-03
3.829196363502096467e-03
3.748890382711977942e-03
3.734783055171386756e-03
3.725246057834197266e-03
3.704253375312549501e-03
3.702369378461023430e-03
3.706986122649968962e-03
3.774057191116564347e-03
3.638685513300154994e-03
3.617425995780076953e-03
3.617014910300642150e-03
3.600867404420227125e-03
3.716973432990600124e-03
3.614457086891009752e-03
3.628155810777689005e-03
3.616350605155638220e-03
3.621312229576956199e-03
3.671792607236712414e-03
3.652603918676389227e-03
3.549016608389465866e-03
3.538782991125644095e-03
3.609019787603862106e-03
3.657776447579141887e-03
3.596975298477245175e-03
3.603598325649826073e-03
3.549935566099837736e-03
3.550871085305828956e-03
3.549423820766173243e-03
3.545793117312512344e-03
3.570808632837652041e-03
3.521429021877797716e-03
3.521466084441038369e-03
3.496476755064259478e-03
3.485255143467314021e-03
3.488195107822389396e-03
3.511584782896148837e-03
3.502089372674266343e-03
3.480042701562990892e-03
3.472862527878928240e-03
3.474695217366985389e-03
3.461789610284204954e-03
3.454540192299182522e-03
3.424408102942533283e-03
3.413859289609244563e-03
3.416984605756567817e-03
3.461103112902041978e-03
3.435155375004828038e-03
3.460449833625811600e-03
3.402436589716506532e-03
3.394586239714669773e-03
3.394805798551558951e-03
3.415005647491309304e-03
3.384579642517704379e-03
3.384607855389965003e-03
3.389703936239052418e-03
3.348919231361935367e-03
3.337601844240256632e-03
3.341372313784174430e-03
3.355528291763110182e-03
3.365376821259147277e-03
3.320685329413874953e-03
3.311407005036404172e-03
3.310101966640721649e-03
3.308572012452937194e-03
3.290449476945567220e-03
3.281693569278210099e-03
3.304405769032237039e-03
3.256970609961107321e-03
3.244039804534470939e-03
3.311557309655710490e-03
3.240940673406300654e-03
3.248323936262509370e-03
3.247739563408180707e-03
3.250148152436849180e-03
3.313163883909231444e-03
3.289282526609538237e-03
3.293163609011995341e-03
3.249822010360947644e-03
3.217804843923977032e-03
3.223080308451642395e-03
3.256963881094976365e-03
3.244598811426468998e-03
3.215671522595831000e-03
3.215671522595831000e-03
3.252832342264699861e-03
3.233726831473493490e-03
3.235013790894192276e-03
3.272786069746902449e-03
3.235352060222740356e-03
3.251242602447690366e-03
3.230391853832781379e-03
3.244012204410284816e-03
3.237783487380352376e-03
3.233946682706489995e-03
3.215671522595831000e-03
3.223847129999679595e-03
3.219639273007390834e-03
3.215671522595831000e-03
3.229566611949952204e-03
3.215671522595831000e-03
3.215671522595831000e-03
3.238542339686678595e-03
3.217939854456952631e-03
3.215671522595831000e-03
3.237680495601358288e-03
3.215671522595831000e-03
3.215671522595831000e-03
3.215671522595831000e-03
3.215671522595831000e-03
3.215671522595831000e-03
3.215671522595831000e-03
3.215671522595831000e-03
3.215671522595831000e-03
3.215671522595831000e-03
3.215671522595831000e-03
3.215671522595831000e-03
3.215671522595831000e-03
3.215671522595831000e-03
3.215671522595831000e-03
3.215671522595831000e-03
3.215671522595831000e-03
3.215671522595831000e-03
3.215671522595831000e-03
3.215671522595831000e-03
3.215671522595831000e-03
3.215671522595831000e-03
3.215671522595831000e-03
3.215671522595831000e-03
3.215671522595831000e-03
3.215671522595831000e-03
3.215671522595831000e-03
3.215671522595831000e-03
3.215671522595831000e-03
3.215671522595831000e-03
3.215671522595831000e-03
3.215671522595831000e-03
3.215671522595831000e-03
3.215671522595831000e-03
3.215671522595831000e-03
3.215671522595831000e-03
3.215671522595831000e-03
3.215671522595831000e-03
3.215671522595831000e-03
3.215671522595831000e-03
