2.971147520640853301e-01
2.971147806372433919e-01
2.971148101248191065e-01
2.971147888360783362e-01
2.971148247912562823e-01
2.971148054139566286e-01
2.971152475507116142e-01
2.971149277469240513e-01
2.971148128825431556e-01
2.971150717073099967e-01
2.971148905152425357e-01
2.971147520640853301e-01
2.971148499194846693e-01
2.971148587969012489e-01
2.971151368709012974e-01
2.971148474180644872e-01
2.971148315466400902e-01
2.971150150603953932e-01
2.971147848829334137e-01
2.971147842896039171e-01
2.971150923368526264e-01
2.971149130335815070e-01
2.971147520640853301e-01
2.971147801789064680e-01
2.971148680207207349e-01
2.971153862839800430e-01
2.971147822864830257e-01
2.971148049560490279e-01
2.971148175134590286e-01
2.971148993045718001e-01
2.971147858715683654e-01
2.971153484201235484e-01
2.971150328882081748e-01
2.971147520640853301e-01
2.971150083812293952e-01
2.971147869070132064e-01
2.971148507133822836e-01
2.971149026588310038e-01
2.971148057097166006e-01
2.971149585927186365e-01
2.971147901631082666e-01
2.971148611995824140e-01
2.971150615765901781e-01
2.971148767849567385e-01
2.971147520640853301e-01
2.971148827600400555e-01
2.971148599651185496e-01
2.971151941037702970e-01
2.971148068179225721e-01
2.971148190188667160e-01
2.971148878050192677e-01
2.971147887103420260e-01
2.971149068790686076e-01
2.971152779491246232e-01
2.971149569403478408e-01
