2.146784277073126024e-01
1.614121651965760851e-01
2.048248893445283603e-01
1.551471097931875764e-01
1.146238340940224365e-01
3.042098657809222395e-02
1.147481781796244604e-01
3.043017971126160681e-02
1.449027954637291948e-01
6.307962673187472724e-02
6.817914574385630644e-02
3.352790649289283387e-02
3.228922980493564854e-02
1.505306078753454457e-02
3.922823729402313830e-02
1.020250605197958738e-02
6.021802174446622136e-02
9.560126468080687445e-03
1.447049094643837464e-02
7.216476292769335998e-03
2.599488784010106635e-02
7.589103629556115393e-04
3.498416052670427767e-03
1.164656398291441519e-02
2.595592521123402108e-03
5.059368926199514505e-03
1.253591799981856880e-03
4.606962289596006066e-03
8.030876900018135700e-04
1.242997912477727951e-03
6.412362892098677492e-04
9.439382697721265814e-04
3.756038460989152838e-04
