7.546517695374653778e-01
7.403955154224681756e-01
7.393191685108526645e-01
7.212898282200238542e-01
6.992646673653080125e-01
6.964526610439194521e-01
6.677660379125857082e-01
6.107345228677891757e-01
5.280473516425768787e-01
4.837735122342650129e-01
3.789730415507421846e-01
3.162364041559897476e-01
3.956786675968092526e-01
3.451613541068930813e-01
4.645048474172203123e-01
3.195154130433968120e-01
4.214662111696317881e-01
3.133702437649938943e-01
3.257571364167960448e-01
3.129465335636396617e-01
3.105306225138302345e-01
3.173309249979682223e-01
