7.126936934905612198e-01
6.796297186891081532e-01
7.188017843229070891e-01
6.717318417452153856e-01
6.431490523720910790e-01
5.982824844551589694e-01
5.263358795051774619e-01
4.795728549286845110e-01
3.746498592311204856e-01
2.818909296111135054e-01
2.457796621544873217e-01
3.242051621387866955e-01
6.290498084897885311e-01
2.493095951278674338e-01
3.346109206554487292e-01
2.605157284811167040e-01
2.660434716903384844e-01
2.442726051262884557e-01
2.971510668661184740e-01
2.398074810265969914e-01
2.403774241110168131e-01
2.505225325394614400e-01
2.403285980678557809e-01
