5.936875247790299737e-01
5.460842985882445877e-01
5.891811965524522687e-01
5.403116244137827762e-01
5.089216342844291585e-01
4.531351057969832397e-01
3.686091369468218470e-01
3.200636256892530618e-01
1.938645116925665768e-01
5.578816354169580105e-02
6.923703210136533670e-02
4.942666722068467244e-02
5.930710437727726436e-02
7.673688786098264991e-02
6.086454857004697239e-02
8.286669742018626383e-02
3.780278761707833723e-02
7.710299270060660959e-02
1.297826881773600505e-03
1.643207367884935710e-02
6.660433659641973314e-02
1.714564515296967961e-02
3.540901761005943449e-02
5.351438222733095884e-03
2.102291738711992153e-02
6.295879457353215081e-03
1.244971237955350141e-02
1.415134962133857144e-03
5.631541398351869177e-03
2.670948028837605293e-03
2.820967553372244474e-03
1.314256964154880691e-03
3.985242474746408803e-03
4.922914792637733683e-05
6.601222894009328712e-05
1.423315122855317583e-03
6.214841032656792663e-04
7.390935271333054501e-04
2.823249640919733849e-04
3.979646796209435067e-04
1.124988186154141090e-04
2.276461068040358526e-04
2.752414716145068496e-05
4.380083474120333165e-05
1.207714767796908006e-04
6.713598333263348650e-06
2.350178146692805115e-05
5.749157285939165973e-05
6.274064951794500189e-06
2.254818576452599643e-05
1.125320481554226149e-05
1.177185978029626767e-05
5.551311329066166422e-06
1.850412518877853074e-05
3.774440225923214598e-07
1.264270753420504434e-06
7.164417615501683656e-06
2.380313896432895149e-06
3.977549917544287439e-06
7.928316820837721934e-07
1.563998640818908825e-06
5.105511645675520072e-07
1.665342202694652940e-06
1.793055917076458172e-07
