6.360197177307645999e-01
5.984879410618888507e-01
6.465212547212516592e-01
5.834842489001617061e-01
5.417253285445534638e-01
4.836801561902112079e-01
3.794327792233822549e-01
2.984156120209788821e-01
1.304301251366115633e-01
9.150464543033587361e-03
6.707700128797178252e-02
7.611680622244176853e-02
1.683051788997103060e-02
7.469840841344721483e-02
7.633004364496120964e-02
7.711008271796582214e-02
6.389006407543629251e-02
5.327371515651935230e-02
1.630613915121155166e-01
3.094232953085174209e-02
6.527622472788463526e-02
1.313171726274997564e-02
4.159809734794073233e-02
1.562677390333622185e-02
2.076217875168717697e-02
7.228373686989142399e-03
2.691556514074733286e-02
2.156123719851632536e-03
4.212782987099594756e-03
1.421573910775719707e-02
2.103037428810683451e-03
4.087014541714895088e-03
2.049118851798814589e-03
6.205693045371107885e-03
2.725566268646506529e-05
8.210236427785844171e-05
2.183854901424142625e-03
1.000443436862896718e-03
1.116067526174768787e-03
4.737062128268298977e-04
5.845522795108193392e-04
2.097390317656877556e-04
3.193905907575844694e-04
7.760596318195922549e-05
1.321983648192581740e-04
2.841690078247971485e-05
1.333157793517170120e-04
2.490409580335750661e-05
2.600954572762326222e-05
7.818919051794104291e-05
8.873066659198514117e-07
2.059577907997933721e-06
2.781681962960025345e-05
1.172565255092017367e-05
1.463480522534421624e-05
5.135984504134327722e-06
8.044244391602894950e-06
1.841038879346612589e-06
2.936831352551294572e-06
7.780130280021779754e-07
3.497027344812053684e-06
5.087661691938194508e-07
