5.936875247790299737e-01
5.626256785547226746e-01
5.593161536017881019e-01
5.229726963714934618e-01
4.803845516843310293e-01
4.760209088299677260e-01
4.256665883410108986e-01
3.268095488972263540e-01
1.946499145972951927e-01
1.361868318454972915e-01
3.756678054758655350e-03
7.726628358865483825e-02
4.484201103024276769e-03
7.698167624480101168e-02
7.710318698072082810e-02
7.719095227333783171e-02
5.885977666033470612e-02
8.450060871679887509e-02
6.743735215135227001e-02
1.617487038124953980e-02
1.084382891236355118e-01
3.187973290709633645e-02
5.328077906139516706e-02
1.424430117367991855e-02
3.075356638862514203e-02
3.110897830413961174e-03
1.472949863609707144e-02
7.454309980982065653e-03
7.040447262719573551e-03
3.304830107974554565e-03
1.044465934182614575e-02
3.091451741219497507e-04
4.989133907342679919e-04
3.850422930685715173e-03
1.344685776699217072e-03
2.136089736730184541e-03
4.680141300987816777e-04
6.597838882909101699e-04
2.103864116174136711e-04
9.846457262474572758e-04
1.036646042683608826e-04
2.033512477361831827e-04
5.179304981891563742e-04
2.860307090624125692e-05
1.275653063346204874e-04
4.513160549302064339e-05
1.773672402187731478e-04
3.336128787745362700e-05
5.004547328946173934e-05
2.140895172741963393e-05
8.336731077385195476e-05
4.163033297421847578e-06
1.146177391997404982e-05
3.700756220170742239e-05
6.808848893591346041e-06
1.401834143877067618e-05
5.056006404768886853e-06
1.601682488217015532e-05
1.103257592838247092e-06
