6.600119501666179556e-01
6.790326887961044555e-01
6.143761540173076074e-01
5.888153621750320532e-01
5.311541348763542114e-01
4.686754755292410479e-01
3.430366447470643010e-01
2.196032367942943875e-01
3.554530693481883219e-02
2.793720259588328148e-01
6.513241015742652351e-01
1.037469885782853485e-01
3.283352563587176309e-01
1.220645349013420589e-01
1.867250969144917949e-01
4.318894807233619737e-02
1.860840551919989982e-01
3.298652632912557614e-02
4.063950143101591195e-02
1.986349836023904025e-02
8.727189800579893131e-02
4.387903004552051733e-03
1.811255538774692031e-02
4.248629235548750938e-02
4.376139851061555675e-03
1.766538482999724380e-02
8.890102099351038234e-03
9.001121510519571878e-03
4.459462496629207351e-03
4.486431009308677886e-03
2.233513498743677772e-03
1.098358137169008764e-02
5.368570953221407649e-04
