5.936875247790295296e-01
5.460313013106842250e-01
5.896018997117354887e-01
5.407816684382961148e-01
5.096928212740973185e-01
4.532863249866914135e-01
3.685049824050279366e-01
3.209886455720742937e-01
1.952495342183607763e-01
5.606065042265118148e-02
6.923802320823346790e-02
4.869658482731731297e-02
6.020362564227599300e-02
7.677954075577186899e-02
6.058271326446607041e-02
8.392858945510084379e-02
3.733077360645831178e-02
7.715864716505871357e-02
7.404208149399682526e-04
1.647220732855469993e-02
6.654706718764491491e-02
1.672512233097633860e-02
3.555836909630327725e-02
4.978757244536335946e-03
2.023241220039606603e-02
6.559516920356611713e-03
1.180973114599814799e-02
1.781918165989604397e-03
6.189050426093523072e-03
2.253780656625625767e-03
3.330568405594536152e-03
8.744102024960120900e-04
3.358982548078204289e-03
4.824419168807381197e-04
6.176867145483155852e-04
1.849720490409767493e-03
9.643874888642933740e-05
2.307596976995895943e-04
8.075637608226937658e-04
1.590508594652151331e-04
2.941305312363917679e-04
9.988958589901564267e-05
3.550498456459383334e-04
3.036011106327674014e-05
3.395011078777265823e-05
1.607471024241968749e-04
3.218366435819852711e-05
3.559185401158515560e-05
1.647934465265343817e-05
7.902641332246940209e-05
4.400229019152490650e-06
1.814385729570489048e-05
6.071005737684487258e-06
2.696342512953364690e-05
5.617654237233260517e-06
7.319362236191118143e-06
2.736536654390775425e-06
