9.674566088432686728e-01
9.606946543716179399e-01
9.682882998610422565e-01
9.650787621461746069e-01
9.604901031432570013e-01
9.496096585510561683e-01
9.676944496357955394e-01
9.675596360228359005e-01
9.679758118523899002e-01
9.603533253501270739e-01
9.553794569883033994e-01
9.511970664014794963e-01
9.440609521130937098e-01
9.389804727843931165e-01
9.339951575925933280e-01
9.268226083224266887e-01
9.315037961468283223e-01
9.308426722223636096e-01
9.206458993907273847e-01
9.135405489463184203e-01
9.047436492727692903e-01
8.945278393857686305e-01
8.957195326912088529e-01
8.874219168950319148e-01
8.767632603862899332e-01
8.657074148850906203e-01
8.512493909502950595e-01
8.597719852500935733e-01
8.501553657705116507e-01
8.373184879881788722e-01
8.216186819626603022e-01
8.039222217615779043e-01
7.912569270906067986e-01
7.695233020036102989e-01
7.705976953266628904e-01
7.625356236298678203e-01
7.427547706528034865e-01
7.226647675074501231e-01
6.979599761063683960e-01
6.939267033764182635e-01
6.670481904427850717e-01
6.636881941111774097e-01
6.354707264830415925e-01
6.154083439878150763e-01
5.820544365641959761e-01
5.687668827830211216e-01
5.334347165211219544e-01
5.391318458078031561e-01
5.197567318468223618e-01
4.892146038381383066e-01
4.464175099446293649e-01
4.075344211234475100e-01
3.949158784193514959e-01
3.559638999095785517e-01
3.496878751766788751e-01
3.092405509250616413e-01
3.137554105187416731e-01
2.799175875492612153e-01
2.522221886632662891e-01
2.590732075210697705e-01
2.172698744693194461e-01
1.930582405536018786e-01
1.671987169790989380e-01
1.479663917920364113e-01
1.326689384867353327e-01
1.182080657401264334e-01
1.418290592545408124e-01
1.328136665532005933e-01
1.246057134108402575e-01
2.486570269463542759e-01
1.402661870356421980e-01
1.886041417706393331e-01
1.101131350987474278e-01
1.238017206064871978e-01
1.425188505565582187e-01
2.003845513643680576e-01
1.496036361658265035e-01
1.549537054840689487e-01
1.304452865030548692e-01
1.185551461051194133e-01
1.664640784474246127e-01
1.239574594004096975e-01
9.688311436120933262e-02
9.789079919964305265e-02
9.148096698190266718e-02
9.330917411402261941e-02
7.064709819312076089e-02
6.620034062312707412e-02
6.708881018981949218e-02
4.454502147225758435e-02
3.720485938418227612e-02
7.234978431247940378e-02
1.069279794708544173e-01
2.296846868107604855e-02
1.666052262385164795e-02
5.829921355928180393e-02
1.165752002609493632e-01
7.492538451513008901e-02
7.046660283061256802e-02
1.105703469918040138e-02
7.036948723497804536e-03
3.207705107630198782e-02
4.008928412099965755e-02
1.202294070193902220e-01
4.269571034369579188e-02
2.662743819351398589e-02
3.668178847367586926e-03
4.515994593587313588e-03
1.046904785184021858e-02
4.227505838681955286e-02
2.584047689518154112e-02
1.390414277366169848e-02
1.200506449528382369e-02
1.998627217385473553e-02
4.167987812246065626e-02
1.329829927561265723e-02
4.766022229209865291e-02
1.248615711564693420e-02
2.595196430593482706e-02
1.102724256891729482e-02
1.593751142292099132e-02
9.405472743651110967e-03
1.905553223759293147e-02
8.047393898392374290e-03
2.018257369849574268e-02
7.656123395328839898e-03
2.167375463472664965e-02
7.135275424816289735e-03
1.205955250942092327e-02
7.621237625767607327e-03
1.013887078343400638e-02
1.648619369318404804e-02
6.346170083173174881e-03
1.005408273863883650e-02
6.714368462481967725e-03
9.929779203187827363e-03
6.330297264225293041e-03
9.771725965440070105e-03
5.582619328065696607e-03
1.058012565444899078e-02
5.311865381290470367e-03
7.934068642065916777e-03
5.498413507362354125e-03
1.094268099131778804e-02
5.003252589656059790e-03
1.062786089662448585e-02
4.997870944557503137e-03
6.026216100356696082e-03
8.188376127291396855e-03
4.766198175232827516e-03
7.356618432065475943e-03
4.834525503120246093e-03
6.129507252527255368e-03
4.768859789439749974e-03
7.118123807381193657e-03
4.436879413230565561e-03
6.778511127607744768e-03
4.422939362060063218e-03
5.155050221060442084e-03
4.352131640499523613e-03
6.481625086798836755e-03
4.174579843909120846e-03
5.314515379942208462e-03
4.272720074930291823e-03
5.776159441972961162e-03
4.139308206416281166e-03
5.911377667997652630e-03
4.095584537999186203e-03
4.235498064469433999e-03
4.732395572647707382e-03
3.983982757276516296e-03
4.884854029230445427e-03
3.962979295503155086e-03
5.000166176106435323e-03
3.916489334832129465e-03
4.488216022240587577e-03
3.919205149444882075e-03
4.436158632796338708e-03
3.902326264434319292e-03
4.223889907691402712e-03
3.884786455223721013e-03
4.306764090215686736e-03
3.856760240393497519e-03
4.035974060600966418e-03
3.813969567037500674e-03
3.900813405392056232e-03
3.841068164687988507e-03
3.901896332721976890e-03
4.333478321940753553e-03
3.714286495707930236e-03
3.842040559889237095e-03
3.953201727527444476e-03
3.735713439811605419e-03
4.120136032416010785e-03
3.721574626987300682e-03
4.075428981546114215e-03
3.716791577956901627e-03
3.681671832337252148e-03
3.710862834734096616e-03
3.865953260860144347e-03
3.692309398996673764e-03
3.901303687534274367e-03
3.673688348192816200e-03
3.933340962013254227e-03
3.627746553594102252e-03
3.885496168510860215e-03
3.625059644099870582e-03
3.695764326567596569e-03
3.538058829146484285e-03
3.556528710680906258e-03
3.816986760407092838e-03
3.613792166310636489e-03
3.742508653377663030e-03
3.611657512120447500e-03
3.560012460723238625e-03
3.729227536379053909e-03
3.597081462545337338e-03
3.573656743733333307e-03
3.644660413093192552e-03
3.574335867751132767e-03
3.602312277939723195e-03
3.600537600890518775e-03
3.505732565292074554e-03
3.523846822840348558e-03
3.538746916618706884e-03
3.484660098202141398e-03
3.504049964838773512e-03
3.633194210236334598e-03
3.531942386222008956e-03
3.524180959848743910e-03
3.482710759251328447e-03
3.508336038972270643e-03
3.453018057925416606e-03
3.472932294063646452e-03
3.589494215920474574e-03
3.496300105627292432e-03
3.554250194060082357e-03
3.487330737585558893e-03
3.451549352979199625e-03
3.472126416868337451e-03
3.496428693121500508e-03
3.657220378138648087e-03
3.463622584664705073e-03
3.536654262599525644e-03
3.463909751357685529e-03
3.529523846691473565e-03
3.459339969204777709e-03
3.392983530978943563e-03
3.390480608261525752e-03
3.504785109388119935e-03
3.449593381144144821e-03
3.393716322220852177e-03
3.461969206811965627e-03
3.426467565697866036e-03
3.427639092314138658e-03
3.441885648719389401e-03
3.435813558501310538e-03
3.402624810267096400e-03
3.454249825942445895e-03
3.417435387806366798e-03
3.392931239973084878e-03
3.340093114195585855e-03
3.336073886989421311e-03
3.380259501599591765e-03
3.367241433697487629e-03
3.464792412016026724e-03
3.385697520967734242e-03
3.341138326282355742e-03
3.369433290134393744e-03
3.363080014050612299e-03
3.538404073288314855e-03
3.353011813781670014e-03
3.355129313051707918e-03
3.292171182647130045e-03
3.283873826992023126e-03
3.294476509951516086e-03
3.310258573635649348e-03
3.292530992488940100e-03
3.314964083070193190e-03
3.389377995607345539e-03
3.321171570960124164e-03
3.289840202752358778e-03
3.292893789191730924e-03
3.233468597059863114e-03
3.224043498071593739e-03
3.270708743867478674e-03
3.279610409156363815e-03
3.262064918645224409e-03
3.247197053384276444e-03
3.246526543205674464e-03
3.237910765921059308e-03
3.223028302468122774e-03
3.225958343641033288e-03
3.186991208995793023e-03
3.179315115264480518e-03
3.214704833119585992e-03
3.216968724337854191e-03
3.206288361866094228e-03
3.239395684562662581e-03
3.167273054710872948e-03
3.163497678433824234e-03
3.232492946083853624e-03
3.200850866398874395e-03
3.201240844622366133e-03
3.142544056593532531e-03
3.135436514891121185e-03
3.139707840953853690e-03
3.249196309971780217e-03
3.185622617111527610e-03
3.141578295881020111e-03
3.145640070011612721e-03
3.177785494451135229e-03
3.154620374425820550e-03
3.108912555533693833e-03
3.105661581027874263e-03
3.102534243511478884e-03
3.101030196627441171e-03
3.170879749160304684e-03
3.143540331947303201e-03
3.102125860066307084e-03
3.129729234634281987e-03
3.129998001983214095e-03
3.105440809267556723e-03
3.109619178215283775e-03
3.095371548906156178e-03
3.100426585554538761e-03
3.071224923240856164e-03
3.069116145055783562e-03
3.145760129232955116e-03
3.106554565726504791e-03
3.076320608252136601e-03
3.099854084157027678e-03
3.098517871762851428e-03
3.091880601873042700e-03
3.065398401642549508e-03
3.065250858611312523e-03
3.086356072701468278e-03
3.072826847810405937e-03
3.089629721334086199e-03
3.067537304851208901e-03
3.081204795657876971e-03
3.086614463022163690e-03
3.104249738695274985e-03
3.073950671708680638e-03
3.090596940010126303e-03
3.073342490106933944e-03
3.100861394108256341e-03
3.072388872789488801e-03
3.085073802684634714e-03
3.070960871281336324e-03
3.083451871166431602e-03
3.068361364767291377e-03
3.082769897580828200e-03
3.067067313039295584e-03
3.073338208994025322e-03
3.067553232630193527e-03
3.074127258672842977e-03
3.067149854241169038e-03
3.075732514433826559e-03
3.066750499395198837e-03
3.072802472787516948e-03
3.066225241435183158e-03
3.070152490713407012e-03
3.065377765328225479e-03
3.069060417411617614e-03
3.065050791156043175e-03
3.065050791156043175e-03
3.882588903513339851e-03
4.878270722998956366e-03
5.044639101604797560e-03
6.206490497043803956e-03
6.107614809044759063e-03
5.344174609906215956e-03
3.836705655173355822e-03
6.017805319967650668e-03
3.320341080535471612e-03
4.118038977118043675e-03
5.300508616379873139e-03
6.858318861983403458e-03
4.016167797370573389e-03
5.829604837568225228e-03
4.076904525220803599e-03
6.097544385348818707e-03
3.906083579395813743e-03
5.619709438885567288e-03
3.849840955393535324e-03
4.311363072346585668e-03
3.538223925592998143e-03
4.607153419989407084e-03
3.497257604888837079e-03
4.405287780177791213e-03
3.480353475719621947e-03
4.345417198823753324e-03
3.422654219849552426e-03
4.330944883036313975e-03
3.413734102467480547e-03
4.361920676911990036e-03
3.390187250972176436e-03
4.217566879258116685e-03
3.396879071531966332e-03
3.552458752726139757e-03
3.286745191241502440e-03
3.683387123575188049e-03
3.254251264349861117e-03
3.601694776404262832e-03
3.251298900875831954e-03
3.710689414167411826e-03
3.209924346563419739e-03
3.669877791966036362e-03
3.210040873773523096e-03
3.652067021158722504e-03
3.202148397341675334e-03
3.579753009645081363e-03
3.204937192824441894e-03
3.241865233302165805e-03
3.472512342151734543e-03
3.152580357464351835e-03
3.470735712008288232e-03
3.136490941282543687e-03
3.391614142721377512e-03
3.142389518301369478e-03
3.236101155573156696e-03
3.145506670559683471e-03
3.257336664724053144e-03
3.130004312484335749e-03
3.345098616510777667e-03
3.122526642809542174e-03
3.312190082452759476e-03
3.122922170933351005e-03
3.272333922037407028e-03
3.125033068406946057e-03
3.143637829030376807e-03
3.197769454518772925e-03
3.099497604745704571e-03
3.137695817422625488e-03
3.167369728210522872e-03
3.100216985646220280e-03
3.146183470953523020e-03
3.099201964333997417e-03
3.171522054985276284e-03
3.096425759903542740e-03
3.142488177165003727e-03
3.095247488319796680e-03
3.168354148894159117e-03
3.090259070067546965e-03
3.153021469549099898e-03
3.090463660320397210e-03
3.185500195386770095e-03
3.087660413132464754e-03
3.109507680915113426e-03
3.081907471126354991e-03
3.079720738771385413e-03
3.124444846670182407e-03
3.078893252615011455e-03
3.127584929508930855e-03
3.077242469680330217e-03
3.073514392979537213e-03
3.091900305887351763e-03
3.075697079879979867e-03
3.107985743262098310e-03
3.074198739154154758e-03
3.099107223158092950e-03
3.073539461982188747e-03
3.086809961221126386e-03
3.071390402039408940e-03
3.110207520245045210e-03
3.068288656112083679e-03
3.070780521844507227e-03
3.076064148275881038e-03
3.068556762835350504e-03
3.080558391186372091e-03
3.068050930820853672e-03
3.077871517344843433e-03
3.067439280308947858e-03
3.062780502390061166e-03
3.065248865713354753e-03
3.109191798301713661e-03
3.063863756179951991e-03
3.068337674521304237e-03
3.064992347806327899e-03
3.068605070403296331e-03
3.064153137634972879e-03
3.078930231731002998e-03
3.063166845974296670e-03
3.070074417241275277e-03
3.063916755321693941e-03
3.065458180090852025e-03
3.057760492619077120e-03
3.058309386178570399e-03
3.070910323673126108e-03
3.061553971277386488e-03
3.054464556972558142e-03
3.053904159950660002e-03
3.058710403967879188e-03
3.057485216068855927e-03
3.057943394712325791e-03
3.056823511281669958e-03
3.061234914017774145e-03
3.051212708355066638e-03
3.051499414771896568e-03
3.056517260615065901e-03
3.067129301209670089e-03
3.056229911889696282e-03
3.063630730017696813e-03
3.055148239207050587e-03
3.057626980396244143e-03
3.048784476691324130e-03
3.048229922436807016e-03
3.055845120004230253e-03
3.048511571739243031e-03
3.057719407391745747e-03
3.053357766934605699e-03
3.059538061527367070e-03
3.053027873456959362e-03
3.052706207822164508e-03
3.061902422544782176e-03
3.052259255330480592e-03
3.047401064110055735e-03
3.047347728890925644e-03
3.047084500631735970e-03
3.047214916149343367e-03
3.047666161263840046e-03
3.045797446779907602e-03
3.046067299319332733e-03
3.048943744228149733e-03
3.044590228141852428e-03
3.044948743626152421e-03
3.044135582637497173e-03
3.044618629518658359e-03
3.049523865383263477e-03
3.046733216538033417e-03
3.043767314033107851e-03
3.044045735311473599e-03
3.040293080679545845e-03
3.039503562117351620e-03
3.044949893664550267e-03
3.043636363991963911e-03
3.042369113689269433e-03
3.041125848622594496e-03
3.038311947518690381e-03
3.037932352997430030e-03
3.039941951991753655e-03
3.040024821771458718e-03
3.036833613790146380e-03
3.036710404549003428e-03
3.035573926482348917e-03
3.035417960573827401e-03
3.037463049501920587e-03
3.037420982530458780e-03
3.040081244702785845e-03
3.037942059247344950e-03
3.038165350148114285e-03
3.031851237255689391e-03
3.031026506655543074e-03
3.032210868521012515e-03
3.035857969314603722e-03
3.034863036707968753e-03
3.029799430120605486e-03
3.029190574592610652e-03
3.037811753044739049e-03
3.034831334935428337e-03
3.032053733730277756e-03
3.030743697244098200e-03
3.031909123400566841e-03
3.028578963004346924e-03
3.028586759974083442e-03
3.027847724880405877e-03
3.027906538701108374e-03
3.027178713608802418e-03
3.027419051760738000e-03
3.026115194611378456e-03
3.025939407225730626e-03
3.027439756497551926e-03
3.027122010724858647e-03
3.022491197697596554e-03
3.021742684796824285e-03
3.026355755187060126e-03
3.022320206459427894e-03
3.020565690353915755e-03
3.019937725058818856e-03
3.021899478639178405e-03
3.021774150403055970e-03
3.020332902661460039e-03
3.018973928523571715e-03
3.019200128794752302e-03
3.025502856608075497e-03
3.016383062425131989e-03
3.015974357960304886e-03
3.024571107324458552e-03
3.021533546353039057e-03
3.017089169742415145e-03
3.017616536118983284e-03
3.018022646093965200e-03
3.014390081475748495e-03
3.014008694034897573e-03
3.014283013990315396e-03
3.017224100243409701e-03
3.011322918164638374e-03
3.010611669923446421e-03
3.012477648464795266e-03
3.012947726834469542e-03
3.013798365127051682e-03
3.012846022259485501e-03
3.010040687742576715e-03
3.010165583593127359e-03
3.007961528784464100e-03
3.007527873265525287e-03
3.009304351213826223e-03
3.009209551590119602e-03
3.014409984037125234e-03
3.011363746238115979e-03
3.009814259158249961e-03
3.009214648792779556e-03
3.006698161280851878e-03
3.006742254737404529e-03
3.006911370281195595e-03
3.005931846466136648e-03
3.005980711350608736e-03
3.006635457977857584e-03
3.005906147133696749e-03
3.006302415390571525e-03
3.004453333949053118e-03
3.004449870903425079e-03
3.004818788623131454e-03
3.005816075898670725e-03
3.005115331137009349e-03
3.004449870903425079e-03
6.737053975209517098e-03
3.740716535657773179e-03
6.723775557146760562e-03
6.018109727177645141e-03
3.524577902860981382e-03
5.396246453632347340e-03
3.434514413839018232e-03
4.685614601858123507e-03
9.937367284934883749e-03
4.498829623280964363e-03
7.346001288072168123e-03
4.718799918850602459e-03
6.525975383766535742e-03
4.381821078454972707e-03
6.854848345051789416e-03
4.007479671825242562e-03
5.072360059320435433e-03
3.786992362633023745e-03
5.803090866374649437e-03
3.710773374903775235e-03
5.654389265304038403e-03
3.616031675717668037e-03
4.543265739488266952e-03
3.644947416696853182e-03
5.035285165679970198e-03
3.397303008044860739e-03
3.743919945371043667e-03
3.355159666077578429e-03
4.203523714462198413e-03
3.317794303162813208e-03
4.099947162125139322e-03
3.313196695802433922e-03
4.354360067749807328e-03
3.254570029800563091e-03
3.565415877484268137e-03
3.271467375945302791e-03
3.778784864235884555e-03
3.235651722035437494e-03
3.724503322622640944e-03
3.190437697013326357e-03
3.499329390814542862e-03
3.188231470111047017e-03
3.612038977633957870e-03
3.155355353145150588e-03
3.586717645789438969e-03
3.137736252937783910e-03
3.380891913568162543e-03
3.153498485627292958e-03
3.217112178728998018e-03
3.486323620410236579e-03
3.108784255248631112e-03
3.445646108692135279e-03
3.103345484937403143e-03
3.211756025417122906e-03
3.108652909390663410e-03
3.310807294480966334e-03
3.088995951715745036e-03
3.211137001663311175e-03
3.095952042674876559e-03
3.244494909040218644e-03
3.074792719043983880e-03
3.186646470659693087e-03
3.078840170377850072e-03
3.241766021535696929e-03
3.065336775329496888e-03
3.101580706021511702e-03
3.162159328878977327e-03
3.055887846404869990e-03
3.221004369780344767e-03
3.048460240588468650e-03
3.082889282512324414e-03
3.099346892610488347e-03
3.053622241900755263e-03
3.150786469214850172e-03
3.045465381523060344e-03
3.082388460653007201e-03
3.047467162676453789e-03
3.077400819736175741e-03
3.044695665374019811e-03
3.077191037478388402e-03
3.043224659586174496e-03
3.095616354554686644e-03
3.036391198566579241e-03
3.095433713604434089e-03
3.031286772515850991e-03
3.081865298747765713e-03
3.031337358402330651e-03
3.063786578534233307e-03
3.030078431000449157e-03
3.042256038732760182e-03
3.040123563112229199e-03
3.051451218416323385e-03
3.028349158594845214e-03
3.096157125799914311e-03
3.023864973130008238e-03
3.018881498123460183e-03
3.050368254056912143e-03
3.024802173116181159e-03
3.038496034707849347e-03
3.023711028971809434e-03
3.041392577443513545e-03
3.020646354102485276e-03
3.023238905966230128e-03
3.014120120593433150e-03
3.018805573443916757e-03
3.046651978616865541e-03
3.014666570759771957e-03
3.005295061465185213e-03
3.026974217703370940e-03
3.014697130473753539e-03
3.035647653749529162e-03
3.013675674492510836e-03
3.005266922170624078e-03
3.013058244837107935e-03
3.034782490814680322e-03
3.010122252948277399e-03
3.003781672261007785e-03
3.005152458996906972e-03
3.005679999053212370e-03
3.016260202237441845e-03
3.007936731651339457e-03
3.010796786212077691e-03
3.015442568406134782e-03
3.007231024331202818e-03
3.013655705771833837e-03
3.006108282515906893e-03
3.007914782995113612e-03
3.014917674208583698e-03
3.004310614711847016e-03
3.009314029442378136e-03
3.004806503401846740e-03
3.003929727490528556e-03
