7.178147063857081012e-01
7.509808480428863398e-01
7.091024156273892931e-01
6.423362041692712854e-01
5.363500249973793821e-01
5.281041216328212773e-01
3.887798642333888388e-01
7.973250630350969814e-02
3.380288793637460376e-01
9.487745054735685635e-02
4.110859888901993164e-01
1.992097113735300518e-01
2.159282590763287324e-01
9.706558636453510580e-02
1.124323983570402197e-01
4.497961323007437784e-02
2.164884182097572829e-01
1.630139798584173683e-02
5.258949964876702410e-02
1.905966717138085631e-02
7.978985278271555348e-02
1.366089701387007693e-02
1.610175049123863111e-02
4.623720068209014045e-02
6.805427244912509721e-04
3.428736743611993099e-03
1.761530657481902296e-02
5.835344569946387949e-03
9.803745883418923945e-03
1.923883571782747381e-03
4.387747298679967045e-03
1.356922871810883890e-03
3.924794315388169252e-03
4.681418884475707642e-04
1.067260809778147745e-03
4.987809776808571627e-04
1.650039427687044480e-03
8.997418070422202874e-05
1.454632413608880626e-04
6.853244693748594685e-04
1.817449864025544315e-04
3.949868650505727885e-04
3.805452921223917429e-05
5.186415530133992036e-05
2.033260826781457808e-04
1.652520520223355049e-05
7.479870726090354083e-05
3.941390366568597869e-05
2.403035014586496487e-05
7.347007617242162780e-05
1.178401498469483499e-05
