2.146784277073126024e-01
2.383110507707801862e-01
2.247469731714017982e-01
1.957961529848977200e-01
1.595364740702602813e-01
1.362347895898383676e-01
5.904244054560581212e-02
3.039472562716727388e-02
2.064291157607270888e-01
1.887109982450573265e-01
9.834046281888308982e-02
7.986193762045890043e-02
2.951859337299456154e-02
1.297747461313355499e-01
1.710879801273801348e-02
1.139605331541826416e-02
2.006080718112523975e-02
5.537332741077749532e-02
6.628748214845714415e-03
1.454337305368413880e-02
5.359532423693469383e-03
2.413747718763536998e-02
3.145513451975334718e-03
1.445148587391864581e-03
7.552560274584063649e-04
1.034928172072846486e-02
5.277499636111571135e-04
7.138777949658225985e-03
2.805097848899817947e-03
2.304411150905627537e-03
4.624148296383800982e-04
3.644297593054957041e-03
7.265945824252995067e-04
1.492000945875315843e-03
4.387769766249771664e-04
2.221708506218500467e-03
9.210562879680139758e-05
3.891807120046664181e-04
5.645702653681583527e-04
4.442963767163909949e-04
2.775771442453667248e-04
3.043998082441490283e-04
8.707574359645420259e-05
5.370987483385158967e-04
1.974724841263819641e-04
7.867705275654834907e-05
4.082796156881229876e-04
3.049831512846878923e-05
5.460679292945691543e-05
3.063726999608107349e-05
1.348211353953132630e-04
3.342621691659886096e-06
4.488473599517650570e-05
3.194777470993948043e-05
1.976969787520488353e-05
1.547555089609353729e-05
