6.312499524784072058e-01
6.050620016114001132e-01
6.292227428913058640e-01
6.020126702720296485e-01
5.848506429611364243e-01
5.551182534874585794e-01
5.107315586139857810e-01
4.840693046305613034e-01
4.173490449568221239e-01
3.470531755210836122e-01
2.822525808757531118e-01
2.883984202556917342e-01
4.410270516812595520e-01
3.144953571509336854e-01
3.284743891351662448e-01
2.863286356412939604e-01
3.351423361540510903e-01
2.788442544807527845e-01
2.797291850352349174e-01
2.908071402318789245e-01
2.788460094548366186e-01
