8.514471577626414600e-03
1.016731079179922226e-02
8.465652399011314166e-03
7.046378799369090729e-03
5.843712090487396260e-03
5.746523965642569287e-03
4.672483308507113797e-03
3.466211268881358443e-03
3.185150570176875640e-03
3.089624032193039049e-03
5.244181268151293374e-03
7.583866574984443609e-03
3.147372903738676619e-03
2.651852004408095098e-03
2.552353678693664030e-03
2.651659036606024422e-03
2.050222035155258027e-03
2.202045745252845244e-03
3.829227110929034339e-03
2.231310057561386451e-03
1.829480250814197184e-03
1.785794130857665252e-03
1.365031129729743498e-03
1.106055880993994656e-03
1.591163901045633544e-03
1.020014665758406380e-03
1.334315732824609135e-03
1.207791771218880150e-03
9.719852447407362206e-04
1.156435761083707270e-03
9.619782944393362456e-04
1.352381336985564175e-03
9.287581891735952055e-04
1.021685694996388172e-03
9.369502026654874527e-04
9.303593914565810863e-04
