2.146784277073126024e-01
2.206107743835921120e-01
1.682386785816341046e-01
1.342723342396892061e-01
4.477191415938741592e-02
4.733555673093836624e-02
2.554937580935315866e-01
9.833374561473551267e-02
1.197240564014812048e-01
5.257783548529570972e-02
5.723215736041942225e-02
2.727472956192111830e-02
1.078911053139446352e-01
4.226102144528676163e-03
2.392452337609440871e-02
5.764613175030230963e-02
7.030081716121738822e-03
2.529028252154486012e-02
1.105790641320469891e-02
1.356544672876935920e-02
4.760300447466669915e-03
1.621683363990922278e-02
1.307392698358000871e-03
1.800078694980111749e-03
7.309885148327310844e-03
1.319703752592604751e-03
1.869235484564968353e-03
9.103343124527984997e-04
3.531411441421106190e-03
9.884657708003619092e-05
5.416565045228693975e-04
1.540633677530878209e-03
2.996065682279169806e-04
7.039866291864704806e-04
2.149292726160156874e-04
