6.360197177307645999e-01
6.052400141058370542e-01
6.133726961168215475e-01
5.766937945048528080e-01
5.386853563906761622e-01
5.282279999642811585e-01
4.761178444392242248e-01
3.842003984340763845e-01
2.482682171613990185e-01
1.753743046266190708e-01
1.587667920655289056e-02
7.584939577521221388e-02
2.905276517442434425e-03
3.309389199233059298e-01
7.727379688411972758e-02
7.646584683890589318e-02
7.690877405889007257e-02
6.236806226610913662e-02
8.219415356477544066e-02
6.883908138912886443e-02
1.351975382952630422e-02
1.163390301160374118e-01
3.499695924359413901e-02
5.628614020851874233e-02
1.643245313950170150e-02
2.945276367810711893e-02
6.013118127732530738e-03
2.067142527773002669e-02
4.310186387691428145e-03
7.603059044770987818e-03
2.707002642711175966e-03
9.632999360341454320e-03
7.159045317893797389e-04
9.221306292377384750e-04
4.415802846347793853e-03
9.532638725651132461e-04
2.608248480937991332e-03
6.961971072128037008e-05
2.723736099576878900e-04
1.054385527884615925e-03
2.716461202140196818e-04
4.771225290582936651e-04
8.614766269454676717e-05
4.270038829365940813e-04
9.670090581792578632e-05
2.526242124041289117e-04
9.298940560342749961e-06
2.645007587720460407e-05
1.050710914154429076e-04
2.596467704174543201e-05
4.245960881354982064e-05
8.940014081137981350e-06
4.413455481955264048e-05
8.465486601494376373e-06
8.457675986894841458e-06
1.676212758061623731e-05
2.598356038685523117e-05
2.027144517802170753e-07
4.395544264124140454e-07
8.966696074752533718e-06
4.103184812365157086e-06
4.609001234223697452e-06
1.925538760660927551e-06
2.430554264187811953e-06
8.366156187822326729e-07
1.341430894363782045e-06
2.921290185309288745e-07
2.568617745168921829e-07
5.157090490204296884e-07
2.069466495946414852e-07
4.223130167790856149e-07
1.515507779270564015e-07
2.824972875625775259e-07
9.611731388581290503e-08
