5.936875247790299737e-01
5.763029190274580049e-01
5.499513935171449486e-01
5.287912425705914021e-01
4.900537688161961114e-01
4.558649754297067203e-01
3.829777704620008771e-01
3.068777999719051186e-01
1.724048109936739959e-01
6.746083353686438411e-02
6.105691363347509615e-02
6.139445547964816896e-02
1.708608329705170181e-01
8.597077712811040939e-03
7.708198851947556385e-02
6.764959984041052365e-02
7.236453681347576605e-02
3.941223611815858341e-02
6.599138675844284929e-02
1.571406759822668864e-02
5.905021306406110781e-02
1.993722816515042240e-02
2.959837160225020636e-02
8.824020250069786186e-03
2.977927648752576317e-02
3.099616068438781902e-03
3.348516050260208488e-03
1.584733870190879745e-02
2.789579680146259122e-03
3.026254261629279796e-03
8.711183352778206768e-03
7.011943349810589865e-05
3.142044419033318547e-04
3.223416052056227166e-03
1.305418667661983889e-03
1.701151170137471524e-03
5.585437549222582732e-04
9.447501605430730365e-04
1.839116044972666231e-04
4.248117955094610210e-04
1.281163127634377119e-04
3.822692459923837660e-04
4.258832296843984011e-05
9.985655566357998225e-05
4.321410247021262307e-05
1.558756153146045875e-04
1.352752095362674822e-05
1.436897168061168628e-05
7.034466265998240431e-05
1.437836743067855139e-05
4.208812603545553088e-05
2.675667432061601403e-07
7.518117612903552072e-07
1.474514937638282674e-05
6.457897955391977973e-06
7.678437223601619621e-06
2.923450306613339933e-06
4.144717281828746991e-06
1.156317446016075223e-06
2.377766349814791624e-06
2.727737579144573488e-07
1.158472057727344406e-06
4.439904448538811721e-07
5.110922421946995087e-07
2.476608922385992173e-07
7.616096444618136729e-07
1.032243956977652033e-08
1.378894749493042582e-07
3.526271825649018865e-07
1.037114971680352937e-07
1.488384628878236526e-07
2.588504088851806273e-08
1.062994322564847494e-07
5.133147440439245202e-08
5.367398703270964688e-08
2.511078700528912577e-08
3.575534424093973485e-08
4.575422263286554880e-10
