5.221193463888140762e-01
5.208946325636596431e-01
5.290237671566160316e-01
5.116075692324264512e-01
4.994319044022168530e-01
4.984504333330119774e-01
4.835928277511153395e-01
4.496129309852943123e-01
3.968262186417941262e-01
3.729882520732021867e-01
2.907956732405131417e-01
1.718879921415836787e-01
2.884774170776782665e-02
1.723239295611578292e-02
5.277425907461275045e-02
8.056717411509595195e-02
1.492166989888610296e-02
3.437815611535632865e-02
1.050142671192255683e-02
1.998989076177504209e-02
2.116355668371627807e-02
2.294328752578289610e-02
1.417629622946425805e-02
1.440687498604442673e-02
9.474996280585123998e-04
4.566479591225358625e-03
1.781528484029359927e-02
4.877652708393132031e-03
9.312241459929482268e-03
1.692532491205378520e-03
6.534771432163077876e-03
1.538948644515203412e-03
2.335160586763751489e-03
7.167214601535576435e-04
3.088857406340128620e-03
3.390194684296243821e-04
5.766717106832075501e-04
1.660512718787976461e-03
1.331333196357142867e-04
3.668831372103387167e-04
1.328925718053763916e-04
6.005376165856279869e-04
1.024175599887433563e-04
1.027892410047082095e-04
3.391791675596556033e-04
1.530251044123964732e-05
1.554772871759091402e-05
1.330433937336561456e-04
4.344530983024785797e-05
7.428518588414867452e-05
1.398593179002816100e-05
