7.669690350411907387e-01
7.593209997092144059e-01
7.516516204645441457e-01
7.566540387398689171e-01
7.515525967508855931e-01
7.671372309167732162e-01
7.622479555921031213e-01
7.588579744467192079e-01
7.705387515439426904e-01
7.773012574875948211e-01
7.671280248046724592e-01
7.570665425376189583e-01
7.673578129318039398e-01
7.655264685973260930e-01
7.628509875396933815e-01
7.657643118609079869e-01
7.645347958377122222e-01
7.647090540773181511e-01
7.640763842443605292e-01
7.641996657107982260e-01
7.638663313215093842e-01
7.639522160635938697e-01
7.637714395976269444e-01
7.638308518727808805e-01
7.637295542790334402e-01
7.637705192764399076e-01
7.637117783941713700e-01
7.637399805116695806e-01
7.637047605005878870e-01
7.637241620250816432e-01
7.637023930500967950e-01
7.637157356822578125e-01
7.637019262919210183e-01
7.637111006786316825e-01
7.637021538835399026e-01
7.503286797249881790e-01
7.625020406060020184e-01
7.550981542260150059e-01
7.635536572849561665e-01
7.570515957883670044e-01
7.637513930468906587e-01
7.626294606526331510e-01
7.630981647691323921e-01
7.602850515274974796e-01
7.197909632167394101e-01
7.044683195355871952e-01
7.420771801821108848e-01
7.282638252207156437e-01
6.181865212359203277e-01
5.777081907808143679e-01
6.929667589832020358e-01
6.667652058475324051e-01
6.409895953618747200e-01
6.149743692959619423e-01
5.670922849214536932e-01
5.400625731117780770e-01
5.182199717911351033e-01
4.865168025826027698e-01
4.836689489121989149e-01
4.536318688377156683e-01
4.504259767180408547e-01
4.217458749731839429e-01
4.097091676163640006e-01
3.871076876405001865e-01
3.792126853092745442e-01
3.610034763728612317e-01
3.511066783695646620e-01
3.401255619946269571e-01
3.344521920787442149e-01
3.346410764098137758e-01
3.477111843741282904e-01
3.357018811522385349e-01
3.500271673464113720e-01
3.722946679959316940e-01
4.150804853716194565e-01
3.768322796326897262e-01
4.090931508847502895e-01
3.540088070522947605e-01
3.639216190156833175e-01
4.240104529992456683e-01
3.479826759753144039e-01
3.705109252775885542e-01
3.449077677096352712e-01
3.608909237215948140e-01
3.456797399522866243e-01
3.611080505072161717e-01
3.404222353424340985e-01
3.510278583591198709e-01
3.399949023905939338e-01
3.531076753441495519e-01
3.386142848774913450e-01
3.289925411721402737e-01
3.319333539691001755e-01
3.448087416700365004e-01
3.423595442955083001e-01
3.610260265421458836e-01
3.339448662449954197e-01
3.420996693408898670e-01
3.342809243996477386e-01
3.297199025454865540e-01
3.420585666228842525e-01
3.326020936150907437e-01
3.355014154229396528e-01
3.475142856350978970e-01
3.313801449122311116e-01
3.568040974848208924e-01
3.290131557236151139e-01
3.364773600631209005e-01
3.303476065159903774e-01
3.296104798121280988e-01
3.320185340872691127e-01
3.381993935666770534e-01
3.289126921032881068e-01
3.323026887200745128e-01
3.286620235194659401e-01
3.284795946013888690e-01
3.310229265154431832e-01
3.288311204479005267e-01
3.331104352534162150e-01
3.270107940765856203e-01
3.389899519633764458e-01
3.263438565741726416e-01
3.289195621574718675e-01
3.354238098537539736e-01
3.262144311561101517e-01
3.273868526207009966e-01
3.288451947928444641e-01
3.265207809389726323e-01
3.273226215050499821e-01
3.335361721738030472e-01
3.258733710067466260e-01
3.304334282801451028e-01
3.261488069456235372e-01
3.278825810101084759e-01
3.258368792132415592e-01
3.290631475168155351e-01
3.254683828690574376e-01
3.296370375751503934e-01
3.253817916377040875e-01
3.330423065445154984e-01
3.249068468651384878e-01
3.261695224044162122e-01
3.269814696129442755e-01
3.251138073298129871e-01
3.249494703630592118e-01
3.250230172351935565e-01
3.250995836030645680e-01
3.264245221259580720e-01
3.246651387263393973e-01
3.274612654333316497e-01
3.245858920116571067e-01
3.256430973381475580e-01
3.245184865833420362e-01
3.249057914518808099e-01
3.262681639703670644e-01
3.242504349957816556e-01
3.258207090449494192e-01
3.242657393823774603e-01
3.269916658401167409e-01
3.241460700372204018e-01
3.253581505663960538e-01
3.242354509357597836e-01
3.250866454317148380e-01
3.242320369222062570e-01
3.252263710619158754e-01
3.242225360446155946e-01
3.243842285935556458e-01
3.245726947350748848e-01
3.240686146547624435e-01
3.240852192116568942e-01
3.240686146547624435e-01
3.375777436203665216e-01
3.464986820059972050e-01
3.444839099267164029e-01
3.305818469909820312e-01
3.288235960474498176e-01
3.206120528257456748e-01
3.373127424927794271e-01
3.340070741774185947e-01
3.611357245244424252e-01
3.335972451005173589e-01
3.377504503343177200e-01
3.294918827334988309e-01
3.342385982388819121e-01
3.221691796683597842e-01
3.347010022568938092e-01
3.271878083564069284e-01
3.412388443487226475e-01
3.261503552017758212e-01
3.243313490000645505e-01
3.201784022833287224e-01
3.224861096069099320e-01
3.297609077671251887e-01
3.237193151912685085e-01
3.258498122350567128e-01
3.214928088859309030e-01
3.194355936089888770e-01
3.217907313567717198e-01
3.262412212873232464e-01
3.210270414022942109e-01
3.302362931972938620e-01
3.196630921605012610e-01
3.215727144329962872e-01
3.189012552264647304e-01
3.212466981660886400e-01
3.215622378731013420e-01
3.213909700090517019e-01
3.222871085547189818e-01
3.184200544016451140e-01
3.225714369871466314e-01
3.183004835044193070e-01
3.216767305178001024e-01
3.183034567549040128e-01
3.191104678505579662e-01
3.256218554710643698e-01
3.175225774223203734e-01
3.225184018272123643e-01
3.175029790729724244e-01
3.218045786453727075e-01
3.172591294183121358e-01
3.235229886513033559e-01
3.170481738770638547e-01
3.204024507024588742e-01
3.170775807052967910e-01
3.230523814854420195e-01
3.167840967614926617e-01
3.183791088677575543e-01
3.168677950487350792e-01
3.170013901424107994e-01
3.174189064401873317e-01
3.205018146074094521e-01
3.161179550564727769e-01
3.184289066992975759e-01
3.162741678832655667e-01
3.183949646661879962e-01
3.162398447342665841e-01
3.184610099265854366e-01
3.161316661781914394e-01
3.177714222870173799e-01
3.160890446354434058e-01
3.174111035166014005e-01
3.161175709116426091e-01
3.170739074698617488e-01
3.161137196673491356e-01
3.169199450429809328e-01
3.160377069498846447e-01
3.175128374593944036e-01
3.159437490939669413e-01
3.166843584102734255e-01
3.157319113205341310e-01
3.165491125465507150e-01
3.157265246568121686e-01
3.167594211879654065e-01
3.156449003243522178e-01
3.176831596777035527e-01
3.155707004939405369e-01
3.162418276423766272e-01
3.156945507328013933e-01
3.160496011654251314e-01
3.161093523880988965e-01
3.156793186350194125e-01
3.161155089817192509e-01
3.156549385608897751e-01
3.158433619681157989e-01
3.164304867861659210e-01
3.155602481653392299e-01
3.155602481653392299e-01
3.323973557294825909e-01
3.218620613464090452e-01
3.390640958866840693e-01
3.256631265721651181e-01
3.274923469038295565e-01
3.150059928939455967e-01
3.421579519135236058e-01
3.332875720479980819e-01
3.200413198350846589e-01
3.146580027552393632e-01
3.172093525780749212e-01
3.192639726810388989e-01
3.135526708950413521e-01
3.167623002767760987e-01
3.106442303643530689e-01
3.130501383655828196e-01
3.133874571405206311e-01
3.168487277185862983e-01
3.199857003200129446e-01
3.138485068461558392e-01
3.218947134319732895e-01
3.130700524469675061e-01
3.201157811220881610e-01
3.120493490770394063e-01
3.190714566298668009e-01
3.112493063731102128e-01
3.095875296354521078e-01
3.114555426835782237e-01
3.136689690185565649e-01
3.125869493280167832e-01
3.149272078820730680e-01
3.102141108290923377e-01
3.167237239309708130e-01
3.099754850142157903e-01
3.170042422220870071e-01
3.098762213269934396e-01
3.103799467877309537e-01
3.122490409674059109e-01
3.094504521906803474e-01
3.111674317618374763e-01
3.135534839445588418e-01
3.086806776390388363e-01
3.121450825689520148e-01
3.087688524863373418e-01
3.129540369184764526e-01
3.084333871689374229e-01
3.127502470073081353e-01
3.083202468686653264e-01
3.105082216694584618e-01
3.084127045877042006e-01
3.090970225893017176e-01
3.096709332085147981e-01
3.080743465606408105e-01
3.142647515138964343e-01
3.076554643594799909e-01
3.103446817962042248e-01
3.079541555749759629e-01
3.107049130254326830e-01
3.077129141065451101e-01
3.084693296654540395e-01
3.100188590307999537e-01
3.075181353719415034e-01
3.086895349469558347e-01
3.075300127185238708e-01
3.072192443975489962e-01
3.077333335821165194e-01
3.086040891922110507e-01
3.074277854214237937e-01
3.094415674761483714e-01
3.073057773803280490e-01
3.086262327293578522e-01
3.072318742935852276e-01
3.070775151055862295e-01
3.075329448923190823e-01
3.084432816559348201e-01
3.069985639872722105e-01
3.088263845998380219e-01
3.069345063488511105e-01
3.075343827600066637e-01
3.069803918312330460e-01
3.074212715156952047e-01
3.072403705370453375e-01
3.074512549192044419e-01
3.069078711127675163e-01
3.074666104155303614e-01
3.068392743085242014e-01
3.073785404571770519e-01
3.068058943211321443e-01
3.074286211855540296e-01
3.067961438259932949e-01
3.084929876532364057e-01
3.067028048976139232e-01
3.076337821532860728e-01
3.066987527213345111e-01
