9.810650135504717095e-01
9.801173001460564693e-01
9.517898902839369013e-01
9.824279868202344668e-01
9.838189935849152024e-01
9.753428526989955660e-01
9.821716836903563452e-01
9.815548827045366131e-01
9.743706538856095056e-01
9.822583956770484237e-01
9.852461098061998657e-01
9.728914148686843566e-01
9.573302711468353321e-01
9.477618923186426070e-01
9.395259017839093785e-01
9.555515682208535200e-01
9.384620090439732554e-01
9.300270707342173093e-01
9.329131232238830895e-01
9.251363641592018627e-01
9.164731038450336653e-01
9.103422017661919607e-01
8.996663399230500069e-01
8.987272337566799552e-01
8.870792554720668965e-01
8.797915471003576737e-01
8.658798543027219630e-01
8.474325350325641049e-01
8.282941561229956173e-01
8.548110298988644828e-01
8.338049218279165453e-01
8.042147211961946374e-01
7.839382141392094994e-01
7.958060968592226558e-01
7.736711254770358703e-01
7.539321979285750208e-01
7.363619669930197009e-01
7.125690587775218576e-01
7.097322838770666609e-01
6.849749892556427078e-01
6.859878554246507942e-01
6.602495698490318254e-01
6.346652649671820079e-01
6.375678537639947185e-01
6.063608548012906496e-01
5.798757016437459111e-01
5.790334921133593049e-01
5.526573383426383046e-01
5.297272941960204928e-01
5.001609497138961302e-01
5.065012570908161704e-01
4.650826293123581090e-01
4.357523473400405356e-01
4.376417370936686035e-01
4.244338822913762410e-01
3.997557408696481573e-01
3.977861632178395501e-01
3.743762893890267840e-01
3.501360424973951613e-01
3.267162180764567880e-01
3.340262020767822415e-01
2.980498888087563802e-01
2.803065970365823389e-01
2.851508020058379778e-01
2.688752190708880718e-01
2.572728585333105000e-01
2.601213366697421314e-01
2.469503819110471232e-01
2.441735384518994856e-01
2.454714156505891642e-01
2.516327179586567153e-01
2.548350220331514482e-01
2.667318826989237834e-01
2.746441503637403470e-01
3.009515823194799378e-01
2.715881501968511191e-01
2.995564040993424770e-01
2.637206392612169159e-01
2.907269727281107663e-01
2.616701627024458077e-01
2.790282743932079867e-01
2.598907327415245216e-01
2.826895838922405257e-01
2.578211938852879026e-01
2.762293381061756703e-01
2.555076420546127380e-01
2.687932877160186251e-01
2.541756970404296379e-01
2.634216601241663458e-01
2.534471972210274870e-01
2.697068269475482172e-01
2.520417400078939218e-01
2.614619240550519752e-01
2.527440456084533160e-01
2.630538789361096530e-01
2.514140682716294872e-01
2.648379790567092495e-01
2.508464081506136534e-01
2.577741861684665903e-01
2.505320385610411149e-01
2.567855181510474427e-01
2.501791093352593309e-01
2.572262002539047465e-01
2.497311722202787410e-01
2.539826284675983370e-01
2.495893902452800406e-01
2.538869791998130676e-01
2.492300045453553770e-01
2.561231815857909488e-01
2.485978054056442454e-01
2.438686346629668211e-01
2.440003584719068197e-01
2.565876626917605874e-01
2.478874992366840724e-01
2.497533960449989099e-01
2.494014766522740789e-01
2.522414469094682588e-01
2.474323632315791333e-01
2.562596614630419101e-01
2.468764532129144040e-01
2.456941498597150497e-01
2.448477813146792137e-01
2.543021586691156521e-01
2.464219711199154839e-01
2.442894244604949527e-01
2.452762610815353295e-01
2.426755915692832000e-01
2.429432316813103787e-01
2.413224886776124123e-01
2.413189033152371987e-01
2.434459934374881840e-01
2.391930308677484573e-01
2.388153147501596019e-01
2.442831557653459829e-01
2.360561230988025283e-01
2.349840581008282303e-01
2.515750255487452236e-01
2.423288426430447728e-01
2.502239057997216465e-01
2.422076903426857442e-01
2.376841119241964728e-01
2.437056067450831254e-01
2.332696112455571180e-01
2.318424966593205516e-01
2.395593455337921007e-01
2.382365198732842027e-01
2.403314304654332600e-01
2.358319319533355163e-01
2.312331669953944235e-01
2.301973038394982130e-01
2.282318542303829467e-01
2.267570592366228155e-01
2.335342944008617083e-01
2.319669482372305191e-01
2.308269565154528191e-01
2.253699034905735088e-01
2.241701525256952765e-01
2.267640010304109444e-01
2.186119608182622853e-01
2.163019399980591340e-01
2.272342909380907772e-01
2.168868284771902077e-01
2.362552770010724057e-01
2.292443764357240399e-01
2.184494539505816846e-01
2.139845115447231993e-01
2.119060238731751422e-01
2.152003406821610954e-01
2.083567965281113432e-01
2.057935680147624513e-01
2.114165441988342664e-01
2.134016396962197248e-01
2.086357571725436788e-01
1.969485145449740848e-01
1.938133167693854020e-01
1.965349694978395512e-01
1.968457954902885776e-01
1.960686842322150181e-01
1.924537151212473152e-01
1.905453118883720931e-01
1.908870134671557528e-01
1.945239119970161301e-01
1.875995677179947974e-01
1.865708528361997853e-01
1.822007810730166266e-01
1.802890965403696200e-01
1.808744980960678150e-01
1.787405383703993822e-01
1.781189466400058263e-01
1.791862774922202695e-01
1.807565619141175972e-01
1.763866360485785156e-01
1.756092210474334836e-01
1.766131865849687177e-01
1.786275806347045192e-01
1.745761724466917686e-01
1.744394273815138563e-01
1.684658268688893346e-01
1.671051392576388128e-01
1.721988648793307819e-01
1.755255724802273765e-01
1.714388765618781729e-01
1.727342572128933718e-01
1.741727627708999915e-01
1.658855243528901680e-01
1.648372684672859689e-01
1.652297005988039302e-01
1.733935813545192106e-01
1.732586364188388739e-01
1.688131707127888959e-01
1.653788189199509873e-01
1.633453711508241479e-01
1.626251050311946500e-01
1.710601823078435890e-01
1.677442035569995937e-01
1.632241022337657110e-01
1.601543347229276160e-01
1.596295826023310660e-01
1.555944885357343210e-01
1.540507803777535489e-01
1.601127757190704548e-01
1.609337966003241416e-01
1.600652433581493117e-01
1.543679875584004213e-01
1.592171115855989250e-01
1.528791909646363134e-01
1.519737451367919601e-01
1.485498077388128779e-01
1.469446533695212276e-01
1.521585066526065511e-01
1.500755705384999583e-01
1.518421200712516406e-01
1.506309079200250922e-01
1.502425235426372296e-01
1.412783410222435698e-01
1.394952868647199029e-01
1.427668869137485030e-01
1.417777980239868230e-01
1.410739998575784027e-01
1.431277803187752662e-01
1.375688227183171630e-01
1.368239255092544848e-01
1.404304254467150237e-01
1.368321336982118996e-01
1.379306670473443575e-01
1.321746425969805294e-01
1.319465757615287949e-01
1.301542669837554289e-01
1.292642067085578717e-01
1.367089797306160204e-01
1.354654923283451495e-01
1.288851018265072534e-01
1.279375221240121041e-01
1.312127036371297795e-01
1.371917499385103545e-01
1.285355285785492185e-01
1.285676943928857341e-01
1.371922976461277255e-01
1.342689344061613888e-01
1.289864574823718080e-01
1.255053569723831863e-01
1.250507841350929628e-01
1.288252312436233282e-01
1.289522617801031057e-01
1.270627653493957565e-01
1.248954099318068112e-01
1.248114457338310723e-01
1.252644789968729855e-01
1.253205491373287073e-01
1.228404905036639683e-01
1.225518802664532503e-01
1.324423571921357068e-01
1.268601053697924197e-01
1.250092800325148801e-01
1.225631718237885082e-01
1.211895732818073501e-01
1.209075912991754986e-01
1.253775060651731721e-01
1.213611877021076868e-01
1.239678131745215461e-01
1.258986013868299558e-01
1.239916119250202842e-01
1.218391124484177190e-01
1.202611421111317025e-01
1.200433825196610682e-01
1.200308040654781694e-01
1.199012617679489079e-01
1.217644749780497637e-01
1.183350255075532598e-01
1.180016944625227326e-01
1.180574460827618077e-01
1.188200140060683418e-01
1.164177948881628399e-01
1.161629032330185884e-01
1.162569516116965795e-01
1.179129476770730545e-01
1.181524006201780663e-01
1.135266233783980283e-01
1.129533048315407573e-01
1.148812733982631507e-01
1.136137206775339470e-01
1.113984683746325199e-01
1.109853947800624185e-01
1.134834146592010873e-01
1.154392798579367829e-01
1.132761816443993430e-01
1.093890993961819103e-01
1.087296034656524135e-01
1.107261758997697410e-01
1.094463600627363364e-01
1.079848524141400201e-01
1.077390346642946861e-01
1.088999463891061614e-01
1.075678840254306046e-01
1.075345570457175715e-01
1.065860385641489438e-01
1.063645871814877797e-01
1.027229214740338348e-01
1.016586217731922925e-01
1.059698945201013043e-01
1.003406104463215875e-01
9.920265763908509005e-02
1.039651645871187968e-01
1.016360115952816834e-01
1.008096387118373460e-01
1.008217327478994063e-01
9.678051329854242546e-02
9.612626355257036792e-02
9.928582046678768869e-02
9.639199736982306810e-02
9.295839460567034696e-02
9.202551133612169032e-02
9.556789304003665553e-02
9.897123652825712270e-02
9.143752783522951511e-02
9.073471263703858369e-02
8.859972372999214141e-02
8.744431920286621640e-02
9.112807757202112668e-02
8.781615811822773843e-02
9.217168690121468888e-02
8.530976857386352030e-02
8.493167646177501862e-02
8.820496922075404811e-02
8.627600279681146844e-02
8.132105119439203555e-02
8.056990933049268389e-02
8.113793220536880124e-02
8.815342365105105493e-02
8.833425917591930521e-02
8.439262109085066133e-02
9.030820421196661396e-02
8.189670501287871218e-02
8.627753244865188353e-02
8.441819011418494334e-02
8.422504111682704853e-02
7.847804751148501623e-02
7.809356478819451386e-02
7.598214104886391596e-02
7.553512403275175480e-02
8.476689403078485618e-02
7.586838404964901805e-02
7.285346295124583982e-02
7.215781716061808737e-02
8.159474636675967396e-02
7.770422127974918602e-02
8.312782751777081369e-02
7.273861702859762968e-02
8.425094555271561703e-02
7.955740764143803823e-02
7.834123530374059730e-02
7.401420977059580686e-02
7.259327310743546313e-02
7.588039219738185182e-02
7.183156096551945868e-02
7.224705755831606346e-02
9.129548932347952839e-02
7.590713275366967050e-02
7.092138949704507311e-02
7.194828355279891952e-02
8.607396304577707991e-02
7.552476472466151947e-02
8.610144211372494638e-02
7.438378551762958590e-02
7.551166914706164413e-02
7.390858803225663909e-02
7.050032809270312395e-02
7.024910147723328890e-02
6.921092215629676137e-02
6.881249536850286841e-02
6.968811341669123305e-02
6.883136675847811858e-02
6.825934792978927135e-02
6.839353096903844076e-02
8.301521753462359765e-02
7.242169815215870887e-02
6.875301650352205751e-02
8.179603588893780142e-02
7.138592659934850371e-02
7.326424280136634160e-02
7.133454931426785883e-02
6.811694310171489963e-02
6.805962313326019419e-02
6.859229681944789547e-02
6.824446961547048218e-02
6.734671724141072513e-02
6.878497410135364643e-02
6.583662340169282867e-02
6.561034102858642747e-02
7.328378364806964473e-02
6.917837948597937991e-02
6.709537851793623275e-02
6.632004999895713127e-02
6.615869263175122583e-02
6.646536367653743671e-02
6.602480509520280982e-02
6.580319352005603584e-02
6.568449424562472494e-02
6.490724608394327078e-02
6.473363165505241490e-02
6.484864254780320358e-02
6.522546501204029568e-02
6.335032439950749605e-02
6.301991533528195077e-02
6.331037102291192653e-02
6.337498834323240793e-02
6.275645289212561373e-02
6.259145944203847733e-02
6.364910703639925504e-02
6.275834199521090895e-02
6.336525221083078030e-02
6.194886853799808080e-02
6.180049985622149133e-02
6.083245803898962301e-02
6.046289139327842843e-02
6.187556220143053398e-02
6.038199629040896799e-02
6.018531394214010621e-02
6.142776819774731223e-02
6.044445434546674711e-02
6.247401811774877523e-02
6.029885098160847612e-02
5.957463272815466393e-02
5.928553039478501319e-02
6.169821987264978436e-02
5.847679998915134014e-02
5.807752702984136928e-02
5.984050278796082534e-02
6.328623979264547117e-02
6.125631569523593001e-02
5.867915665204392894e-02
6.068847128824095272e-02
5.935026987366676110e-02
5.846476155999336122e-02
6.373538906023923367e-02
6.013157448744321787e-02
5.821818335425210655e-02
5.781372405790508040e-02
5.790986085156490937e-02
5.767766831524312465e-02
5.763460795878383447e-02
5.691898059428024403e-02
5.666288544624842327e-02
5.661284702358304610e-02
5.636021535462742982e-02
5.623546148900382402e-02
5.625579852764239774e-02
5.757380125352873357e-02
5.498216073823203320e-02
5.464311743434613344e-02
5.573914851185657326e-02
5.527296913245749455e-02
5.440409289069492171e-02
5.417512470639429534e-02
5.567153553353210160e-02
5.347049735820219585e-02
5.320375821732092891e-02
5.335631984082189749e-02
5.481957407341664368e-02
5.349381935281138922e-02
5.245083011636686443e-02
5.212224772427676012e-02
5.294790136541693837e-02
5.196613380485692879e-02
5.204686212806941548e-02
5.232626094834014197e-02
5.194056957833226296e-02
5.253734453778491353e-02
5.316143722959565387e-02
5.064505915747852249e-02
5.042828573127622338e-02
5.007059891949960928e-02
4.989792947454951832e-02
4.992423735477791169e-02
4.974344040580358506e-02
4.982143207853118039e-02
4.902670592761249058e-02
4.897516153609804412e-02
5.091374326120712279e-02
5.185625758108403094e-02
4.897516153609804412e-02
4.925746138068554103e-02
5.233255055475805051e-02
5.138083949244443005e-02
4.907313456509954097e-02
4.826836723277083685e-02
4.829269659089940880e-02
5.169158080468228000e-02
4.969318217788742942e-02
4.913384990596736390e-02
4.766572191525531021e-02
4.724718323417564925e-02
4.709767429615885348e-02
4.786122585511332073e-02
4.779724976472943254e-02
4.801685704102753860e-02
4.724758095342240782e-02
4.815313221548800371e-02
4.711776072973494767e-02
4.771120576587728479e-02
4.638414044275485093e-02
4.620778389377899753e-02
4.749774694318187329e-02
4.808664512850857609e-02
4.779886340646233300e-02
4.682790823517191114e-02
4.679245204568738270e-02
4.682447266389699880e-02
4.613838862855190737e-02
4.602008230758369844e-02
4.661347516679381631e-02
4.593466411020530327e-02
4.578103759671536821e-02
4.556126786781888871e-02
4.557308225194600659e-02
4.569944520512336794e-02
4.540886152399614684e-02
4.525107898935043504e-02
4.546442513105319883e-02
4.514369100975834659e-02
4.505642618708127767e-02
4.521104496874261969e-02
4.451323091442005442e-02
4.433695514277891103e-02
4.432276607272789271e-02
4.420075896573916197e-02
4.402183614605548190e-02
4.378698613483356095e-02
4.398120671525895808e-02
4.358728463923977614e-02
4.336390460856287543e-02
4.353751365881641799e-02
4.295979350074285996e-02
4.274943562465272073e-02
4.314001316256821372e-02
4.247366101786187453e-02
4.223463220677359242e-02
4.288738579162609810e-02
4.183555966029106621e-02
4.158151872382143122e-02
4.203074836749121079e-02
4.178233917084173132e-02
4.156994059798801988e-02
4.146206477878100483e-02
4.100690993506272974e-02
4.078050533345500828e-02
4.071686143508290723e-02
4.046782666517290128e-02
4.020744323890612648e-02
3.992445080650386391e-02
4.095836088150772714e-02
4.027433314950956689e-02
3.908355692803322512e-02
3.876893044769413876e-02
3.882891411833544471e-02
3.892467602391969095e-02
3.904382761421565373e-02
3.835554086876458157e-02
3.823800580279956840e-02
3.799723820522526996e-02
3.781090251057450669e-02
3.819279816586151899e-02
3.748095871929468803e-02
3.729251798571264764e-02
3.700581147189763165e-02
3.682243101074633707e-02
3.707118094932326802e-02
3.618074594548592593e-02
3.588329794775091397e-02
3.687373201827603975e-02
3.616883315974572799e-02
3.576258480261995665e-02
3.552252891285878622e-02
3.507115048887010644e-02
3.480060830457587517e-02
3.580969964891989044e-02
3.501016323618799664e-02
3.471844018350800365e-02
3.456677806197439029e-02
3.462707419718924484e-02
3.460291413030769370e-02
3.434067456813583163e-02
3.426384530505444115e-02
3.384357755231104381e-02
3.365293481469011638e-02
3.371366873550518672e-02
3.367052222485100721e-02
3.425430809271201582e-02
3.340966991764104943e-02
3.337699498308477342e-02
3.350582748754293849e-02
3.344908518791811503e-02
3.323455994386281809e-02
3.317884034392870607e-02
3.375009007999585364e-02
3.291077928894747817e-02
3.293697505739501263e-02
3.327209827709165513e-02
3.304871979659884662e-02
3.357981427321898860e-02
3.340745931578603667e-02
3.324982356306593889e-02
3.361565198144889077e-02
3.340717220402467103e-02
3.397940376891850356e-02
3.336650784885120125e-02
3.292988659508966354e-02
3.291008688684948780e-02
3.290402553390059381e-02
3.288415786912324279e-02
3.287343763202632552e-02
3.302587961172198661e-02
3.284575388038413202e-02
3.284178380878244319e-02
3.305593570877207732e-02
3.272329554049646649e-02
3.269754872419772251e-02
3.277689483388357417e-02
3.268908972278072866e-02
3.266060983641916327e-02
3.303950263755905947e-02
3.268865031065504301e-02
3.305750736112222921e-02
3.290967649082821023e-02
3.291130410321740918e-02
3.263136435450786355e-02
3.261185152866841186e-02
3.298361446368336392e-02
3.282752874650085584e-02
3.259485865547029348e-02
3.257504935887411968e-02
3.273388368613106003e-02
3.255070099529200345e-02
3.254316686551195215e-02
3.253197680609376530e-02
3.253499878974064341e-02
3.250697963864190854e-02
3.252143901386184144e-02
3.259323254649737489e-02
3.254248885948207715e-02
3.267820908300933525e-02
3.248064394735805660e-02
3.247975383465062649e-02
3.257833557554601356e-02
3.258700608855102931e-02
3.257076566938854612e-02
3.246863143123124296e-02
3.246694471368372081e-02
3.253074788618581792e-02
3.266313211053073484e-02
3.253279351363858041e-02
3.258153472661406980e-02
3.252933117460143908e-02
3.248113893737936131e-02
3.261149852557565509e-02
3.252048052961287183e-02
3.247982667497684162e-02
3.249903446760971093e-02
3.251478787543848892e-02
3.254926201626306970e-02
3.249961337264717365e-02
3.259830469278612863e-02
3.249414257522253990e-02
3.247881951408504442e-02
3.249294026764526500e-02
3.257067974152871859e-02
3.248497484882606479e-02
3.252985952426357130e-02
3.249373818188050489e-02
3.248802795065020010e-02
3.246694471368372081e-02
3.246245370349831738e-02
3.246944869893164665e-02
3.246658569323990218e-02
3.247588920759703068e-02
3.246935796831107446e-02
3.247542182964635593e-02
3.247403818166738620e-02
3.247345695135772647e-02
3.247677207899379859e-02
3.246642124065879376e-02
3.246130050039575110e-02
3.245998666293015145e-02
3.245998666293015145e-02
3.250237475180095537e-02
3.250840828105705516e-02
3.249653426328480421e-02
3.246605116825174164e-02
3.249908623310826528e-02
3.246239283268714804e-02
3.248295248775312505e-02
3.246543504267196401e-02
3.246735124041988385e-02
3.246037141227187117e-02
3.246588550346551916e-02
3.245398827812961962e-02
3.245433042381506983e-02
3.247514825578712294e-02
3.249453035768812281e-02
3.247622429018659496e-02
3.245398827812961962e-02
3.248020456431910397e-02
3.245323667544275370e-02
3.245289086635694265e-02
3.246227763945275235e-02
3.245581549895815154e-02
3.246629409691237367e-02
3.245864933260111940e-02
3.246741354777893385e-02
3.246779875596406129e-02
3.246144014785012910e-02
3.247629848400601649e-02
3.246528442207241572e-02
