5.866271899357298203e-01
5.876556153022831630e-01
5.890937088781313946e-01
5.866139218571915226e-01
5.862379412996182593e-01
5.895084817403637434e-01
5.878197393279587235e-01
5.838659820630676123e-01
5.872840049188687850e-01
5.842415683730781684e-01
5.833994310313674880e-01
5.826562503856249631e-01
5.834451064263135311e-01
5.825345093177666245e-01
5.818712958894305398e-01
5.815481152118040509e-01
5.808055908824034663e-01
5.807430345789581505e-01
5.799789656177838371e-01
5.790187337808845314e-01
5.780196251391820361e-01
5.773097879048709746e-01
5.761337935627410811e-01
5.773767375643303890e-01
5.760921928374380663e-01
5.750723868860689869e-01
5.743787528326476099e-01
5.731845420051231432e-01
5.728228364913708903e-01
5.715353307952637518e-01
5.709391943272743575e-01
5.694902807541732948e-01
5.691440181760807349e-01
5.675918997135218635e-01
5.668138614698130517e-01
5.650541951984205946e-01
5.656486907850661883e-01
5.632779120050595001e-01
5.614046217596824206e-01
5.607512113376156293e-01
5.586909346094002249e-01
5.576717334175932406e-01
5.553409796747625915e-01
5.550893408732044954e-01
5.526619731589598183e-01
5.519456201145784835e-01
5.493067064410642741e-01
5.489548821823833080e-01
5.461906470054770368e-01
5.455000088985608730e-01
5.425312919802804945e-01
5.415663254579480279e-01
5.383166443983404825e-01
5.351138411781086734e-01
5.310362868106193179e-01
5.312562299249483644e-01
5.271180294345750861e-01
5.228486182721675535e-01
5.223159746420960037e-01
5.178484585733453827e-01
5.161760776118047289e-01
5.112394748264200706e-01
5.100316172469778753e-01
5.047374797806152280e-01
5.025761717411112439e-01
4.966844339966999256e-01
4.946095975817430546e-01
4.881388084511312231e-01
4.862255660218907094e-01
4.792171631865966841e-01
4.807121445003982307e-01
4.674473365963357496e-01
4.589405289868437876e-01
4.601580629300721093e-01
4.506530521015875701e-01
4.418247909801629181e-01
4.400489288794025011e-01
4.307827054982914516e-01
4.281736042494715955e-01
4.187649311260964735e-01
4.174350937702008268e-01
4.086488507176695428e-01
4.063489306750898145e-01
3.973522283599213445e-01
3.944513682166980173e-01
3.853806831908076491e-01
3.771678362678092533e-01
3.671425861301068627e-01
3.703726487420603286e-01
3.571110807965510725e-01
3.478057561286745925e-01
3.470484137101830235e-01
3.388131049199870626e-01
3.366667578132516159e-01
3.287927136499046998e-01
3.243184833056780292e-01
3.164051259279078154e-01
3.133881034409828903e-01
3.060729044739901594e-01
3.066374909822597861e-01
3.007085914250106073e-01
2.959961036964835479e-01
2.979200332154777753e-01
2.902178264855648226e-01
2.875045895259470408e-01
2.891269866983224857e-01
2.863735148849728684e-01
2.852528060385919328e-01
2.823230256918795034e-01
2.814771645476024098e-01
2.837700121946603593e-01
2.815845064997150038e-01
2.817110738901277278e-01
2.810703703751326055e-01
2.806616737148962537e-01
2.810836896116379879e-01
2.798288322655411164e-01
2.794006164008232540e-01
2.802794547466722630e-01
2.788052564859554439e-01
2.783163776388808408e-01
2.781230081183959646e-01
2.776735816627293740e-01
2.782445202319736577e-01
2.782799610062807183e-01
2.778702226319824664e-01
2.769603781915040974e-01
2.765541965832590821e-01
2.763726966292874287e-01
2.759873168651162390e-01
2.756243464625534045e-01
2.751941172910125077e-01
2.754769275031895281e-01
2.757413458226686265e-01
2.749658048646598241e-01
2.746144257661502497e-01
2.747603096801097822e-01
2.738587858596028823e-01
2.734891008779837263e-01
2.734447498116847619e-01
2.731149323810119212e-01
2.733114516747618961e-01
2.730938584626078081e-01
2.728328663632659801e-01
2.726322612298570647e-01
2.723545612206142996e-01
2.723041415010872823e-01
2.720309911633783662e-01
2.719950676221761787e-01
2.717933564668959523e-01
2.715386835701898427e-01
2.713638147900853115e-01
2.713607451603009535e-01
2.713379249780043523e-01
2.713776400778553644e-01
2.713379249780043523e-01
2.713379249780043523e-01
2.713379249780043523e-01
2.713379249780043523e-01
2.713379249780043523e-01
2.713379249780043523e-01
2.713379249780043523e-01
2.713379249780043523e-01
2.713379249780043523e-01
2.713379249780043523e-01
2.713379249780043523e-01
2.713379249780043523e-01
2.713379249780043523e-01
2.713379249780043523e-01
2.713379249780043523e-01
2.713379249780043523e-01
2.713379249780043523e-01
2.713379249780043523e-01
2.713379249780043523e-01
2.713379249780043523e-01
2.713379249780043523e-01
2.713379249780043523e-01
2.713379249780043523e-01
2.713379249780043523e-01
2.713379249780043523e-01
2.713379249780043523e-01
2.713379249780043523e-01
2.713379249780043523e-01
2.713379249780043523e-01
2.713379249780043523e-01
2.713379249780043523e-01
2.713379249780043523e-01
2.713379249780043523e-01
2.713379249780043523e-01
2.713379249780043523e-01
2.713379249780043523e-01
2.713379249780043523e-01
2.713379249780043523e-01
2.713379249780043523e-01
2.713379249780043523e-01
2.713379249780043523e-01
2.713379249780043523e-01
2.713379249780043523e-01
2.713379249780043523e-01
