4.785086816692400991e-01
4.657739197715446977e-01
4.896143170286183510e-01
4.529624519313281139e-01
4.317843161301688770e-01
4.155781276799984658e-01
3.779473443562403334e-01
3.349826566633901104e-01
2.580865029481738127e-01
1.938926122262747409e-01
8.005510580147012778e-02
3.736480590081803221e-03
1.933471900823491296e-04
1.327412720384267830e-01
4.380593391647424895e-03
2.892808336909316047e-01
1.314688013021547697e-02
1.201581198052100730e-01
2.000714305459783127e-02
2.041593813696729320e-03
2.027237281269900215e-02
4.872281084757412728e-02
1.323231538715230471e-02
2.176265060823556752e-02
7.028818188960617164e-03
1.053124187597764827e-02
3.272715465173492433e-03
5.515149433536037371e-03
1.233832102752074888e-03
3.311843422679539017e-03
6.418981370032161848e-04
1.728803330443895447e-03
5.119928682710828127e-04
1.326496974188406952e-03
1.417482090044774878e-04
4.655467918378564107e-04
2.190043389471707513e-04
2.697677965073363993e-04
9.627177565030287099e-05
4.334298721819784816e-04
3.743655062815598455e-05
8.271026021144933793e-05
2.159230862046612742e-04
1.802714969623142593e-05
6.342914329116045025e-05
2.683840414241522865e-05
