7.178147063857081012e-01
6.977924406006317248e-01
6.463639118580604137e-01
6.130769553428330187e-01
5.326537348881217326e-01
4.546626561884146156e-01
2.790157056475979225e-01
9.156020416405930007e-02
2.692538889197744201e-01
2.166661825259400542e-01
4.105745279878589837e-01
1.138688499095696915e-01
3.953750773482589409e-01
5.630384060245163802e-02
8.101314260431946579e-02
2.270612937609032267e-01
1.248692060128275827e-02
3.380470852049932695e-02
1.039402634216379795e-01
1.594658691874673018e-02
4.124175419197717574e-02
1.682619323480238904e-02
2.072315168249672102e-02
7.883636043191311060e-03
3.568519125881763898e-02
2.626646815970579141e-03
8.879514240743069386e-03
2.921675830256598161e-03
1.333588795738782640e-02
2.593508735179383962e-03
2.551681746197465017e-03
4.744491820216190092e-03
7.898366054899463862e-03
8.553749000217436560e-06
2.748046421402472461e-04
2.682730167176017311e-03
1.244100365452194268e-03
1.373112268100662448e-03
5.900521890704890637e-04
7.185549623396347840e-04
2.629640945475131275e-04
2.758707895045287017e-04
2.219413818049797982e-05
2.433184297916390904e-04
1.089770448094995459e-04
1.441754628479507971e-04
4.374551754671163195e-05
8.283214196946886432e-05
1.161516415626451248e-05
9.690388710204000944e-05
7.012358158364762062e-06
4.250066353139736464e-05
3.822602389291773761e-06
