6.315174990880105810e-01
6.513461268600936327e-01
6.286864952369433102e-01
6.024137964963713898e-01
5.692845164013564663e-01
5.648089314754869417e-01
5.232522031919373262e-01
4.445936846510598617e-01
3.499041540930286631e-01
3.157903311298361215e-01
2.877362674416177324e-01
4.074576180109890089e-01
3.017238281873907413e-01
4.635441696325992567e-01
2.912742811715873792e-01
3.086907738926412126e-01
2.877076957064952367e-01
3.255259671385267728e-01
2.842328926939613476e-01
2.841453352897902462e-01
2.862474691873245769e-01
2.911935219488247517e-01
2.846200166007528676e-01
