2.146784277073126024e-01
2.089004202933444354e-01
1.615459513222397003e-01
1.619835668218556624e-01
8.142370545691957062e-02
2.990061142738564826e-02
5.202979419768627434e-02
3.273669065308560944e-01
7.534768659100476995e-02
1.772251907976304386e-01
2.086883163963304533e-02
3.539147764172079214e-02
1.681140997929531089e-02
6.422599717918808793e-02
4.943569587914420360e-03
9.966822523185814298e-03
3.212201337011633129e-02
4.921330361932430009e-03
8.952022959378913569e-03
4.671436746987556177e-03
1.448220451844139944e-02
1.091091492266826890e-05
8.130851277849959757e-04
5.328040944784340205e-03
2.195791576113492738e-03
2.804039770122224162e-03
9.518840838600439724e-04
1.548043151855527100e-03
3.284141422617015138e-04
7.148799650495973879e-04
5.144116460316094930e-04
2.487321784353513365e-04
5.098104938107139716e-04
1.278039972489874998e-04
2.705665747522179032e-04
6.287676799598962418e-05
1.750285853517885570e-04
6.336235919013333273e-05
8.807073138761278841e-05
2.831968320138322781e-05
4.880501755355481919e-05
4.578849625547221081e-05
1.000394435013429728e-05
6.287676799654473569e-05
2.416814544436984846e-05
6.696892047464153563e-06
