7.323441036043132346e-01
7.323053321351060685e-01
7.322015579578782241e-01
7.323219943336656268e-01
7.322112151608246577e-01
7.323930147007330360e-01
7.323550258534797797e-01
7.323810899154847842e-01
7.323363799976856381e-01
7.322212387821389612e-01
7.322015579578782241e-01
7.321546489843101524e-01
7.320107821284644878e-01
7.321901647626789522e-01
7.321924940445865282e-01
7.322242920377026731e-01
7.321996161314712204e-01
7.322092686945602669e-01
7.322374724563112114e-01
7.321090749747645177e-01
7.320107821284644878e-01
7.318781524387603099e-01
7.303753463953490677e-01
7.323002116423751318e-01
7.319858649164356912e-01
7.317850892424817566e-01
7.318216686496046286e-01
7.320515042468126454e-01
7.320545086504199883e-01
7.311718620292015913e-01
7.312097849406851147e-01
7.309963592002972632e-01
7.307809986547912917e-01
7.304964169451210187e-01
7.302684833835320077e-01
7.300632051615512097e-01
7.298824077954499945e-01
7.296349634033694187e-01
7.293768101383739655e-01
7.290692921016738159e-01
7.294276581126778458e-01
7.290373362512766464e-01
7.287683430416505015e-01
7.286501699908840557e-01
7.283531708851591624e-01
7.282626867055502773e-01
7.279450092635640912e-01
7.279269014734287557e-01
7.276070839245983857e-01
7.272585710414020133e-01
7.268458249148552763e-01
7.268377077835521671e-01
7.264281308251760993e-01
7.264690267956717129e-01
7.259340602091787220e-01
7.254911859997763557e-01
7.253973218873485118e-01
7.249316749700447371e-01
7.247142053033983622e-01
7.241941588674511987e-01
7.240902262866768524e-01
7.235435153192628643e-01
7.233786485456352722e-01
7.227883841400306597e-01
7.224426367342315913e-01
7.217590686148811496e-01
7.221327762076229506e-01
7.213049854425468421e-01
7.206396238943616472e-01
7.198608378512356687e-01
7.190095792340371883e-01
7.191743062112153639e-01
7.182716206098728184e-01
7.174006488320594510e-01
7.173395717096000546e-01
7.164494823013005664e-01
7.161984715045297545e-01
7.152407534953613144e-01
7.150954903013582165e-01
7.140994666804065805e-01
7.135414888161273339e-01
7.123806740637739221e-01
7.118133689527164076e-01
7.105401353561537903e-01
7.102369855494021778e-01
7.088621612578377418e-01
7.091864393811909695e-01
7.067333948388716536e-01
7.050960546435278697e-01
7.053821010668148705e-01
7.034762917669776794e-01
7.017534545504917620e-01
7.012952960137461833e-01
6.994415793691708405e-01
6.986456056605421239e-01
6.965665821927140566e-01
6.968394031526968790e-01
6.947749437908716796e-01
6.926366481388499530e-01
6.921195363652671295e-01
6.898436075109641852e-01
6.877227439772717332e-01
6.850446010639434924e-01
6.861907810894151138e-01
6.822028393141599256e-01
6.798373087135363146e-01
6.797028175565285046e-01
6.772937312924764974e-01
6.765640984347662812e-01
6.740102413569442064e-01
6.739412451914519320e-01
6.717651066567517093e-01
6.702134779058919190e-01
6.679533852861314625e-01
6.688663848770040055e-01
6.656654266957306998e-01
6.636567804840782792e-01
6.638247735156523888e-01
6.618650865043449461e-01
6.604588082359302836e-01
6.580928186846533023e-01
6.566449669017608848e-01
6.585411990050600295e-01
6.577741964742955805e-01
6.571278829055107185e-01
6.557138579509445009e-01
6.550594734040600109e-01
6.547893467868659556e-01
6.540483923831950097e-01
6.556931275864701369e-01
6.537185013590107729e-01
6.529555789291149326e-01
6.519483955382563423e-01
6.509571514230887423e-01
6.516105471593953702e-01
6.506657453101003519e-01
6.498268535266367163e-01
6.497206431161173246e-01
6.489792937917557847e-01
6.499971834606030896e-01
6.479377543024569253e-01
6.472404870778547537e-01
6.475252597734186821e-01
6.467479742614121729e-01
6.461654610893635686e-01
6.452747653066476241e-01
6.445042339537520037e-01
6.447933540099625160e-01
6.454442431505225120e-01
6.433581835542712124e-01
6.425488781784289838e-01
6.427047165719922406e-01
6.429390960310097380e-01
6.412904106361881906e-01
6.406357067076660083e-01
6.407653213459962860e-01
6.403326576002414949e-01
6.398223985905879818e-01
6.388092160368530337e-01
6.380645354193213992e-01
6.383988866859247047e-01
6.378908264786113946e-01
6.374985574081312167e-01
6.368146855608161072e-01
6.361052467395451604e-01
6.356853960185426811e-01
6.348880967087666694e-01
6.362558518450585066e-01
6.344000488340644228e-01
6.336683729953733746e-01
6.340110833686538605e-01
6.329625938133026652e-01
6.327013543410118235e-01
6.324086232821687359e-01
6.318040787714576112e-01
6.321943808617602745e-01
6.298548893893064493e-01
6.289426602756933438e-01
6.296972206190016852e-01
6.302186456164163841e-01
6.289356664351017923e-01
6.283066977316700275e-01
6.277921575945106802e-01
6.272411075359373145e-01
6.265117651668405951e-01
6.256332113500817638e-01
6.256348445450143902e-01
6.246477253452149547e-01
6.239260116425535685e-01
6.225985371220903453e-01
6.218351540098276953e-01
6.226324500448303656e-01
6.216925161342736761e-01
6.210395617242412403e-01
6.196022740557811659e-01
6.186017545433435405e-01
6.197993133885990602e-01
6.182342568758154577e-01
6.176661785709074426e-01
6.183408248856245848e-01
6.185754554332218991e-01
6.159816146851262442e-01
6.152601287920672624e-01
6.153908206264229186e-01
6.145761733590509035e-01
6.138510576179090350e-01
6.152593075171903791e-01
6.133063403496805677e-01
6.126536609081660867e-01
6.129073924723806854e-01
6.127287085096950747e-01
6.104569331675642196e-01
6.096753361652118564e-01
6.099720445153991033e-01
6.098185888115956743e-01
6.092781501072962458e-01
6.088539401697637965e-01
6.081768552330493183e-01
6.077222895887836041e-01
6.068987110157685327e-01
6.061769932066785049e-01
6.071240202800451957e-01
6.049242335862248243e-01
6.045703072438758374e-01
6.040833000635641437e-01
6.036963084145792191e-01
6.034145786324268679e-01
6.026699781490449936e-01
6.033003740008899829e-01
6.020463121336866452e-01
6.016168468877531872e-01
6.015187779234298926e-01
6.011046073002308532e-01
6.020450714542892046e-01
6.019423960371386162e-01
5.997502743670226621e-01
5.994567270986661534e-01
5.988793436369826972e-01
5.986309250806955973e-01
6.007351101339126753e-01
6.004507957251510319e-01
6.014009232057728749e-01
5.985871592105184158e-01
5.984029738622715922e-01
5.985657714977872246e-01
5.976370881081797259e-01
5.972350711550860058e-01
5.974303274181076429e-01
5.988175105384027086e-01
5.975075591579466217e-01
5.980158977019219835e-01
5.965992850785275525e-01
5.963473876928389039e-01
5.989850804060905531e-01
5.979842621864015495e-01
5.960433493314720721e-01
5.958437343316901336e-01
5.953922604837164068e-01
5.949959376729931915e-01
5.949817804707829838e-01
5.945818890984340133e-01
5.955948260038728126e-01
5.943683061297435621e-01
5.942011624165526307e-01
5.944508504299084173e-01
5.939617770658146556e-01
5.940616158503706501e-01
5.926153778531365601e-01
5.922611430933670817e-01
5.921857987517213928e-01
5.921001609772581498e-01
5.915739401241028039e-01
5.913040188679499209e-01
5.920326480816546777e-01
5.911497196316747305e-01
5.908780361836236672e-01
5.909014559567222769e-01
5.922338744870091487e-01
5.897813667907878532e-01
5.893102409173814893e-01
5.901098416574884764e-01
5.896742592315340481e-01
5.913547621277304156e-01
5.885914952737129058e-01
5.882074476563610155e-01
5.895315105248863929e-01
5.902754879375452512e-01
5.882366716536553408e-01
5.874966238994175916e-01
5.872755673676766097e-01
5.866345293883457046e-01
5.863946161310348293e-01
5.886083760359035466e-01
5.863547316607278237e-01
5.860016377193737469e-01
5.856969364655124632e-01
5.856286437235669329e-01
5.863077250770545312e-01
5.890427603809083035e-01
5.878678493512382586e-01
5.866942252939872926e-01
5.846155270414079563e-01
5.844213468674008816e-01
5.851234866509049670e-01
5.860318118460288161e-01
5.840928233399699243e-01
5.839143127601951200e-01
5.835335040464398881e-01
5.832685298192548107e-01
5.849525019570045448e-01
5.838041323811253847e-01
5.855610910962514293e-01
5.839328239152958844e-01
5.829461362293844040e-01
5.826090471843827778e-01
5.832643735079419134e-01
5.832445572795651456e-01
5.825842829030463133e-01
5.827168365003281281e-01
5.816331167471724406e-01
5.818519247742868217e-01
5.837718307945242158e-01
5.820831061943436691e-01
5.829790121947026060e-01
5.828873802777171376e-01
5.810817552786058382e-01
5.808401569777712492e-01
5.816725797697388511e-01
5.805065791046497559e-01
5.801990515701982432e-01
5.821338123504151696e-01
5.800966715819768638e-01
5.798480461007925468e-01
5.808247030162321245e-01
5.804808865357087289e-01
5.833059045325328373e-01
5.816501262555009433e-01
5.794632571872333493e-01
5.792534932916189039e-01
5.803391643413382539e-01
5.810906960874833160e-01
5.789954565908084216e-01
5.789517494190326019e-01
5.808316422062835827e-01
5.798772638031606252e-01
5.805846972407107121e-01
5.796053861880527958e-01
5.801371276882422157e-01
5.788112113892757149e-01
5.788851260158671685e-01
5.793651057601413301e-01
5.780861372092214179e-01
5.779835884919117817e-01
5.789754218794707086e-01
5.780300747221365221e-01
5.780184349724344361e-01
5.791018224029301775e-01
5.781691061016409616e-01
5.777536241765161007e-01
5.776141212603546071e-01
5.787826829042462817e-01
5.779649948753005084e-01
5.783004489676579762e-01
5.772099374538066652e-01
5.770650344384455899e-01
5.777680525268718004e-01
5.789754384253247288e-01
5.780600095829224738e-01
5.772499258775127817e-01
5.783143272880406638e-01
5.778562522031640558e-01
5.771883986150858625e-01
5.770044883429077398e-01
5.770044883429077398e-01
5.771299635769040481e-01
5.774105804645890405e-01
5.782166367757649583e-01
5.775083122477444597e-01
5.770044883429077398e-01
5.770044883429077398e-01
