9.674566088432686728e-01
9.681485980804127589e-01
9.597627309932771356e-01
9.609402427062793128e-01
9.597059397701634964e-01
9.617330921487016182e-01
9.637548624261602637e-01
9.688983284917369598e-01
9.668349477167577088e-01
9.531446395099100188e-01
9.489127947331351676e-01
9.314164516731289201e-01
9.201784011938453078e-01
9.387542226153993141e-01
9.294240098040091880e-01
9.274030929219923003e-01
9.220235190036831785e-01
9.084409880118115010e-01
8.987728211509385945e-01
8.894365414168570183e-01
8.762506119072833721e-01
8.587456379655433736e-01
8.393716366025987252e-01
8.513903775771192173e-01
8.441365312527919773e-01
8.352726298810757566e-01
8.205519512208184763e-01
8.077513551222608168e-01
7.894414090169515896e-01
7.724810691912518124e-01
7.485280421362161540e-01
7.219742400498418977e-01
6.902494732405415334e-01
6.985512550530753595e-01
6.828878244892298000e-01
6.549421667618123832e-01
6.647138307503412946e-01
6.253609952299281627e-01
5.960672731938554403e-01
5.657242384053735584e-01
5.302659720890068318e-01
5.101065470917370837e-01
4.706192392491793663e-01
4.604139198300338798e-01
4.184932337313832518e-01
4.357401054386442762e-01
4.229048700782889192e-01
3.756892324427372198e-01
3.461977698518310387e-01
3.195194484968412185e-01
2.870927603634113590e-01
2.683257333734498928e-01
2.432246502822775769e-01
2.267669702620491723e-01
2.013622463473451196e-01
2.035795786515827155e-01
2.036646357577078792e-01
1.793779038369044398e-01
1.683206910999753836e-01
1.589741712301886434e-01
1.562807340349757768e-01
2.590162463715792729e-01
1.742833286713670882e-01
2.242218610217248109e-01
1.951665443740455697e-01
1.311531264481928805e-01
1.306655985081682791e-01
2.591167738885252758e-01
1.861194333699398573e-01
1.276601255728584405e-01
1.262192585790488097e-01
1.632974820202914845e-01
1.860889665715850239e-01
3.750138165796195189e-01
1.461028236147282611e-01
9.891189132765887404e-02
9.002396326436079566e-02
1.794255812678788864e-01
1.527922621711242934e-01
1.119462476595352030e-01
9.150928864154594944e-02
1.412056912560452071e-01
7.320502809493256713e-02
6.663008258244340620e-02
6.403496760985960545e-02
5.928596986654077750e-02
8.860330060579890699e-02
1.474737014743856545e-01
1.100501808715522722e-01
5.718919234368058380e-02
5.556917241938574836e-02
4.976023271428753336e-02
4.980257288197298404e-02
4.200407823201668389e-02
4.119990285867669577e-02
5.144313271045797276e-02
2.275274316171893574e-02
1.941425651241335260e-02
9.316368936486574270e-03
5.878240059286055086e-03
3.904547067539310135e-02
1.317369228248355117e-02
1.253175979125531470e-02
1.331370679937704526e-02
4.196152090828730863e-02
1.230243456504898081e-02
5.416780976094526245e-02
2.139625459536087515e-02
3.458272220446390044e-02
2.286945377370297461e-02
5.296789198350415617e-02
1.648388796490274366e-02
3.596576137902507408e-02
1.145911064101645671e-02
2.770218934725343640e-02
1.114651046568215786e-02
2.316926739313551753e-02
1.068726757495586099e-02
2.985836629249316587e-02
8.380910500829008569e-03
1.508760223631644415e-02
7.937128057856623897e-03
1.342379393947656929e-02
7.941903354749868527e-03
1.842263549157885372e-02
7.095878467358041064e-03
1.816098187572412481e-02
7.018983311249948898e-03
1.720267277674125683e-02
6.696676170219628688e-03
1.483071303755589820e-02
6.676158920848829226e-03
1.105793517440889495e-02
6.809184397015721757e-03
1.602339102311789443e-02
5.088779585160851937e-03
6.350346165490350359e-03
1.228475339824786072e-02
5.112423991418868496e-03
6.986757839527069081e-03
8.097142196272777426e-03
4.936848182049424771e-03
7.694403687600104291e-03
4.963188237710802753e-03
7.934302000568216329e-03
4.838937252496289254e-03
7.891073931692527132e-03
4.775967270009506827e-03
8.860840571733752391e-03
4.662581897444284529e-03
9.863316574573066653e-03
4.415738894513410173e-03
5.646121566837303263e-03
4.358441482160579916e-03
5.586297633879300228e-03
4.085934252215595031e-03
6.245393371770990854e-03
4.012629763668451588e-03
5.067625389117647039e-03
4.045556152120766136e-03
4.992278175497522064e-03
4.031217153794841579e-03
6.841290677051636848e-03
3.827348467315583314e-03
5.199410937213877482e-03
3.932959348712627978e-03
6.057526434409599148e-03
3.794226933106714661e-03
5.082585552204088586e-03
3.742765511122847499e-03
4.290409663017524799e-03
3.732773720534821038e-03
3.956576735733019490e-03
4.744728340780657305e-03
3.557183494779514454e-03
4.904811867480929344e-03
3.537759453971500712e-03
4.043358710559386004e-03
3.601542892116116334e-03
3.928310260622902561e-03
4.073948646409086827e-03
3.551799558176416127e-03
4.066288443811516551e-03
3.548674580210131602e-03
4.039670139724949038e-03
3.493994974113512342e-03
4.264575223917987934e-03
3.455730644090437842e-03
4.370236711376040972e-03
3.421380623318759362e-03
3.677629313380892384e-03
3.437396407507842255e-03
3.898108681115175500e-03
3.380984917460416739e-03
3.480903592455009132e-03
3.835175113849453865e-03
3.355914703336848603e-03
4.023241625446760672e-03
3.339687352367115558e-03
3.854582027651543008e-03
3.349965981600644405e-03
3.837452968452725877e-03
3.328936876644816856e-03
3.417834612446268849e-03
3.690145193077531971e-03
3.317529309697753170e-03
3.396108845388101649e-03
3.603123879825087528e-03
3.304364969905382310e-03
3.379542604473484424e-03
3.419528864154530723e-03
3.303828188549906564e-03
3.406505295422412871e-03
3.296286715277485513e-03
3.426764021776329550e-03
3.293386907159745469e-03
3.476197894179744452e-03
3.276454557222030495e-03
3.495075488552878973e-03
3.271999732010200113e-03
3.499464883111369495e-03
3.266848404503530645e-03
3.335852427249097474e-03
3.275008734668127808e-03
3.290379568285262124e-03
3.354407055022101680e-03
3.258101791120404656e-03
3.287768599187890217e-03
3.307676369667889027e-03
3.256622212874149547e-03
3.394861009169414245e-03
3.247794375679791123e-03
3.289626693588565409e-03
3.254696631905695803e-03
3.293002722622895284e-03
3.253252242063631172e-03
3.326187591688345435e-03
3.244231853394397014e-03
3.346432700349399880e-03
3.242012179645370473e-03
3.295291779707443247e-03
3.244842518260293573e-03
3.361909896508419315e-03
3.236630334167100997e-03
3.220010390565075653e-03
3.224005789818851220e-03
3.234029853137809774e-03
3.281301671334668768e-03
3.233485686752191057e-03
3.273551346538838835e-03
3.233419024250450136e-03
3.288722427638002266e-03
3.229229554927215418e-03
3.226026123988146033e-03
3.239125969399569982e-03
3.223804639403859973e-03
3.261970725467522314e-03
3.224375932942447065e-03
3.230081737553236465e-03
3.273781249957807837e-03
3.220337486750879386e-03
3.212587893114404736e-03
3.215287610936701235e-03
3.235664356487366611e-03
3.222085851202538542e-03
3.243038466663183961e-03
3.219607367441090773e-03
3.215594456377868227e-03
3.234873983067099168e-03
3.217286067398461569e-03
3.239153124065863310e-03
3.216045456086447096e-03
3.222921384566257430e-03
3.216512423186768110e-03
3.228001849023720560e-03
3.215677778548475807e-03
3.212047963510045179e-03
3.214235704163459495e-03
3.218596601758161313e-03
3.216952781849413689e-03
3.229135046285191990e-03
3.212947653742581622e-03
3.207403896968163970e-03
3.207981218173228122e-03
3.214968523087224916e-03
3.212155448563014382e-03
3.210691931725961901e-03
3.199765580521263253e-03
3.198512450455992528e-03
3.219497590457476299e-03
3.209801254042354834e-03
3.210973429203511920e-03
3.224292391964977966e-03
3.207719138417441940e-03
3.205578674427944641e-03
3.204776228742822752e-03
3.215669011058741589e-03
3.207130772943211916e-03
3.210751110869214386e-03
3.206787252247322861e-03
3.208841474485524259e-03
3.210734047833674332e-03
3.206154915232128921e-03
3.209741551665090675e-03
3.205694183841423239e-03
3.201431578994218263e-03
3.200197367019708139e-03
3.198003283436778865e-03
3.197725399480044750e-03
3.201639631571051581e-03
3.195046812151769444e-03
3.194435783290594522e-03
3.197119153049654550e-03
3.208373620973037355e-03
3.201051633777263206e-03
3.194108025821429386e-03
3.194211414010106331e-03
3.200024863482142656e-03
3.192669346493204330e-03
3.192366777492905427e-03
3.190960069950010691e-03
3.190556910117603451e-03
3.191221281145351085e-03
3.196257278453518147e-03
3.185775407849700258e-03
3.184442838169321277e-03
3.184429388635945379e-03
3.183344043669933399e-03
3.187191384117493698e-03
3.195323275446138034e-03
3.191307684236144304e-03
3.183916748354165271e-03
3.182102206420789337e-03
3.181762541534460809e-03
3.179697365740752346e-03
3.178956141707822702e-03
3.185425646802131361e-03
3.180142219261661296e-03
3.173268390773920089e-03
3.171720012849599257e-03
3.177895744904457587e-03
3.181196640324346347e-03
3.173815115391387387e-03
3.175070012660263785e-03
3.168210942920079987e-03
3.166686120238737523e-03
3.168638866297035506e-03
3.174183939057884096e-03
3.169989325442101880e-03
3.163314262845773328e-03
3.162091855150928055e-03
3.166197590507624504e-03
3.164646779107993524e-03
3.171665018535163583e-03
3.160911476613792459e-03
3.160457317749276740e-03
3.157931724424245523e-03
3.156862751015010460e-03
3.168249539196921205e-03
3.159495133516543319e-03
3.156553768744019273e-03
3.156240572174118242e-03
3.166162399238725556e-03
3.154055734724492410e-03
3.153398781642891002e-03
3.156433936933877860e-03
3.162939096297834318e-03
3.152659122880430154e-03
3.152814128683956163e-03
3.163931393360353006e-03
3.158678332290998370e-03
3.150764720968868282e-03
3.150471307152735712e-03
3.154229171823064171e-03
3.153776234966265690e-03
3.152279047770378817e-03
3.148809856780010463e-03
3.148749246570381466e-03
3.155666301270176888e-03
3.151356457657072951e-03
3.156376516500025708e-03
3.152579814248324119e-03
3.150501539632366566e-03
3.152864835386348652e-03
3.150543825474083626e-03
3.153778154480368912e-03
3.150801773548539408e-03
3.151111658219019063e-03
3.152425437265682362e-03
3.150554008134021089e-03
3.150302740953625502e-03
3.148749246570381466e-03
3.244307888071396029e-03
8.345133372666180271e-03
6.352194366504693157e-03
5.773643505775916118e-03
3.371724891561456161e-03
5.366159357804711760e-03
4.093764607407957001e-03
3.117107987645528766e-03
9.011381907776172540e-03
5.549188082332956462e-03
7.092728118072821886e-03
4.597776671416253791e-03
7.840700075808282321e-03
4.210564733569399642e-03
5.557625956291722957e-03
4.279961436116641593e-03
6.555867732788600577e-03
4.084226959753300967e-03
4.981527624912773788e-03
3.799635481960272898e-03
4.333918105655087949e-03
3.674981999857274140e-03
5.034312640165516939e-03
3.576750594722177823e-03
4.493795539473821599e-03
3.556222747407522533e-03
4.718007365412058007e-03
3.533687718796252319e-03
3.872388084413924680e-03
3.450183837114484398e-03
3.689683309736624395e-03
3.394876830613235974e-03
3.875873925786588181e-03
3.324251110533693598e-03
3.833190824825027931e-03
3.316347499495164719e-03
3.899692206002058903e-03
3.299697916414601195e-03
3.419922187408053205e-03
3.274058566929749503e-03
3.430273597390121054e-03
3.261295235769012812e-03
3.515552928267440258e-03
3.241603021839734033e-03
3.584506933338338364e-03
3.209977927451812540e-03
3.313913870285456476e-03
3.227418195427045333e-03
3.417468900122067055e-03
3.210571982377841138e-03
3.380933456972434747e-03
3.199998703807382938e-03
3.344661314679697739e-03
3.196430418599849332e-03
3.126639864928781876e-03
3.182176105610112771e-03
3.225962110732560895e-03
3.175890779883006054e-03
3.136485281906908895e-03
3.242711444872647952e-03
3.161612244438449792e-03
3.118403655168910937e-03
3.229849564558850972e-03
3.150231877733999930e-03
3.219260057861661473e-03
3.143143942602621976e-03
3.245483800809689789e-03
3.137622039325438372e-03
3.114685784210369235e-03
3.123387555423295936e-03
3.160856733875228031e-03
3.128048521990778319e-03
3.075872164549631194e-03
3.070334142417197043e-03
3.118492644059833729e-03
3.158224115270336085e-03
3.114947650487809305e-03
3.089917412302467525e-03
3.111428973534224873e-03
3.065156137499469580e-03
3.062038189313720515e-03
3.123756857515647134e-03
3.099477814199724790e-03
3.115651625212212394e-03
3.095331177806803780e-03
3.095529789133966148e-03
3.059623215390327999e-03
3.059389787359978463e-03
3.069050110707571832e-03
3.076186039038697473e-03
3.061323259004877784e-03
3.055555924320718653e-03
3.061611732658064966e-03
3.053876131050570208e-03
3.061636512666776611e-03
3.031697940834798821e-03
3.032683310371764307e-03
3.066019732600344661e-03
3.027157404508762362e-03
3.027000078949848572e-03
3.042534824563514206e-03
3.085678060112284626e-03
3.047103409323015377e-03
3.023063648190715824e-03
3.024527128420717581e-03
3.044671763593909120e-03
3.001253752288657317e-03
2.997459168041616273e-03
3.071608642422618551e-03
3.035379994502984680e-03
3.021947628010224207e-03
3.008628853967132422e-03
3.060741661846333450e-03
3.026130245037172983e-03
3.019623657333658784e-03
3.028008187395347939e-03
2.994587769919898612e-03
2.993483536854468774e-03
3.030903725608657950e-03
3.015221280882274257e-03
2.996477401174146848e-03
2.999773901363522732e-03
2.978243925555013050e-03
2.975567298785342096e-03
2.985269564989123658e-03
2.999935100395867416e-03
3.008296433338442100e-03
2.977650354812233502e-03
3.004265672606698523e-03
2.991789980327563825e-03
3.007811876159394160e-03
2.989407054140524878e-03
2.979756684327705685e-03
2.980950942114590774e-03
2.974661727822680568e-03
2.977289611358790999e-03
2.966105668395835337e-03
2.966252655348777800e-03
2.967080506291353004e-03
2.974206192324246878e-03
2.963700251783274453e-03
2.965694635845950167e-03
2.975380651822678857e-03
2.967263077383597292e-03
2.987353856904628735e-03
2.969094173712716334e-03
2.956915765730760981e-03
2.956934144292433508e-03
2.972838795579857418e-03
2.960094202608121172e-03
2.989293065710940667e-03
2.964954121498775130e-03
2.971121249694674837e-03
2.964542925816049390e-03
2.961015962260726830e-03
2.965832058479223043e-03
2.962236864290646032e-03
2.957494715877584390e-03
2.959090508788286833e-03
2.965385156298849800e-03
2.959999943471958161e-03
2.961550210512586823e-03
2.962395481783119955e-03
2.958470012738190213e-03
2.962086101173766473e-03
2.958366827573333246e-03
2.964003526808145494e-03
2.957907318940633523e-03
2.965228550290910370e-03
2.957519052386947678e-03
2.960187697420457731e-03
2.957431388434184072e-03
2.960799003609460023e-03
2.957321274242863396e-03
2.956915765730760981e-03
5.840319895498491398e-03
5.646613276779843815e-03
6.060959924215958416e-03
8.063834179985795991e-03
5.262965168538413785e-03
3.432329961529978490e-03
3.355019786730584208e-03
3.903215324936981645e-03
1.198273854863995957e-02
5.116300615925051254e-03
4.538264626172683336e-03
7.398461900449571083e-03
4.175623991334753704e-03
6.395683977648558560e-03
4.150886366273809358e-03
5.924823230344933300e-03
3.986579541732759857e-03
6.134040674486862521e-03
3.888668414047113941e-03
5.445483860182176450e-03
3.623514789493298416e-03
4.562632775621966452e-03
3.495999004968552981e-03
4.573123702970138815e-03
3.478437918430832276e-03
4.590821701472513894e-03
3.390396412065621590e-03
4.239111447521759501e-03
3.367084738870707028e-03
4.431785346642125312e-03
3.350811283213128711e-03
3.942128822759349838e-03
3.244831091544164714e-03
3.607290406380081471e-03
3.201850936357830690e-03
3.758108263686166239e-03
3.178279100560787995e-03
3.590774132199547886e-03
3.167674730358061019e-03
3.749858455688648284e-03
3.132091232307177009e-03
3.430762618169103106e-03
3.144459734320204092e-03
3.464734079161368996e-03
3.135642608292243949e-03
3.611448530192351569e-03
3.121612247874661072e-03
3.379370977010798249e-03
3.082626823523004767e-03
3.232366130359043410e-03
3.070945443976347278e-03
3.303423178482756128e-03
3.051459040741333339e-03
3.231685734810363364e-03
3.051869320466193969e-03
3.195682213504635882e-03
3.041466233361322935e-03
3.197326477995976468e-03
3.036683655129102100e-03
3.233132375173752848e-03
3.031852930949208158e-03
3.244168350353238139e-03
3.025459346087888690e-03
3.138418076085836006e-03
3.012946704708086010e-03
3.076245568924607099e-03
3.011564598765614775e-03
3.093602858034949499e-03
2.999355284469373828e-03
3.087433631684732838e-03
2.999589929884027839e-03
3.059829903513611171e-03
2.996260124432215122e-03
3.054199139524760298e-03
2.994068529848958882e-03
3.082405896833062542e-03
2.989051059229419494e-03
3.084470212435741487e-03
2.985536676043398785e-03
3.036963263520098266e-03
2.982725237061556456e-03
3.007900238641059154e-03
2.981803455654574719e-03
3.032473511658806409e-03
2.975400005425399286e-03
2.992491100572425289e-03
3.036993747664196164e-03
2.972901481353873443e-03
3.029811029686801938e-03
2.972485904977228977e-03
3.001467678530822525e-03
2.974105486911793328e-03
2.977205725307130457e-03
3.002565245872390598e-03
2.969463972747443670e-03
2.998627273215315192e-03
2.968258327724515588e-03
3.008603092316541883e-03
2.966990572454530906e-03
2.983363295015029060e-03
2.966634651945354584e-03
2.970178263422162956e-03
2.996860084380825739e-03
2.963517537308502092e-03
2.972477753460989192e-03
2.986505041105314007e-03
2.963568354916845671e-03
2.970247923300806114e-03
2.963399429538937646e-03
2.971337799499540466e-03
2.963434169121259565e-03
2.977364390586267895e-03
2.962523551514495423e-03
2.964066932505504681e-03
2.979196701695330241e-03
2.960790775551003229e-03
2.964463565494401820e-03
2.960353302724927360e-03
2.965683475586677886e-03
2.960204803913790705e-03
2.962822422303723613e-03
2.964057669173958409e-03
2.959979022173486740e-03
2.976099621221361957e-03
2.958941328122022263e-03
2.975723959931508844e-03
2.959022670777300412e-03
2.961926356536803695e-03
2.961929593825352036e-03
2.959271422366627213e-03
2.959263561132519094e-03
2.962209041953323130e-03
2.958507727623183037e-03
2.958815574079398658e-03
2.957909582449902430e-03
2.960021803606438517e-03
2.958008648705656718e-03
2.956915765730760981e-03
3.168241789679782094e-03
4.653387894397287283e-03
7.407458563753799297e-03
7.433737431705611520e-03
5.844689421851900768e-03
6.237014273173802081e-03
3.364934638559913260e-03
3.312403970939459263e-03
7.808586914377579902e-03
5.277931419783166156e-03
8.474028628586594003e-03
5.206355025197173525e-03
7.252175265944016402e-03
4.648625736729417035e-03
3.347315970921971306e-03
5.673714202212187807e-03
4.106149384216273290e-03
4.707271369523091664e-03
3.793182528466387815e-03
4.764804028822178239e-03
3.796232560238643750e-03
4.017647875281804559e-03
4.489261112756492977e-03
3.481082645579225421e-03
4.426279671521871073e-03
3.432392334314138260e-03
3.499297845628634995e-03
4.159201771801401826e-03
3.315089504515533747e-03
3.865016094739326391e-03
3.179766940761052929e-03
3.778745719397957892e-03
3.177344211035548760e-03
3.533372503973453149e-03
3.169816346201947965e-03
3.556710212111013902e-03
3.130343458044748672e-03
3.637524543464554228e-03
3.113866952996091619e-03
3.499356851909496413e-03
3.108293728712241411e-03
3.398181416822021461e-03
3.117169267181085779e-03
3.408293002802098570e-03
3.041673323865845546e-03
3.285716206928634975e-03
3.051063723332192446e-03
3.200606154358021094e-03
3.053561613959310250e-03
3.175474934500543966e-03
3.054158651732863383e-03
3.210633614362135013e-03
3.030050006687434738e-03
3.159903968043664690e-03
3.027486228613374131e-03
3.218981876046855817e-03
3.020007322231177405e-03
3.211054619244535502e-03
3.017831538639548228e-03
3.051235824949927178e-03
3.127617147341776871e-03
2.994837520996940228e-03
3.046135592342791298e-03
3.079960708868290098e-03
2.997269149065617810e-03
3.058475255203640941e-03
2.996086019632637765e-03
3.111623765121751539e-03
2.989243422366394398e-03
3.068321795760442505e-03
2.986538555872386702e-03
3.039887523574091865e-03
2.987625512953839824e-03
3.069469587947404321e-03
2.980781768158413669e-03
3.061022504632360253e-03
2.980424321904817653e-03
3.014665070677824410e-03
2.973076927336726349e-03
2.994035594785171561e-03
3.012537481104193837e-03
2.971767686279158660e-03
2.993689970181234727e-03
2.972596645547720406e-03
3.023554386871851740e-03
2.967668972656434256e-03
2.993403753539958245e-03
2.969394969442040733e-03
3.000324370394658047e-03
2.968113740608235851e-03
3.004128982266540682e-03
2.964639315270689579e-03
3.000253186580037479e-03
2.964844366115437779e-03
2.979329468369540379e-03
2.962590662303310474e-03
2.969309911181383654e-03
2.976140521310566278e-03
2.961914636444462623e-03
2.985038368275683140e-03
2.959884921075905950e-03
2.969580402983340583e-03
2.961140045837584722e-03
2.977621855574041909e-03
2.959784842237467295e-03
2.968664211891680615e-03
2.960289347159528184e-03
2.973987194599847506e-03
2.958270571472354504e-03
2.963990500962743191e-03
2.958555600601875391e-03
2.964537571660152970e-03
2.957767008463618730e-03
2.967901427616048693e-03
2.957105893372280470e-03
2.968282689821744036e-03
2.956671383790410168e-03
2.967040437132029140e-03
2.956336443516782708e-03
2.958315619382756445e-03
2.965291761366839474e-03
2.956135752552602192e-03
2.956135752552602192e-03
4.674916014721253177e-03
5.353802349276848282e-03
5.540230344491470227e-03
6.584075589100124581e-03
6.818921224876151044e-03
3.665959700535070809e-03
3.105713947292976229e-03
6.536885037803918941e-03
4.670214224912649925e-03
8.443190150323576226e-03
4.523171925848279429e-03
8.002692729599858446e-03
4.518546478702534230e-03
5.381631787744867168e-03
4.093793795013511705e-03
7.254332573084276703e-03
3.932461288512212327e-03
6.037144213012823890e-03
3.657965183533451459e-03
4.700410758894157937e-03
3.767270847868320338e-03
5.787679525100841715e-03
3.598976741894244213e-03
5.192442608837666285e-03
3.644363194372779446e-03
3.895895867842336102e-03
4.347673356040249182e-03
3.381785322981056829e-03
4.163901445708884097e-03
3.374007687968805236e-03
4.182749804822361028e-03
3.301720363549032200e-03
4.207082890610891468e-03
3.244999685693694680e-03
3.749669552777890047e-03
3.279920520250945160e-03
4.001331233780991425e-03
3.249206295506401609e-03
3.846237034759170115e-03
3.238660769991685839e-03
3.608435376629470781e-03
3.138656768797210006e-03
3.496066026254851522e-03
3.143041324757400723e-03
3.451570823831295876e-03
3.106843703442163651e-03
3.349793504064835226e-03
3.103321888907606407e-03
3.401602473318221520e-03
3.081448673672881888e-03
3.392238869865837891e-03
3.080239138179785563e-03
3.387836934206855943e-03
3.077462997697510971e-03
3.192507043336623163e-03
3.040887846258111260e-03
3.287403677180833483e-03
3.030769677936029360e-03
3.145644323485630167e-03
3.025205271598330192e-03
3.135335390222926399e-03
3.024710553013232328e-03
3.117497842469174607e-03
3.025140957031879907e-03
3.134093298786333470e-03
3.011366357972500296e-03
3.157533308340565448e-03
3.008810965703379026e-03
3.152503250202220997e-03
3.007940048728507954e-03
3.056126170438155931e-03
2.995809284358053048e-03
3.099673552207860006e-03
2.986649630607240979e-03
3.040798348156736886e-03
2.988604466778954638e-03
3.021849976226453904e-03
3.031832082266538997e-03
2.988647264644206381e-03
3.023071096440177463e-03
2.987744471037112604e-03
3.062279033130721473e-03
2.978606223976831835e-03
3.000707089588883214e-03
3.051461306290748077e-03
2.977365755530092528e-03
3.002816048479406419e-03
2.977485107221400362e-03
3.009720877057864286e-03
2.974085148414462587e-03
2.979702046421950357e-03
3.022495138993330777e-03
2.968574598781303919e-03
3.026576826456683911e-03
2.967931673193646702e-03
2.986784631677119606e-03
2.970773761115541589e-03
2.985475848500618312e-03
2.967002324306688976e-03
2.988129458291077789e-03
2.966099880032380121e-03
2.979340910704619816e-03
2.966199016482873319e-03
2.979038323893790086e-03
2.966107636425685534e-03
2.962061314828678960e-03
2.972234897902326090e-03
2.962276384443573995e-03
2.972071424088174041e-03
2.961027326260357029e-03
2.974643514459751614e-03
2.960448296944306890e-03
2.974185003706719677e-03
2.959999774288846197e-03
2.967198144653404590e-03
2.960126960081965741e-03
2.967641753604532973e-03
2.960015947305993933e-03
2.965800463237355800e-03
2.959916894871295057e-03
2.958237895908988335e-03
2.963701880938196531e-03
2.957792312216711572e-03
2.960147776947863463e-03
2.957555656604715644e-03
2.961015599981631219e-03
2.956725878481281100e-03
2.960419671350633664e-03
2.956749096377886410e-03
2.955911502100172505e-03
2.957915434470437255e-03
2.960378075512304363e-03
2.956415834217573924e-03
2.965345539591823787e-03
2.955948046412637531e-03
