5.936875247790295296e-01
5.987190523282519550e-01
6.296469912486453158e-01
5.526728980549502346e-01
5.003325181667067634e-01
4.926810707069020356e-01
4.258215320327953801e-01
2.965173298506961208e-01
1.265241296856481901e-01
5.453484975975242399e-02
6.843462279968859363e-02
7.604821261237515451e-02
6.782606017221914918e-02
4.711528441459389427e-03
7.507919454536604587e-02
3.438666600688001784e-01
6.322759963984947440e-02
1.703163023220443106e-01
2.940891362323849734e-02
6.282807949865731878e-02
1.542877819828825103e-02
4.756971351586802843e-02
1.322436422330475203e-02
3.008680539978891844e-02
2.791237993520323535e-03
1.217591772106940695e-02
5.471415832994708239e-03
7.234113620897542063e-03
2.206065975909443644e-03
1.000200632790371191e-02
1.143977758177205928e-03
1.715598193931189286e-03
4.992042224154058516e-03
3.786119297007894957e-04
9.580663102499720196e-04
2.498133930706636363e-03
2.404010166880965471e-04
8.149060526438933749e-04
3.737821591658363474e-04
9.902898137670312906e-04
3.535249924146999234e-05
1.693430042363219812e-04
4.455317273546199885e-04
6.917609916068379050e-05
2.026087135491572155e-04
7.611075020741431274e-05
1.098650208666285266e-04
2.955573182061854709e-05
1.342043503190781806e-04
1.839486425248004764e-05
2.401424526965456607e-05
7.197258809266138257e-05
4.157679995842045173e-06
9.916086255556955109e-06
3.242895854438376801e-05
5.692900996612237918e-06
1.133146838805387802e-05
4.556092644047993190e-06
1.439129302127639676e-05
6.729101367231038466e-07
