7.148583257291548643e-01
6.831057746477088299e-01
7.221282686317505028e-01
6.736381287336257184e-01
6.440071451883406795e-01
6.008435102267352113e-01
5.298417672690810543e-01
4.807754526608817303e-01
3.781842616219541764e-01
2.949175438192560561e-01
2.731973544900799800e-01
3.638079254483943537e-01
6.636058155824877680e-01
2.673661309094396143e-01
3.445288104290300524e-01
2.814958846594606268e-01
2.922195468982399236e-01
2.661773034876507849e-01
3.152132164788679081e-01
2.628990272533875405e-01
2.631784947569273392e-01
2.740086306694077267e-01
2.628227137245088274e-01
