8.514471577626414600e-03
9.031515161456837859e-03
1.007926360976374447e-02
7.687091397986178798e-03
6.829243768998072284e-03
6.393445563264932296e-03
5.512106101207780995e-03
5.220316221384302402e-03
5.832000985852348052e-03
4.875548345425251284e-03
5.686792794714734534e-03
5.993823376943763215e-03
5.065098545421475862e-03
4.544530494046794544e-03
4.268653283672652066e-03
4.837169597185497771e-03
4.177640802843662904e-03
4.078125085736017397e-03
3.300354716206155281e-03
2.793701012921312454e-03
2.722090290259382428e-03
2.771116534740380999e-03
1.760445795239595768e-03
1.666949071655765557e-03
1.050497460782451320e-03
1.055849769184713516e-03
2.502934302818782264e-03
1.472812716542870604e-03
9.513327223502621166e-04
1.390966820211225752e-03
1.947494075969835592e-03
1.019367037924379105e-03
1.207234132870160792e-03
9.423408656565879227e-04
1.116991566964764537e-03
9.363702819109587239e-04
1.064049552834567258e-03
9.220308535172749842e-04
9.528044024132986678e-04
9.263089806283986150e-04
9.403114332209305815e-04
9.245606961520991263e-04
