6.217412584639847584e-01
5.980557251913268813e-01
6.295084496958325282e-01
5.879604244297496063e-01
5.624292791638157984e-01
5.302907160988505897e-01
4.738676657421777572e-01
4.296995151964088100e-01
3.479868401171221093e-01
2.940997704359387122e-01
3.095454800319746846e-01
2.976282601196538202e-01
3.551610428418889853e-01
2.990496145288012997e-01
3.031725384206761520e-01
2.864939111032279717e-01
3.596725316096338609e-01
2.832780553307803206e-01
2.872312344412236707e-01
2.834224399190105048e-01
2.932759684181083237e-01
2.832755007698011251e-01
