8.514471577626414600e-03
7.766637430617562288e-03
9.996992431985596284e-03
7.096547081970161486e-03
6.048699178627270356e-03
5.183338685314287098e-03
5.111488356055127191e-03
4.451022455601028049e-03
3.968284522653520163e-03
3.581890711632396140e-03
4.075948204302459743e-03
4.468249518561950850e-03
3.899677392708245094e-03
5.549375666971556598e-03
3.875075027851782039e-03
3.754303768306987976e-03
4.717519395029956542e-03
3.670793368233726817e-03
3.409037495408995255e-03
3.331842731368328536e-03
3.921130278161544247e-03
3.572540777710520032e-03
3.331994021410378259e-03
3.164617464018526505e-03
3.037693868992885626e-03
2.912941016249948056e-03
2.777203033548336641e-03
2.985075712563234340e-03
2.446913495808500372e-03
2.191166703933267179e-03
2.662991969672789949e-03
2.007316478300991136e-03
1.729060664693582439e-03
1.700483269716279722e-03
1.533368501179244170e-03
1.074289711103570966e-03
8.162351292239078404e-04
5.762682445278333176e-04
3.561202386824779964e-04
3.200858305998366404e-04
4.144131538541540039e-04
1.082480593153078985e-04
4.974606028493866461e-04
5.553431890050752884e-04
2.482791134849060555e-04
3.537209652834105711e-04
1.894912146338523229e-04
3.868486706164464550e-04
1.691452827824457827e-04
2.799063241274435399e-04
1.451290189329323965e-04
7.293373405437009183e-05
1.235869626159402657e-04
4.701441596510758103e-05
1.079502178269464707e-04
2.051083395123720621e-04
6.721160451939045544e-05
1.017573177056751987e-04
5.418796171707818132e-05
8.740557380626512440e-05
4.332997892164680565e-05
1.395499130107946684e-05
2.761299873155209639e-05
6.693168210780697791e-05
2.756721629970648735e-05
1.291298404375584852e-04
2.080078453758904544e-05
1.363942316334743055e-05
3.095589863211234416e-05
5.136021409368751733e-05
1.414429363066904699e-05
1.070380569700990492e-05
1.969638381937866001e-05
2.248894641254661764e-05
9.332737546441371990e-06
5.312343561714172324e-06
7.578985090850309803e-06
1.767848347733469438e-05
7.923457969405411916e-06
1.815131927873636641e-05
6.723547755105307999e-06
8.708214700114957907e-06
6.431250498484253342e-06
3.946432116097575715e-06
4.572609378472591857e-06
8.983949452034956096e-06
4.968601379107262517e-06
4.676328297814613677e-06
8.513529881959414070e-06
4.174187180683297527e-06
3.748739519804367148e-06
4.305334367793456352e-06
4.380220701927228788e-06
3.831288836519952667e-06
4.042267598425297592e-06
3.701045695803095725e-06
4.029741667244124415e-06
3.663867884751148551e-06
4.439398464506361108e-06
3.590585830548498336e-06
