8.514471577626636645e-03
9.850285105328371316e-03
9.428967453976477842e-03
8.109210171251768351e-03
7.313261586378572154e-03
6.595106475325795969e-03
5.513705634603405237e-03
4.594538404492753969e-03
3.322872393139886249e-03
2.940589472387178382e-03
3.266882415564831277e-03
2.439142294519469623e-03
3.725213254160752996e-03
3.506065429790483634e-03
2.735320239336869186e-03
2.111515448141254581e-03
1.990818588432641256e-03
3.250086146917463559e-03
2.263707736406050941e-03
1.724502799302696232e-03
1.468030260925345942e-03
1.433993134305477923e-03
1.561795202415283690e-03
1.025519464513791057e-03
9.518381388281538236e-04
1.073842188073048654e-03
1.541626598829837214e-03
1.048046963315174551e-03
1.158495051095553841e-03
9.605744694441975540e-04
1.051900679398753979e-03
9.522514542229520984e-04
