4.785086816692400991e-01
4.608276476286168322e-01
4.788882676599379717e-01
4.606412940812308898e-01
4.510812714283094493e-01
4.309385352168766392e-01
4.037496094864152507e-01
3.929687652207533022e-01
3.552801679634327581e-01
2.982281017257291111e-01
2.129795298445787965e-01
1.626996658596768786e-01
5.805560850717983445e-02
1.435542870319927999e-02
2.533585245147029763e-02
2.592461186838646015e-03
1.747235097972263951e-01
8.525329929737734957e-02
5.466070777324194552e-03
1.229425499064351612e-02
2.020086725246184045e-02
2.321547017754888032e-02
2.259596062454005683e-02
3.354008403518737857e-03
5.288316453614272383e-02
1.517779771758442919e-02
2.324637008132790505e-02
8.420381480712890720e-03
1.087831825315122014e-02
4.304227840702168351e-03
5.355981964737299705e-03
2.065737798598421548e-03
7.358572836834609276e-03
4.310282544756072198e-04
9.947416388178531577e-04
3.651156083501527760e-03
6.972709642005803232e-04
1.240523988518704712e-03
4.258069812215214966e-04
1.579854092335741811e-03
1.377051492248426712e-04
1.426271682212210123e-04
6.997854130732505951e-04
1.419765864455468929e-04
1.471836561407480204e-04
7.044459568006367078e-05
3.489471656474840700e-04
1.877461556398785092e-05
8.639450495673273167e-05
3.021739317177196682e-05
1.196014999920169686e-04
2.300204680816264613e-05
3.439832421858746159e-05
1.404072440114312315e-05
1.404072440114312315e-05
1.033997598567770737e-02
6.334320255687919676e-03
3.337374948768179195e-03
8.501745390974591032e-03
2.170722106610178948e-03
5.915243902905320539e-03
1.181165958530572269e-03
3.193669596101678110e-03
7.725632823301076257e-04
2.016350079479312107e-03
4.013495377059861369e-04
1.141453078697507451e-03
2.866640432567235663e-04
7.081231510144281316e-04
1.265192870281151016e-04
3.966363726557453617e-04
1.147790464645082054e-04
2.561570270402935279e-04
3.123652992997882905e-05
1.315694141932333139e-04
5.299396420666013796e-05
7.018026385363640429e-05
2.215091555235471077e-05
6.762338583743421339e-05
6.613973829061592369e-06
1.471756774562571479e-05
5.522540718949642269e-06
2.611983413114415953e-05
3.968341964144528333e-06
5.164308030880526701e-06
1.464812395135517420e-05
4.879512494060378458e-07
1.603052260490400727e-06
6.082527701289919264e-06
1.453608756363244936e-06
2.637715379782967773e-06
5.704227434844000300e-07
4.879512494060378458e-07
9.067864258954894119e-03
7.931269827700426767e-03
9.740697092146533009e-04
7.644977847488299005e-03
4.229314667419492579e-03
3.564572759500173049e-03
1.497529138952846672e-03
2.400135311062756571e-03
4.934217371301841126e-04
1.500692309634454880e-03
3.687731498394075658e-04
8.544270456005698122e-04
1.527261533016410766e-04
5.261691076900998354e-04
1.471997808439873268e-04
2.994107689782143922e-04
3.910211523605600092e-05
1.867998745970211871e-04
6.417407778247508077e-05
1.028247762164813395e-04
2.254297698889295987e-05
6.175742217773283471e-05
1.369547629470613259e-05
3.578602133358366189e-05
8.020930376329005185e-06
2.208325036523461904e-05
4.677793516760786474e-06
1.224193190429989642e-05
2.989247357643165515e-06
8.107830742121180378e-06
1.449228603123131620e-06
3.970680122589165251e-06
1.267804688342977215e-06
3.184274317780122487e-06
2.756310114593318872e-07
1.066908639990593599e-06
4.734684158069768500e-07
1.246780606090069909e-06
6.172228950163116679e-08
