9.984479141965245663e-01
9.981700239470006064e-01
9.995311773240069808e-01
9.841312061954566870e-01
9.962894734324371226e-01
9.819708363832062581e-01
9.990990721415078379e-01
9.995208464444267360e-01
9.999369939913835825e-01
9.987843305045525089e-01
9.855522863502290676e-01
9.871293085380214993e-01
9.819384866168120451e-01
9.784314977626820120e-01
9.768035693456159629e-01
9.724951072290106691e-01
9.692572710472251440e-01
9.636601898384391518e-01
9.580491908650712318e-01
9.503184721459618789e-01
9.425806046356072221e-01
9.320415806961709348e-01
9.288284614250897908e-01
9.165082577167095179e-01
9.356426319635989808e-01
9.234631625238041153e-01
9.076732902153575866e-01
8.957457556719750080e-01
8.866192010973747983e-01
8.716870909719384164e-01
8.635950358394319792e-01
8.459076913160126221e-01
8.404460816255765465e-01
8.206874259757636070e-01
8.173359552898360469e-01
7.958522762182054233e-01
8.014480054885060323e-01
7.909222717917838708e-01
7.718445754692616623e-01
7.514756307186534201e-01
7.268875057049588584e-01
7.148310266967046189e-01
6.871373489274381630e-01
6.673906592000493632e-01
6.352342123779528560e-01
6.328889737455447584e-01
5.998420792913716770e-01
6.011919113281852800e-01
5.770203096276991239e-01
5.459391833296397545e-01
5.413406385797066012e-01
5.092211002001718612e-01
5.016525133974876205e-01
4.698586992565021436e-01
4.402925227376178752e-01
4.058612036083567576e-01
3.754958583733642996e-01
3.350384777058100783e-01
3.515881697359412028e-01
3.186911807173977706e-01
2.875143936046460347e-01
2.909054437119709124e-01
2.690122747013126148e-01
2.454959176898227069e-01
2.273399670392517447e-01
2.107846937324890924e-01
1.899336660215967809e-01
1.715190606376735261e-01
1.884832477298221676e-01
1.479886242229080384e-01
1.387655707178994113e-01
1.268021919481915338e-01
1.172280487109793601e-01
1.390049577635390499e-01
2.206730961459006934e-01
1.980206807288495963e-01
2.324220993319295880e-01
2.370130298866296448e-01
1.988389770867495798e-01
2.161657980838637139e-01
1.599007061253354678e-01
1.791218636021582045e-01
1.399309397006230915e-01
1.696682673618037374e-01
1.618229959722213840e-01
7.974141887181163124e-02
7.077747209518181482e-02
2.055444283206896428e-01
1.477925356562118653e-01
8.725504092215563556e-02
1.279908336839675753e-01
2.062720341728928597e-01
1.297821007535739923e-01
1.869932172147811267e-01
1.305931463156548844e-01
8.802719412392312481e-02
1.497804627203320749e-01
1.209410814889483321e-01
6.682338733208059711e-02
6.019186484856020591e-02
5.312491111153960777e-02
4.606115129550070186e-02
8.555758818159475698e-02
1.175886015494266301e-01
5.810738858394248751e-02
4.020741039702890873e-02
3.661539883412656682e-02
1.414588471300584072e-01
8.938847378395786691e-02
2.348039911061150509e-02
1.864472042260734153e-02
7.371639315812050786e-02
3.407373604272190271e-02
1.807804565323190005e-02
1.496563287145957766e-02
6.221033426664435151e-02
3.529715078081385737e-02
7.891328777985040510e-03
5.735326239091675937e-03
7.621213659624237469e-02
4.197517758298752177e-02
5.452190908215248655e-03
4.279816492582022569e-03
8.344963302762242741e-03
3.143014665063170732e-03
4.449436905361148220e-03
3.475110287270544163e-02
3.104015373103929942e-02
6.604849220300246238e-03
1.825690315260297680e-02
1.847136059020215715e-02
4.570585962809459168e-02
1.556730181696208692e-02
2.187837116473034804e-02
1.024554475780570240e-02
3.042526736851758340e-02
9.655112832019585589e-03
2.190126809323333923e-02
1.006060254174834245e-02
2.308015452975897830e-02
8.600969797321500465e-03
1.534144490990785314e-02
8.899885472253177277e-03
1.149979239456699887e-02
6.455404339081871612e-03
1.197956047090853460e-02
6.307794880000994198e-03
1.576837849723811136e-02
5.828887382085867763e-03
9.871119677940409787e-03
5.891982524371286445e-03
1.057479970544017434e-02
5.657228014009585415e-03
9.636604355346412021e-03
5.583016296372367293e-03
1.049506685143242191e-02
4.505737787613872669e-03
6.774188158677030280e-03
4.750233260078395858e-03
6.813312777723568026e-03
4.660122666093724497e-03
5.818621467438833683e-03
7.765882951671909673e-03
4.321772706154969335e-03
6.088351274801451218e-03
4.441941526283299524e-03
8.108882578399811969e-03
4.195719978989487231e-03
5.281223020214831365e-03
6.986304862327985532e-03
4.230361615045086232e-03
5.307293295888304563e-03
4.195506305157747917e-03
6.279913068285791766e-03
3.812460257864525026e-03
5.060214881510094465e-03
3.872978494734669042e-03
4.947595173164787141e-03
3.792963384321890175e-03
5.328085667389625968e-03
3.725649638811057152e-03
4.883330618749681662e-03
3.701356908061836926e-03
3.275160413734101716e-03
5.435555114274293054e-03
3.550956960713835819e-03
4.452302549421194300e-03
3.614429064459967478e-03
3.631946217470427563e-03
4.282493038886503456e-03
3.421904019436872169e-03
5.167176909946391561e-03
3.314329481470923433e-03
3.059285865993577325e-03
3.164264678329087310e-03
3.359774740624654754e-03
3.328637275921475513e-03
4.827644121318863668e-03
3.172396026200008379e-03
2.911078044567139145e-03
3.003896771981429126e-03
3.010255176893017470e-03
2.481228199004315016e-03
2.460172925468628868e-03
3.209470692994043084e-03
3.765896831690707103e-03
2.969412486819922314e-03
2.778485060770718995e-03
3.568370958359601275e-03
2.931023108597163862e-03
3.039359667770247242e-03
2.844535071088505340e-03
2.396753209029656162e-03
2.414535415356300341e-03
2.463190545793803032e-03
2.405192512299536567e-03
2.703799870410250605e-03
2.981828794283103434e-03
2.660774349641847891e-03
2.304900289254119272e-03
2.370194571159389696e-03
1.909132812919711597e-03
1.876100042784156763e-03
2.865680553274407849e-03
2.506578154459315755e-03
2.483385810499671997e-03
2.714556402295786874e-03
2.424237300542975149e-03
1.762065535186208010e-03
1.705896036564125140e-03
2.186220514220904576e-03
2.627476778372939137e-03
2.238642865714512986e-03
2.673256751902663986e-03
2.223293326923170277e-03
1.714103335267669337e-03
1.800504006523429013e-03
1.903103234498160212e-03
1.575727938105564441e-03
1.573703886686539377e-03
1.703899540405506841e-03
1.676907545598793625e-03
1.149000987518800088e-03
1.082761080609673243e-03
2.311694821619081353e-03
1.829205779227072171e-03
1.893542717640417372e-03
1.696417302185060372e-03
1.398622962086371047e-03
1.627532000407549972e-03
1.555604862905846097e-03
1.322484974290327742e-03
1.081476704441475256e-03
1.033102852756595524e-03
1.377142439847101052e-03
8.530731724144535733e-04
7.775251164608976140e-04
8.681399571506265289e-04
1.367935258803743004e-03
6.377354815892966045e-04
5.717630530799322486e-04
5.940730143089156812e-04
4.026490357502687800e-04
3.338742383410808756e-04
5.463676324610755586e-04
1.236674797597148157e-03
5.061592024964145509e-04
1.048711917909894709e-03
5.231852592811891967e-04
1.045902023791955848e-03
7.673164135912902140e-04
1.937422640789776551e-04
1.743172253260150129e-04
4.089572870510371772e-04
1.354617569669924748e-04
1.294081545385461496e-04
2.460004726415609966e-04
1.746019863377856751e-04
2.679861795267246549e-04
2.589730667468259639e-06
1.107190136528934943e-05
8.453076433306838666e-04
2.846196594054051232e-04
7.663486216424875153e-05
1.906068881204481258e-04
1.228312884596904908e-04
3.510974905448493999e-04
1.481451647884490797e-04
2.525427357712439758e-04
1.327885873787515436e-04
1.155406563079219850e-04
2.825490339811720375e-04
8.970094716287402292e-05
1.884871748764060939e-04
8.846981394650121899e-05
1.600627256723718972e-04
7.966281416527110082e-05
1.199629374771804535e-04
2.278413488481234594e-04
5.932151831444798518e-05
2.092002813878224288e-04
5.807816869707327356e-05
2.592169414913358949e-04
5.036350901355124421e-05
1.482616406588421754e-04
5.657013843862745972e-05
7.197240861722686844e-05
1.255052707138659684e-04
4.134565628877151511e-05
1.225914814385609120e-04
4.061371734354057850e-05
8.823273506375350905e-05
3.870702187069863243e-05
8.351022147590203559e-05
3.715722614017202829e-05
1.025815734192470075e-04
3.266778920008039933e-05
7.464870860940386876e-05
2.834007851426623148e-05
9.409391180092985252e-05
2.570096484300066209e-05
7.435621383100610160e-05
2.587710858714675766e-05
9.006287391244427454e-05
2.176693990896261255e-05
5.725226748320988435e-05
1.968220331549641600e-05
5.582996709474485897e-05
1.930407607231288125e-05
3.868822724784060085e-05
1.964079549221509069e-05
5.712928721135490662e-05
1.719063614746829671e-05
2.990160840288247357e-05
1.508276975825673105e-05
4.332041426780008919e-05
1.329358082935439000e-05
3.487457999074017323e-05
1.233294357150249709e-05
2.804379141252422158e-05
1.305465160450491879e-05
3.735541942795350678e-05
1.001092421581972758e-05
3.309293371889232560e-05
9.284218355443130122e-06
3.434873097851731671e-05
9.171776743199799853e-06
1.630677426589510759e-05
2.236748854533843200e-05
8.702054308029616436e-06
1.884528889484204939e-05
8.500324905735823222e-06
2.199986786166618913e-05
7.536737277491489806e-06
1.932092366019322327e-05
6.775121121904703614e-06
2.110277916989033997e-05
6.481157479920618414e-06
1.478903746165993738e-05
6.558851961657730101e-06
1.147618014207818504e-05
5.583632243455483035e-06
1.078665333809070148e-05
5.232255337772606651e-06
1.346748570474343154e-05
4.931849828748724462e-06
1.126200572687530155e-05
4.859814496604997203e-06
9.041844909574159317e-06
4.931368906113675621e-06
1.072147336200757195e-05
4.239888686141668472e-06
9.795171429627380633e-06
3.898423285519925230e-06
7.109735367882841217e-06
3.979935887299390629e-06
1.035222758583032032e-05
3.679524374411435872e-06
5.741485392007916744e-06
3.570120473361804159e-06
6.144343173808408665e-06
3.333979150088595134e-06
7.051134656599344908e-06
3.085954455750439251e-06
4.925937930000401366e-06
3.262498979195171955e-06
5.992170364232940472e-06
3.129355836462011098e-06
4.070874855099937406e-06
2.822255744661106291e-06
5.150875295623080774e-06
2.684035073419188677e-06
4.989342010208730471e-06
2.662342402870443436e-06
4.402320204488496813e-06
2.588624332333644418e-06
3.954246968862484835e-06
2.563214889672593699e-06
3.670399057575934876e-06
2.453118093881379025e-06
4.326631322992824380e-06
2.356276560089298755e-06
4.380448480389986798e-06
2.280479256655532083e-06
2.998863925518513440e-06
2.314395542102332115e-06
3.647662071726287536e-06
2.165781244789499738e-06
2.655397099204925837e-06
2.696576757665880564e-06
2.157015489667735153e-06
2.770807464136382237e-06
2.146165229532925878e-06
3.268573856796130883e-06
2.063437558375014191e-06
3.082419214872622604e-06
2.081558536759509082e-06
3.422714583090069596e-06
2.039825181099352847e-06
2.625422480528882829e-06
2.047814144146009596e-06
2.525512461382106721e-06
2.000926087819543397e-06
2.607977691582163970e-06
1.969927538425508828e-06
2.282657278640520815e-06
1.978321150564177344e-06
2.381901482051418384e-06
1.904294181009902331e-06
2.092641996354061007e-06
2.386428166523124617e-06
1.890501628132312817e-06
2.105236902139040467e-06
1.883372546473971454e-06
2.058609071764472276e-06
2.362604734185147493e-06
1.843426486125565589e-06
2.051361993604672307e-06
1.862626752835438992e-06
2.291807189025441005e-06
1.840461829605288813e-06
2.315334991398465547e-06
1.834642909037675906e-06
1.955489668414855942e-06
2.128063788409129131e-06
1.814272747813205910e-06
2.187101486250675464e-06
1.804940616079164784e-06
1.979228666293408878e-06
1.814715733239324891e-06
1.914256862245444779e-06
1.790834539772134804e-06
2.022762146225431934e-06
1.773869214405365824e-06
1.948197517864791450e-06
1.776137822151468981e-06
1.947651867562072425e-06
1.764498511191980867e-06
1.997147490051531804e-06
1.749685988317040142e-06
1.855681121654129129e-06
1.760413420370809945e-06
1.824942740147328379e-06
1.752655880760123353e-06
1.883989013795606127e-06
1.742538661919645904e-06
1.818307025502896579e-06
1.747831171683422724e-06
1.875485668878518197e-06
1.737562267289938234e-06
1.812338220164022573e-06
1.735038464123483948e-06
1.865596638062072543e-06
1.722276914750686672e-06
1.761876576189536081e-06
1.812210591478624622e-06
1.719906077224386820e-06
1.770592252037239689e-06
1.721939255294735460e-06
1.786361415567760957e-06
1.719720034820682031e-06
1.793620528101058653e-06
1.714759962356815493e-06
1.795000486137787732e-06
1.713051329343961982e-06
1.754973247281021997e-06
1.715469743701625305e-06
1.760965861352659090e-06
1.711896821743330577e-06
1.711896821743330577e-06
6.928463375935889346e-04
1.348123084830454843e-03
3.581408626238125059e-03
4.513385349224074972e-03
4.486757734259660957e-03
1.377301938590425046e-03
1.866505903199700001e-04
2.023771256840167787e-03
6.126679221707398426e-04
3.402038870281343108e-03
6.137010061158854057e-03
2.066446371705277230e-03
2.858152027952476359e-03
3.432764180518410591e-03
1.650750152296320827e-03
3.537252382366906645e-03
1.320555261254185986e-03
4.055213210685471026e-03
8.353936556335650465e-04
1.987476549665800896e-03
9.685584042086192724e-04
2.386328883443478155e-03
7.419429338069161162e-04
3.108536747655654686e-03
5.315121716341630886e-04
1.008487188193130102e-03
1.809271111278820676e-03
5.911595880068176712e-04
1.550955934757625165e-03
4.374538461051624694e-04
1.313916994888586487e-03
4.388187105576202285e-04
1.354283972796022084e-03
3.589888177110145406e-04
8.056586564212375734e-04
3.532805162771435192e-04
8.900768751213261609e-04
3.152697998396458701e-04
9.439728854134799008e-04
2.643204221060013737e-04
6.934234370001846059e-04
2.757013126222229715e-04
7.428213965486873960e-04
2.386434545265103679e-04
6.905775985152073915e-04
1.907744219111773276e-04
5.658776261340259239e-04
1.997676423826089120e-04
6.009348318398721744e-04
1.531722376781896600e-04
3.955379933466840470e-04
1.675691205161866648e-04
4.371413694568282438e-04
1.415343065069851747e-04
3.323690398752132680e-04
1.283476023521412657e-04
4.088715947776488946e-04
1.147101802398964310e-04
2.990721292748244053e-04
1.106447245624586628e-04
2.645800398716202650e-04
9.113624754419902274e-05
2.849853759285814192e-04
8.463167327066312140e-05
2.874501196928891389e-04
8.209627347754988591e-05
1.974925962190399176e-04
7.902520979052862771e-05
2.484423149952119658e-04
6.651627725096087573e-05
1.932936840470800277e-04
6.457402423165614636e-05
1.492325759884227665e-04
6.089810384479754646e-05
1.812842947011006345e-04
5.025331765629026393e-05
1.361800263667278799e-04
5.212626938455588999e-05
1.150748611652430142e-04
4.272273714545082868e-05
1.317898922289506558e-04
3.772130445633958828e-05
1.277764654806778921e-04
3.666808322055903346e-05
8.795596355570811653e-05
3.834045086892334808e-05
1.139962248206671802e-04
2.904671104653200331e-05
8.580204236197097600e-05
3.036473233486436385e-05
6.729426077034528220e-05
2.983517501264909555e-05
7.093963653026502669e-05
2.454472216395497952e-05
7.242317104605433542e-05
2.328937027695765494e-05
5.073787993326028811e-05
2.092844953227590565e-05
4.642133490784239314e-05
1.879570601959201781e-05
5.862861824901255403e-05
1.740892874579902383e-05
5.275798017401189810e-05
1.732481126426321794e-05
3.730165702531262895e-05
1.507986412052630953e-05
3.517760901428079734e-05
1.493352685510984657e-05
4.861211761320038960e-05
1.336111958238905828e-05
3.232362400518162815e-05
1.223783068171613309e-05
3.379978708728526016e-05
1.138522134980224365e-05
2.324890715987848466e-05
1.096016870216764971e-05
2.090583022429370885e-05
9.931600637780313434e-06
2.782702543635551251e-05
8.557405168252429917e-06
2.485545353481111164e-05
8.773816231544273592e-06
1.724191534113739266e-05
8.155761030526065269e-06
1.645872270750192712e-05
8.118303626236667014e-06
2.321590362408532116e-05
6.662623665665279304e-06
1.531375133900780838e-05
6.718127489313552303e-06
1.638547500582010485e-05
6.141491464606296802e-06
1.116542179269153223e-05
6.345512838179523385e-06
9.913262954408530447e-06
5.838381798128899902e-06
8.853548861598170561e-06
5.267550500120954382e-06
1.126978881849094449e-05
4.933794784167666592e-06
1.211208210560865695e-05
4.636801124169309674e-06
9.577875071609120994e-06
4.834579711454622952e-06
7.644600036327275916e-06
4.204565599241760765e-06
7.723545458415692622e-06
4.162910988481094421e-06
8.004556661944661755e-06
3.954362692293322823e-06
1.083490191711167228e-05
3.605563714370596529e-06
5.350042053264836284e-06
3.571768901200478297e-06
6.382432514717706340e-06
3.473387223951185376e-06
6.909856270609360251e-06
3.244271342239812839e-06
5.068373951977456215e-06
3.344201001787006078e-06
4.515786016900946720e-06
3.189682554083361765e-06
3.382323664591346812e-06
4.627524282541095602e-06
2.945124322195624700e-06
4.456813686326555057e-06
2.837395920107788072e-06
4.430261597465623424e-06
2.643884885022984577e-06
4.317812470233661770e-06
2.634824785574529926e-06
3.510562501363168053e-06
2.644995473088940230e-06
4.162197454582461376e-06
2.538306883903551636e-06
3.775901356917188423e-06
2.548785079659054986e-06
3.177504950158116515e-06
3.459479616996219420e-06
2.484641903888196168e-06
3.329893214720769379e-06
2.486025879488984458e-06
3.821207138043902773e-06
2.314249095136666767e-06
2.280469419857489299e-06
2.627699368762392851e-06
2.254638057919144956e-06
2.501245067398905064e-06
3.824380676031857718e-06
2.082136085101993217e-06
2.676454041838915998e-06
2.134696582167805445e-06
2.971775790228115000e-06
2.107305026810557536e-06
2.466243742671458961e-06
2.702698452372587212e-06
2.098685925266963181e-06
2.699847292619850236e-06
2.097069046635979817e-06
2.491895373601948904e-06
2.103911272421932210e-06
2.152350705109107309e-06
3.057952833951382843e-06
1.943363883816218163e-06
2.297896493086426517e-06
1.995108620422847423e-06
2.261729459607231263e-06
1.940104867315106674e-06
1.859752894572963555e-06
2.145954984600351168e-06
1.910618093070581835e-06
1.864815678986886383e-06
2.194446426684315554e-06
1.887397782507349575e-06
2.153490092804410949e-06
1.888250462100948823e-06
2.205811192812490162e-06
1.877376817449594171e-06
2.081993651037450377e-06
1.838621885852376181e-06
1.901510364721303858e-06
1.985576812746359110e-06
1.813344467138655602e-06
1.981322048649758472e-06
1.797110707246751815e-06
1.941275562078459416e-06
1.794806016253147618e-06
1.810620066544643691e-06
1.912646374946369576e-06
1.784267143145612522e-06
1.854382163712919862e-06
1.987769255529237000e-06
1.765117004559613179e-06
2.071664186864552448e-06
1.755677433101787699e-06
1.871591070568001669e-06
1.769993492772847787e-06
1.774264933751545925e-06
1.849663653352706660e-06
1.745329543334506184e-06
1.854647880605853061e-06
1.743846732460418991e-06
1.765940790265929650e-06
1.781940217715494157e-06
1.836049497438985156e-06
1.726288658132624221e-06
1.779891826592105986e-06
1.729926637383805144e-06
1.856884502937639070e-06
1.720470547472707779e-06
1.776924978047489390e-06
1.724928258450830754e-06
1.808637770328580530e-06
1.719929014765142483e-06
1.823175092785511708e-06
1.718253107241274336e-06
1.803184576432137476e-06
1.714830872856509814e-06
1.735093697607936747e-06
1.776874856695975780e-06
1.709987725750927723e-06
1.746115628420419341e-06
1.707833736652730749e-06
1.757059699403207276e-06
1.703783424011895420e-06
1.744650750534759709e-06
1.702350403531838197e-06
1.743492163641668924e-06
1.702237721334931564e-06
1.741970835467121503e-06
1.699888359740775456e-06
1.765635752826177907e-06
1.697656149657333913e-06
1.717487385866078853e-06
1.700397070814041456e-06
1.709647650560697230e-06
1.725034767807720471e-06
1.696360822700526683e-06
1.730943762545678055e-06
1.694800181195610378e-06
1.708307639236572584e-06
1.695650523103608975e-06
1.724056865604062239e-06
1.694147461761552620e-06
1.714132168650905896e-06
1.692693560206848247e-06
1.705343333990860799e-06
1.692476478853954802e-06
1.721022911738145922e-06
1.691272222825723759e-06
1.697449833693021048e-06
1.710104025831604702e-06
1.690785098928948571e-06
1.717321889027623172e-06
1.688961309809222655e-06
1.699509385333364264e-06
1.690416824629004111e-06
1.688888761619544709e-06
1.692422274657268133e-06
1.699547762967767994e-06
1.688995456161634934e-06
1.700200810028640319e-06
1.688457115234243133e-06
1.702966697436636423e-06
1.687886059031917796e-06
1.690925698127898613e-06
1.694073174407506599e-06
1.687565536312440884e-06
1.695576057114678292e-06
1.686793397515096160e-06
1.686793397515096160e-06
2.823562442927585181e-03
2.041219121938331327e-03
2.939809681392624441e-03
3.186546646574472952e-03
4.732610868389164338e-03
1.134563425959078664e-03
2.784567636410217872e-04
4.266149669517327325e-04
9.838300048645720608e-04
2.932685102856602555e-03
5.221318652168460694e-03
1.390148317853445725e-03
2.547585977130673029e-03
3.196225116530837518e-03
1.383022603347772161e-03
4.164883456282519880e-03
1.251967445624280195e-03
2.885087583370138375e-03
1.206995559023815723e-03
3.561451327896980601e-03
8.445311329032811898e-04
2.241549955293242746e-03
6.075285568929444935e-04
1.722038768417588628e-03
6.402159711582644519e-04
2.254087784022251739e-03
5.269250520634205515e-04
1.111134283110715160e-03
1.573546129451264264e-03
5.109553342407258114e-04
1.123169608192919888e-03
5.342745525455105948e-04
1.279142441269143227e-03
4.466836889596148552e-04
9.542247217199095743e-04
3.965370880004703835e-04
1.097297220187365419e-03
2.689794711021598062e-04
7.188622570704072956e-04
2.856504086454769720e-04
5.920659814256934439e-04
2.524117709674644772e-04
8.303118670557330105e-04
2.286955574452020912e-04
6.782131077540665132e-04
2.323542421954760684e-04
5.945774736898501445e-04
2.025348031113871627e-04
6.217292701303778202e-04
1.878869988094500343e-04
4.780455484345580430e-04
1.845346921299784171e-04
3.474631869698763253e-04
1.335798326010939618e-04
4.586355759187421555e-04
1.194038030288835373e-04
4.451274113423941969e-04
1.156149204337708625e-04
2.583252251343592931e-04
1.223441898948740558e-04
3.483072864737257746e-04
1.032294480922679725e-04
3.287382880813316532e-04
1.031230719232834048e-04
2.619334728953814917e-04
9.374248788185379766e-05
2.834960529566332710e-04
8.335768629419426645e-05
2.058513751160839789e-04
8.844258354667733357e-05
1.538961155943541215e-04
6.412804682465189643e-05
1.370867418371002344e-04
5.881241481531240822e-05
1.944629745497250539e-04
5.221454129766822660e-05
1.912821230503070069e-04
5.053742262495219961e-05
1.562266908081699768e-04
4.678281569936437734e-05
1.494702914778267555e-04
4.741473214597835550e-05
1.156773600486937781e-04
4.490184326066959386e-05
8.657412509927020494e-05
4.309375548539051692e-05
1.490068282091749907e-04
3.591054327400922119e-05
6.988312982725286560e-05
3.206586564985514087e-05
1.081009683611133809e-04
2.571408541562902883e-05
4.394307094979232886e-05
7.564017822103696886e-05
2.355379323304429562e-05
7.127593150302313774e-05
2.224521356630759783e-05
6.260223628506977889e-05
2.263410126945863965e-05
5.525624078916990811e-05
2.216039299274275010e-05
4.932293179227276170e-05
2.210858780438140769e-05
7.145874258063233952e-05
1.972570677366558556e-05
5.171405292581088275e-05
1.736403823593413165e-05
3.957872052318123224e-05
1.628174369117108000e-05
2.592116419319889786e-05
1.379985086358281876e-05
3.604851653726814931e-05
1.169464700778721777e-05
3.370265811220019003e-05
1.141036972263087534e-05
2.887817917973656279e-05
1.161464146559598731e-05
2.554286808786887519e-05
1.182654898390644860e-05
2.226960942353084505e-05
1.204978180924243247e-05
3.427214596984917705e-05
9.672621052003727016e-06
2.433372287957702440e-05
9.208450687636648979e-06
1.895808659824194109e-05
9.069081983725801877e-06
1.217889894300494547e-05
7.092824447219037154e-06
1.624018942136817856e-05
6.803756402384841806e-06
1.522699791234316535e-05
6.762055407061318135e-06
1.260224977173152183e-05
6.902384735441025043e-06
1.577771363059365939e-05
6.580083767859790100e-06
1.488824189255222308e-05
6.543616017484765734e-06
1.048597714592425234e-05
5.932177897460810811e-06
1.052287086233949509e-05
5.654007817823547555e-06
1.297671562261459854e-05
5.368494316315697290e-06
7.181578014936462750e-06
4.747223812384682162e-06
7.356888128029481777e-06
4.613222624461066346e-06
8.801127082791460055e-06
4.431230989698775602e-06
7.223808299205991545e-06
4.539265398229019866e-06
8.217683127864638948e-06
4.347825050099451971e-06
8.014427650415711923e-06
4.344643021902960811e-06
5.782301327306171856e-06
4.080729065325527927e-06
4.873539041105878766e-06
4.866702738248740445e-06
8.375326960075035743e-06
3.296431239974140226e-06
4.973434562294265504e-06
3.588870097659402347e-06
5.284881765987847757e-06
3.491420211165774390e-06
4.025268666607573209e-06
3.635247738054125932e-06
2.735792437258410814e-06
3.755612291711507567e-06
3.097990791900429031e-06
4.092320950888073128e-06
2.950998443163044271e-06
5.080892119369018189e-06
2.832265653451848664e-06
5.779466499378216326e-06
2.624968707953811986e-06
4.095064654485724986e-06
2.705500238620039966e-06
3.139035770871601017e-06
3.361285580760764446e-06
2.570163675552628035e-06
2.337175706967897781e-06
3.582957840420064599e-06
2.384629337326416021e-06
3.917163136968326853e-06
2.332790888459612688e-06
2.565167723234118569e-06
2.439984167601494391e-06
2.816341803435484792e-06
2.182184406840370627e-06
3.286687795256426625e-06
2.124388768676155337e-06
2.775861697723591703e-06
2.122488709677128327e-06
3.135102754070473452e-06
2.060610826637443438e-06
2.820168167771974765e-06
2.084993416251457177e-06
2.663898919452734049e-06
2.027192101294872373e-06
2.740132455270050116e-06
1.989739244590005285e-06
2.639415877081496831e-06
1.971691166002820239e-06
2.724817906196719264e-06
1.962614712969212860e-06
2.169414488051302214e-06
1.916257452383440807e-06
2.251094068594916564e-06
1.884157851961276720e-06
2.422418101666323764e-06
1.868561777751409636e-06
2.441622078519500860e-06
1.846756361945089964e-06
2.198007764353526738e-06
1.854610352514107774e-06
2.168628878029821294e-06
1.838211524884947323e-06
2.263358025667017159e-06
1.809561260612824185e-06
1.917519356187113999e-06
2.179654741141234808e-06
1.799396820545418052e-06
1.932803630477764045e-06
1.795275332394652423e-06
2.005140824712370318e-06
1.788049814099856860e-06
2.071246386403657880e-06
1.764602894360756125e-06
1.863609140007049803e-06
1.770284565938418098e-06
1.857510115610416790e-06
1.765715078927421189e-06
1.995597661119674626e-06
1.749460928346380229e-06
1.944473275727887085e-06
1.749471910561517518e-06
1.880766725137483775e-06
1.739022881253049491e-06
1.818098239181331621e-06
1.738628963354749146e-06
1.909081587370131672e-06
1.728638709619367830e-06
1.743803204168337118e-06
1.803319170212702716e-06
1.721526083686697461e-06
1.796606647674892088e-06
1.719509382880346493e-06
1.803877978656664993e-06
1.718273396456027058e-06
1.784617603473037661e-06
1.711425324235626988e-06
1.768339669472318576e-06
1.712815049126348299e-06
1.771401004102557408e-06
1.709342005273839504e-06
1.750633607078277976e-06
1.708409328449178588e-06
1.768589058315228613e-06
1.706626428510382709e-06
1.747013198993840888e-06
1.702866725517004909e-06
1.738719135890853806e-06
1.699566379298467211e-06
1.733075350451862562e-06
1.698913458469952786e-06
1.737334693108216754e-06
1.697861960359148270e-06
1.686793397515096160e-06
1.030774344821461241e-03
3.922743377582027513e-03
1.435491723424053845e-03
4.545090473528912156e-03
1.101066876721956689e-03
1.895540646043469835e-03
8.670022644930996947e-04
3.515561488156571102e-04
2.257855156287291720e-03
5.250349282185040600e-03
2.144893423935201326e-03
5.213046040428825911e-03
1.784920532970857288e-03
4.423477881501658437e-03
9.025491505850746776e-04
1.972820982296008552e-03
9.351626003830659783e-04
3.368451141000927684e-03
7.978869857313553027e-04
1.742983901963590654e-03
8.381040357372526728e-04
2.686038429136838879e-03
5.853531601156536368e-04
1.787265171786622808e-03
4.813093205113805340e-04
1.436603538791048074e-03
4.694886567254696885e-04
1.636877987024387693e-03
3.994545108271241318e-04
1.690585175280534536e-03
3.784708335785591515e-04
7.401944879261712629e-04
1.138103456059469387e-03
3.840783451503071433e-04
7.716061150297992555e-04
3.731735761601795431e-04
8.140888185068639871e-04
3.517035766288367782e-04
5.960256581646339313e-04
2.825185593681167617e-04
7.215961465275588793e-04
2.150160952647528489e-04
8.360535117150069695e-04
1.969497934436459374e-04
4.045239933667676979e-04
1.945945599716170094e-04
7.640272959985594525e-04
1.552990557611710898e-04
4.244483231252704769e-04
1.813522539049206017e-04
4.047022929078991638e-04
1.794659286393773812e-04
3.688542280646522897e-04
1.696343839957537014e-04
6.752338235402888245e-04
1.442717052622111140e-04
2.550481606845567129e-04
1.221656348363575617e-04
3.783928985227058561e-04
9.175133724992345918e-05
3.342233393718307966e-04
8.526644447914843994e-05
2.317232647730538275e-04
9.280817963208676247e-05
2.309465031495872012e-04
8.511654267095991599e-05
3.548808420340554548e-04
7.349579745186129998e-05
2.765209949316949078e-04
7.539188651861650214e-05
1.300502755303689639e-04
2.439110822256562727e-04
6.296151120266380019e-05
1.336265256050017669e-04
6.431537018458666211e-05
2.138864642070581468e-04
5.299434527272772755e-05
9.413690672321894937e-05
4.668008266306422627e-05
1.574103219256217656e-04
4.085269676501468439e-05
1.724606649732285391e-04
3.596472017197704929e-05
7.167002360819463291e-05
1.199923166897987059e-04
3.441232354528533932e-05
6.859286886373716641e-05
1.001965271404392510e-04
3.392516059852468402e-05
6.844068652556156707e-05
3.462094217066002955e-05
8.659373861463759425e-05
3.070027838125710673e-05
1.005290556519433665e-04
2.880978163599667852e-05
9.280645983600344096e-05
2.393751577878244774e-05
8.608736215431900263e-05
2.105766216542459546e-05
3.442127566322117360e-05
5.668945733683372623e-05
1.730679713118910001e-05
4.872425754420817157e-05
1.723078200444039254e-05
3.276722819156585587e-05
5.548401048505180455e-05
1.650475533865325417e-05
3.271500541657257344e-05
5.896661052540164150e-05
1.534733728381088014e-05
2.962477174217603704e-05
4.047041066912449025e-05
1.561013469586480795e-05
3.050828539075123302e-05
1.582657057985770166e-05
4.610290010509388026e-05
1.402129767669180183e-05
4.136044162805774249e-05
1.172568913854199479e-05
3.605408390261466423e-05
1.060590867352217970e-05
1.465501316322281866e-05
1.246485690264975688e-05
1.372590497694670120e-05
1.878335170402145593e-05
8.632302293976046315e-06
2.689604427441594225e-05
7.821211587266674314e-06
2.604715417509062547e-05
7.791894966691081947e-06
2.759921034389822836e-05
7.308133596506394269e-06
8.780025343990693898e-06
1.983080070877552004e-05
7.207108979168097562e-06
1.888678894179651735e-05
6.593484485395428862e-06
1.624021213941784225e-05
6.409529537898528417e-06
1.218816940573574925e-05
6.120507047069345674e-06
1.075267431505100291e-05
5.207402820506246144e-06
9.327429311811741286e-06
5.238324062073473897e-06
7.477971277869421840e-06
9.906121060221373398e-06
4.688609542169430711e-06
7.595748834021698315e-06
4.700919011835225092e-06
1.267378892999548867e-05
4.173372612381598401e-06
6.978448801708836413e-06
4.451406929284473790e-06
7.195193667097754542e-06
4.226327375289606891e-06
6.500370410722489112e-06
4.171341074554746342e-06
5.625138963960552019e-06
3.727546978637974462e-06
4.430736133542723110e-06
8.764821006423950678e-06
3.225434403342219980e-06
5.600162688357279706e-06
3.219231550444234813e-06
7.747661531110061617e-06
3.033842129518404818e-06
4.238831823322186665e-06
6.452850446314606359e-06
2.998157520583966118e-06
4.165648597731497205e-06
3.242693710769906090e-06
4.444735773656560696e-06
2.971769209048069627e-06
4.072121911558035379e-06
3.677080787301001408e-06
4.653956650169099873e-06
2.863766395244660146e-06
4.081438071734666551e-06
2.715565109001616406e-06
4.283951966832511005e-06
2.668222957025179198e-06
2.510074386674610025e-06
3.568294065559030059e-06
2.435039045067810548e-06
3.556890903699816420e-06
2.431002062430742683e-06
2.711659851661885057e-06
2.930801450418130116e-06
3.790950575566220948e-06
2.251256238539056653e-06
2.837123248888850924e-06
3.932830639596929245e-06
2.176201235881691787e-06
2.889651983584151651e-06
2.251389844221129977e-06
3.135655147090687933e-06
2.160516779370347251e-06
3.110904612579901141e-06
2.160760754432722308e-06
3.568268878040292691e-06
2.098723956844850136e-06
2.473390142143649939e-06
2.078308208308676797e-06
2.321239054525747747e-06
2.408157922961784436e-06
2.039562568167951895e-06
2.881675188470822491e-06
1.951957245172053490e-06
2.266377150839105070e-06
1.965602977938019080e-06
2.084569165949901048e-06
2.260572823931106257e-06
1.913938081687938109e-06
2.544346105692874005e-06
1.881137179027270179e-06
2.284432815913284287e-06
1.903666038027829188e-06
2.197671575721038550e-06
1.875907351900352182e-06
2.271040115409128646e-06
1.861358046473249317e-06
2.120622695001017632e-06
1.870519138802428927e-06
2.116826383957715052e-06
1.848409535543105164e-06
2.124026579619631150e-06
1.805941441723746266e-06
2.154424283640210547e-06
1.796148469623837229e-06
1.935390071650111565e-06
1.793569279873175049e-06
1.980675630730566184e-06
1.783588377324285545e-06
2.038059360609523196e-06
1.766199412944757796e-06
1.913756240923270013e-06
1.774069638749153910e-06
1.882592684077089018e-06
1.773350025269238017e-06
1.931177569969300123e-06
1.763773897600628970e-06
1.875889413804898709e-06
1.761115300813465012e-06
1.887075463558041122e-06
1.736155012532769604e-06
1.895561316134219965e-06
1.730207808137151915e-06
1.794202226901298047e-06
1.737494120357396810e-06
1.817419980176815386e-06
1.729697664765161846e-06
1.798731814606213675e-06
1.725887574854922946e-06
1.780425826103382292e-06
1.726914665489687195e-06
1.818043614987274736e-06
1.719619040829734047e-06
1.791120925798139751e-06
1.720605490307391960e-06
1.768917512912082657e-06
1.720931571136397054e-06
1.742116150671435548e-06
1.709769815616546396e-06
1.774349178362832902e-06
1.706245847055143372e-06
1.768587269412869034e-06
1.703516199547117083e-06
1.744756746524522839e-06
1.705330435641805309e-06
1.726550378999824886e-06
1.705007877994546561e-06
1.742758519829301633e-06
1.703219472126704659e-06
1.745722380874781265e-06
1.700202861720789826e-06
1.730611325689856983e-06
1.701336800885577816e-06
1.727895357017672495e-06
1.700980846397470714e-06
1.737515801014666295e-06
1.694636734383969667e-06
1.720982785946567617e-06
1.694150135178595917e-06
1.713448921303317718e-06
1.694302434462890972e-06
1.698335780342397072e-06
1.713697576732897687e-06
1.692919542550797019e-06
1.706577489990479535e-06
1.693359445664732732e-06
1.705249877081982390e-06
1.692386511820132000e-06
1.709551909478967957e-06
1.691814291993054553e-06
1.701452352453891592e-06
1.692061623148610749e-06
1.702199544983962198e-06
1.690921175190318593e-06
1.697297940972397612e-06
1.689245164748776062e-06
1.697312435156028698e-06
1.689047661290743463e-06
1.701133419240719036e-06
1.688641027786097482e-06
1.694562010712274969e-06
1.688763130447412664e-06
1.696264119499524270e-06
1.688360778184794242e-06
1.692870017833136842e-06
1.688342571637413414e-06
1.692153459798007020e-06
1.688202610150568717e-06
1.695264140955110577e-06
1.687787716253552617e-06
1.693379693024077426e-06
1.687447291676136274e-06
1.690587512315211427e-06
1.686739588113717048e-06
1.690301271395355798e-06
1.686649183652022543e-06
1.689590479081459762e-06
1.686545295087604757e-06
1.691250818058875893e-06
1.686333989892041529e-06
1.688952460665582578e-06
1.686373717446620901e-06
1.687704524133692985e-06
1.687111541581742813e-06
1.686333989892041529e-06
3.821620117224311386e-03
5.372992690536593230e-03
3.015169060635924936e-03
2.034004456710314379e-03
9.643018158603799961e-04
1.978444620408303933e-03
6.527456193883285351e-05
5.217903795641243292e-04
5.349681395233618630e-04
6.694889336789411338e-03
2.513947269264238393e-03
4.449067141649498680e-03
1.814067838150856815e-03
2.644590663319013046e-03
1.244194630892869746e-03
3.514788058834317219e-03
1.124120101396175464e-03
3.477514858529318076e-03
8.614805098206002043e-04
2.100672304440664995e-03
9.408163013340242742e-04
3.303442461127126251e-03
7.525187982584391477e-04
1.307556946740340287e-03
5.984837712006418897e-04
1.445607801674575477e-03
5.164466308864579247e-04
1.953639973663823248e-03
3.850682251600456851e-04
8.279513871546351211e-04
1.105594274899202034e-03
3.951411022771189607e-04
1.037500487660381054e-03
3.811261407973276505e-04
1.153070321708304924e-03
3.291291937219664732e-04
9.095644579121264783e-04
2.627088132370891671e-04
6.911077808912091669e-04
2.437858536267212273e-04
8.940842314288932613e-04
2.194719051994420411e-04
6.629326074852892603e-04
2.386148633599649571e-04
4.937338783788103314e-04
1.839554865199488631e-04
4.227964247274229592e-04
1.838690796343023237e-04
4.761504113603987065e-04
1.763586144564177616e-04
5.206170550181576928e-04
1.433404160572360198e-04
4.078311334740902794e-04
1.156410854601386262e-04
2.966128975574466864e-04
1.139664838221143839e-04
2.664071954004976206e-04
1.138321981342116374e-04
3.789456870376683995e-04
9.281241660841210717e-05
2.470373482655885411e-04
8.484406643760600275e-05
2.069917186025005407e-04
8.806744915335062984e-05
2.263624927067997561e-04
8.188448977552997832e-05
2.433081115791324578e-04
6.190442577680421721e-05
1.780662489467843557e-04
5.202282101113286927e-05
1.219677635513338743e-04
5.568641778652683172e-05
1.096570519143469369e-04
5.357162251373726036e-05
1.642417696486875300e-04
3.957459619219338975e-05
1.025381308527029134e-04
4.243462194741809412e-05
8.864589975465797522e-05
4.166784255332789400e-05
1.110500044544382447e-04
3.792948204983659366e-05
1.063729223839127158e-04
2.836587847676597107e-05
7.240307959865965870e-05
3.008553979721995120e-05
9.583506055321766581e-05
2.452978796474436507e-05
4.990077793964875497e-05
8.095648906081276408e-05
2.366935179209939122e-05
5.318319087721512517e-05
2.484798250679265408e-05
5.264474206012614843e-05
2.060436110618013572e-05
6.855225386137586696e-05
1.882379032080994108e-05
5.340285977373238069e-05
