9.753328061254639136e-01
9.753414459159863714e-01
9.753271074285987385e-01
9.753468301548654518e-01
9.753433788484678901e-01
9.753544825271776020e-01
9.753391077929551845e-01
9.753148481617055499e-01
9.753872791852659097e-01
9.752876715363981708e-01
9.752752056263017666e-01
9.752752056263017666e-01
9.742963208524141328e-01
9.744262507584714461e-01
9.772177970945584713e-01
9.729840929073457767e-01
9.758698010123967315e-01
9.756342718629971156e-01
9.756481678802564339e-01
9.746736155088805420e-01
9.723749050210536149e-01
9.717341398421404097e-01
9.727817616376264187e-01
9.722771735400889126e-01
9.714169760966879785e-01
9.708646530873416003e-01
9.706621912291530929e-01
9.700561712829057770e-01
9.701222508346563078e-01
9.692617622546342293e-01
9.685803682715136143e-01
9.679050736514372977e-01
9.670538264146271157e-01
9.678208698258559117e-01
9.667383238527169631e-01
9.659381137598129774e-01
9.656372097655686604e-01
9.647546716375343667e-01
9.644114964941645773e-01
9.634347127945149802e-01
9.634357535933325556e-01
9.624991566608950277e-01
9.614826627048912444e-01
9.602893148438150783e-01
9.589679976427850638e-01
9.594522872506299205e-01
9.580821427079739827e-01
9.567721964215117891e-01
9.562263551271115158e-01
9.547620482774861195e-01
9.545460528403129086e-01
9.530046411545280982e-01
9.527900801439267431e-01
9.511702398677990278e-01
9.510552349824363816e-01
9.493798145846137349e-01
9.472432939520436523e-01
9.450097018407509486e-01
9.451572307372199111e-01
9.436897307094301857e-01
9.415378356335331045e-01
9.395428453160743487e-01
9.368554769049641795e-01
9.368076703351065904e-01
9.340511280166491348e-01
9.336369793079885016e-01
9.307211014749127154e-01
9.297120310437361201e-01
9.264833227673340277e-01
9.252232852253595707e-01
9.216092351219797862e-01
9.198227667215563841e-01
9.156779695424793752e-01
9.170366730297528912e-01
9.094084753931283016e-01
9.043859732499026638e-01
9.035826421138090092e-01
8.982373814885526997e-01
8.988824431621255107e-01
8.926293850492934556e-01
8.868295758531323791e-01
8.847309240496825655e-01
8.782724929840733941e-01
8.768352516429958055e-01
8.698725340544688489e-01
8.687865764954384451e-01
8.614015693730125989e-01
8.592900112026494730e-01
8.512285770190445300e-01
8.455098084654298907e-01
8.389660020433074017e-01
8.412927470199611513e-01
8.349589191276007849e-01
8.301900558629736748e-01
8.262800775632981320e-01
8.236536093957731453e-01
8.236123136934899724e-01
8.214317004684315027e-01
8.200222397240045646e-01
8.181417873689962317e-01
8.181546984756067342e-01
8.170429070731914933e-01
8.163496719761154097e-01
8.165953284949782898e-01
8.155957669418227862e-01
8.152793497874328832e-01
8.149058802937911850e-01
8.146828871894900015e-01
8.148146525099042581e-01
8.146038008063780644e-01
8.144838807978946882e-01
8.144185720453896993e-01
8.142992454366544397e-01
8.144755767580009742e-01
8.143162495537363821e-01
8.140643893282992760e-01
8.139595676047854944e-01
8.139074710487144149e-01
8.138363125268154308e-01
8.138929506752888843e-01
8.138477921683147098e-01
8.138354452346107104e-01
8.138354452346107104e-01
8.138354452346107104e-01
8.138354452346107104e-01
8.138354452346107104e-01
8.138354452346107104e-01
8.138354452346107104e-01
8.138354452346107104e-01
8.138354452346107104e-01
8.138354452346107104e-01
8.138354452346107104e-01
8.138354452346107104e-01
8.138354452346107104e-01
8.138354452346107104e-01
8.138354452346107104e-01
8.138354452346107104e-01
8.138354452346107104e-01
8.138354452346107104e-01
8.138354452346107104e-01
8.138354452346107104e-01
8.138354452346107104e-01
