5.936875247790295296e-01
5.491353923167148210e-01
6.079169320790311914e-01
5.301090558294682120e-01
4.813788225431114842e-01
4.192796022387292876e-01
3.097415058798544951e-01
2.239853519402335014e-01
6.338609999958311203e-02
4.721693860268660892e-02
3.646704917321974548e-02
1.545717064253122608e-01
3.269349005783106499e-02
3.881247087561675579e-01
6.767771300206604224e-02
3.460063925995071621e-02
6.801777421960486514e-02
1.473906812754554041e-01
7.224120421747892706e-02
3.365214474001154699e-02
7.207424803798478941e-02
4.346781917294828546e-02
9.366727005113428817e-04
2.169981276198496012e-03
4.419917004690854245e-02
1.669522956415292470e-02
2.190371171459781774e-02
7.843976530315766027e-03
1.147460691633961360e-02
3.212868375642496943e-03
6.448813587995205765e-03
8.469398857073873188e-04
2.059827669129266070e-03
1.011879133277382437e-03
1.103049054018923059e-03
4.855215424921510703e-04
2.254063466398115168e-03
1.332278939332187662e-04
4.972196600333544936e-04
1.600105498115178548e-04
7.810683930323802926e-04
1.697498805595110127e-04
4.635457729489367296e-04
1.164487994720353470e-05
