6.360197177307645999e-01
6.061521402642737755e-01
6.550498179166869273e-01
5.764789224726485362e-01
5.199489793427145568e-01
4.702003417047248002e-01
3.563626696347195200e-01
2.338500241346436193e-01
4.426181599384426679e-02
5.522766207909390879e-02
1.769984572088678654e-02
3.472745820986787857e-01
7.566881104011735637e-02
6.644169364743812700e-02
7.362897111913535575e-02
7.417419069838970813e-02
5.719369517665162661e-02
1.015732680927441400e-01
7.202675986354400983e-02
1.968543751240081630e-02
8.817842715871870851e-02
3.297215658079077905e-02
4.076200819626651928e-02
1.752828177971710311e-02
4.646565390127932460e-02
4.315390156839349345e-05
2.393217369984768084e-04
1.979368182891483308e-02
8.950128265559742502e-03
9.728111072007217253e-03
4.467673227929402913e-03
4.873604590248770130e-03
2.179001265163016399e-03
2.491907442541241302e-03
1.022919484382267541e-03
1.312568595232654900e-03
4.419567297415660789e-04
7.257915258157554561e-04
1.507467201879997276e-04
3.454094996173662224e-04
9.250735957244682339e-05
2.865400205850354709e-04
4.155203534761398032e-05
9.057794740230384889e-05
4.496479875548686778e-05
4.657786095041416274e-05
2.211867797075051101e-05
1.067137346624225103e-04
5.626824794546791964e-06
2.524282276616940379e-05
8.475033206556403798e-06
