4.785086816692400991e-01
4.608267046812003498e-01
4.787664772017969916e-01
4.607740136690351429e-01
4.513592697336110682e-01
4.312446406657849396e-01
4.042528372981377682e-01
3.938201771343187163e-01
3.566538071922571440e-01
2.999084607705893024e-01
2.153455889938459267e-01
1.658343363163381490e-01
6.144643921618986315e-02
1.286243438887124668e-02
2.101278021013264219e-02
5.537332415358919846e-03
1.647955562271185004e-01
7.833079578524826392e-02
3.347637743389419995e-03
1.445315369903465985e-02
2.043374755678040167e-02
2.323193475455731516e-02
8.479611730999758734e-03
4.150173005075141752e-02
1.863765640640857590e-02
1.425643586801561558e-02
3.206491495466701203e-03
9.849742180381482193e-03
4.552260847684452827e-03
4.621703588739589641e-03
2.422034228537706113e-03
4.268998845705307410e-03
1.555067365653695077e-03
6.641130236463732572e-03
5.402624415768997324e-04
1.463016315249254795e-03
3.689126306256396148e-03
2.947311952028464077e-04
1.185449147779626955e-03
5.367213303242301947e-04
1.353220834984680820e-03
5.983356979821774502e-05
3.048087618809924848e-04
9.305117811719831877e-05
4.504790489441301560e-04
1.095119727341220539e-04
2.630935511053200671e-04
1.663140144891883665e-05
1.663140144891883665e-05
8.666244830924041409e-03
5.322982776559070928e-03
4.114722370196943757e-03
1.051957923362800695e-02
1.807769183278074010e-03
5.465466182926759231e-03
1.535707103545225216e-03
3.452587715912946997e-03
5.447757333378877576e-04
2.032079420955401616e-03
6.185918570661419480e-04
1.165347054788989922e-03
1.663120387884742257e-04
7.031376192859761787e-04
2.362352452016658333e-04
3.877229895701272966e-04
8.110505216740726553e-05
2.628108781494997714e-04
5.849319902895278034e-05
1.232081168479615130e-04
3.018349631145333944e-05
1.050505968926973566e-04
1.747530964879562276e-05
3.108553027142413328e-05
1.491731360903081338e-05
4.894913025954572561e-05
8.229844441487443873e-07
2.704163089894962013e-06
1.842693198228495532e-05
6.592830698259888322e-06
1.007928726126650076e-05
2.427696131013235004e-06
4.194522842393411111e-06
9.335280219957553527e-07
4.169156115896299752e-06
7.794216423384625614e-07
7.794216423384625614e-07
5.513241947217473182e-03
1.037026401631890860e-02
1.287563237780497971e-02
3.373765079157431401e-03
9.983494381136326368e-03
2.073480559386720046e-03
5.087354404268662478e-03
1.114746406442490567e-03
3.328698026985765779e-03
7.784009758842191928e-04
1.851549657794215875e-03
3.560058291539602848e-04
1.152376411815647650e-03
3.030244868980069839e-04
6.550598059162915376e-04
1.012348289065601037e-04
4.061401013006893379e-04
1.267748047812933265e-04
2.278079067091764998e-04
3.838946716250291047e-05
1.400444437473780113e-04
4.076492207960580316e-05
7.987464208403238786e-05
1.056751340910988546e-05
4.825316859768946642e-05
1.676391210181371605e-05
2.655740638279890931e-05
5.942358414889881146e-06
1.726626812437181968e-05
3.596980312825515114e-06
