9.753328061254639136e-01
9.736959322842843045e-01
9.746395292446894398e-01
9.743229102488694116e-01
9.759706891689675645e-01
9.767108136279033515e-01
9.753875981041679744e-01
9.740714967376213895e-01
9.753203090927345942e-01
9.729061774996469181e-01
9.724083341895454202e-01
9.727895690649047689e-01
9.727430924331387230e-01
9.721314457941192533e-01
9.717165702812188277e-01
9.712125218061804510e-01
9.706758294119913755e-01
9.709229964561694182e-01
9.703810210333849717e-01
9.698667854036664426e-01
9.695653782457793746e-01
9.689754157438447146e-01
9.687449765097345677e-01
9.680939162112399687e-01
9.685198446729705868e-01
9.674627895757789142e-01
9.667674300729190984e-01
9.663626644039575719e-01
9.655634785258759845e-01
9.655170124762832984e-01
9.646963669560527643e-01
9.647727889507188292e-01
9.634838553955883400e-01
9.625261482067322127e-01
9.624707742368457941e-01
9.614876582749033451e-01
9.614989832553204607e-01
9.601493077558029832e-01
9.590307494815834000e-01
9.582293779269904777e-01
9.568999537191791305e-01
9.571451496867543485e-01
9.562691472705064921e-01
9.550260377770627418e-01
9.545919584352777765e-01
9.532257416824753138e-01
9.516040376608455587e-01
9.498194049085421087e-01
9.507724100048000615e-01
9.490766636081455765e-01
9.474014165094196693e-01
9.452725021629244662e-01
9.430428101841931143e-01
9.439202816974737731e-01
9.425604673719649718e-01
9.405861253280917156e-01
9.384446938663377757e-01
9.359079104198450016e-01
9.355466289422476045e-01
9.328717757796598509e-01
9.322027613886779696e-01
9.293085059067310860e-01
9.293504603489433080e-01
9.248834119443706259e-01
9.214268542678323293e-01
9.207616473098511056e-01
9.170632152598772180e-01
9.177393368458248712e-01
9.118303023381459926e-01
9.074823633728714700e-01
9.058151805424308201e-01
9.009534610815040923e-01
9.020975487234736967e-01
8.973275507745637203e-01
8.928392468677142091e-01
8.916260815389907002e-01
8.864252738459343917e-01
8.846787542838659979e-01
8.818400333997856722e-01
8.827535076999635244e-01
8.791785602541878353e-01
8.767248153224862506e-01
8.750034168649902799e-01
8.728643547989998197e-01
8.736089112204781237e-01
8.724720398762642048e-01
8.710462727226531143e-01
8.692607865110778542e-01
8.680707095589149658e-01
8.651025471312472348e-01
8.633436513815686553e-01
8.691509005056281545e-01
8.656616590587201676e-01
8.625487213448714829e-01
8.614344213464136812e-01
8.637141314875496079e-01
8.629017398327367694e-01
8.633320887187189152e-01
8.618388492743211948e-01
8.590865929029362080e-01
8.582298757820411295e-01
8.590581418252356549e-01
8.584788889342844787e-01
8.579740007863201345e-01
8.573666313672979600e-01
8.603100077223919673e-01
8.568246245017152596e-01
8.561991899505623227e-01
8.561794791103700675e-01
8.556321447519794621e-01
8.547386536049379480e-01
8.539845105822880811e-01
8.553921280936099825e-01
8.529181482541395853e-01
8.520835569674808374e-01
8.526110788584451150e-01
8.523062468691877669e-01
8.516095942881596326e-01
8.510829880130801328e-01
8.509199140476146894e-01
8.504023181880790982e-01
8.499371251578538011e-01
8.493132817994560879e-01
8.485174922556808497e-01
8.476936057658049917e-01
8.466169814458504028e-01
8.456672999744732078e-01
8.466962364509853511e-01
8.466448926524284824e-01
8.450903019535874749e-01
8.442979768439503596e-01
8.457225157581662600e-01
8.431931303071843464e-01
8.423549502863757477e-01
8.416397660610095421e-01
8.406485442787123841e-01
8.409505026336299149e-01
8.409567626161436049e-01
8.401304568450713717e-01
8.394098313047758664e-01
8.383448801089468105e-01
8.374452873982753953e-01
8.395875947012710894e-01
8.369858098218989628e-01
8.363813821694709993e-01
8.354202592306042563e-01
8.347493554504170632e-01
8.352093268394709114e-01
8.343140399354372905e-01
8.337221509259656882e-01
8.326874509876187602e-01
8.318635967627439065e-01
8.325782009323460242e-01
8.336740102619227821e-01
8.299972692836141697e-01
8.292155753088041870e-01
8.307670149125061521e-01
8.321704680210644245e-01
8.288730066512390859e-01
8.282960110499612005e-01
8.276094824697638463e-01
8.269496038000510030e-01
8.277759311569915512e-01
8.345703630513838789e-01
8.320673462251544361e-01
8.272471156178198282e-01
8.297989635771870764e-01
8.266109488178494669e-01
8.264209276776417479e-01
8.258846362805443153e-01
8.255206469069249486e-01
8.253077636899790459e-01
8.249314965146987699e-01
8.289850068075652612e-01
8.242591895281883296e-01
8.238565351650366519e-01
8.281736164201835004e-01
8.243904536891023538e-01
8.271518255983004719e-01
8.230185612332607814e-01
8.225806748703007321e-01
8.234860607004871325e-01
8.251953793217869926e-01
8.225893670692547843e-01
8.227308504469197370e-01
8.220092381658018477e-01
8.216964786653617736e-01
8.218953570379651241e-01
8.219440125553990617e-01
8.209370817357179995e-01
8.207786323768472281e-01
8.202881125110130789e-01
8.200078440323477214e-01
8.207463098961320647e-01
8.215815544810448623e-01
8.196394546958427618e-01
8.194283915625628634e-01
8.192698470423601664e-01
8.190367882204752092e-01
8.191689123940955053e-01
8.188586082585482817e-01
8.186615119757161274e-01
8.208898717731774042e-01
8.188901143270191918e-01
8.212888515579982451e-01
8.192386356404625092e-01
8.184996310858470014e-01
8.183648537131595901e-01
8.176155348613453056e-01
8.174783622695698249e-01
8.174585572081423113e-01
8.172293811309728762e-01
8.180789777580852462e-01
8.181124188524780960e-01
8.175665124396304106e-01
8.171726160248624637e-01
8.170037012160901169e-01
8.169127188999036893e-01
8.167433534982153631e-01
8.167209730755644603e-01
8.165720051125522350e-01
8.165187210182411892e-01
8.163561639586338625e-01
8.217160427604762729e-01
8.177433334784862673e-01
8.161290147408670759e-01
8.159375707405284173e-01
8.187216413440048246e-01
8.173932236453533839e-01
8.199350697518767994e-01
8.173183053035105727e-01
8.164756408290090306e-01
8.161250708359100159e-01
8.176861191355249137e-01
8.170489957947832949e-01
8.160578694445834724e-01
8.158572797205290161e-01
8.166081172938126631e-01
8.221295223986806455e-01
8.167211595109977740e-01
8.158461211980353456e-01
8.157490196629639811e-01
8.158827784850626319e-01
8.181874612066446506e-01
8.163788200557158259e-01
8.157490196629639811e-01
8.157925388546831691e-01
8.156894657453430675e-01
8.157360954395792563e-01
8.156910019791721034e-01
8.157323554956009692e-01
8.156955911784867785e-01
8.157153426715217925e-01
8.157121770656656778e-01
8.156439333790995727e-01
8.156261555183416112e-01
8.156261555183416112e-01
8.156959068392168888e-01
8.155668228958460331e-01
8.156100958411531821e-01
8.155768287395090965e-01
8.156064272512935087e-01
8.156117203569848151e-01
8.155976015678076951e-01
8.155866153338729996e-01
8.154975498574466020e-01
8.154724232725725219e-01
