7.178147063857081012e-01
7.245820075102036295e-01
6.504610518644278194e-01
6.059618473038492770e-01
4.831393660000324886e-01
3.497895133515005472e-01
5.627814010844600645e-02
2.537411528492428126e-01
6.819708544824837348e-01
2.154123949915791592e-01
4.639210374097217926e-01
5.543207926450377521e-02
2.190597013564626883e-01
1.101602498025195942e-01
1.089317890754633034e-01
5.366172025884297092e-02
1.692687348217833954e-01
1.633410236063115306e-03
1.539280348647809049e-03
2.698220559863662160e-02
5.580086557085084387e-02
2.579272530218024162e-02
2.897450057522044098e-02
1.197276372125399835e-02
1.541534141679123948e-02
5.093413375395705600e-03
8.601200736648495493e-03
1.661643452742445071e-03
5.185733796714053767e-03
5.223436305912265709e-05
7.128364815032206536e-04
1.849471081861953081e-03
6.926096015977822873e-04
7.680339502211808167e-04
5.003410436144051232e-05
6.069714872540821204e-04
2.609951473794280830e-04
3.887708264984635065e-04
9.328485788062668149e-05
2.315950577431724611e-04
1.074786783816783498e-05
3.691119144925147921e-04
5.835149402777517480e-05
1.013928831306021294e-05
3.560552728476551465e-05
1.206654315205613059e-04
2.443660393303126455e-05
5.375593563605729486e-05
1.185971131123508826e-05
2.724369111251068176e-05
3.826232001680196504e-06
