4.785086816692400991e-01
4.683274058103853443e-01
4.643564308015919462e-01
4.533028189482047887e-01
4.393794720038097790e-01
4.344037001159226641e-01
4.151187716803549366e-01
3.853407541877924558e-01
3.389143268051291180e-01
3.078656330802622687e-01
2.330130133305761131e-01
1.501362098627722075e-01
3.900019989828262812e-02
9.755961389797507266e-03
2.980424080709409562e-02
2.951396289082774960e-02
1.154478659981478250e-01
1.045233736427553239e-02
1.272145889427942489e-01
1.448079067062058023e-02
4.048701617752270554e-02
1.841704653771203404e-02
1.010879846435841500e-02
1.829820782026270187e-02
1.012211090053549700e-02
1.311050901350530040e-03
8.898299551012289754e-04
4.865357076021648020e-03
1.036459852512161550e-02
5.788647692173798376e-03
4.288599712997887003e-03
1.506547524707357866e-03
3.534199033356832942e-03
1.805296403046829923e-04
6.153982561055704181e-04
1.726754865857826893e-03
2.521005210784910133e-04
6.774126689887971509e-04
2.877092157681504503e-04
3.586798103618615841e-04
1.249914134567875479e-04
5.632503365241570137e-04
5.058701107829577381e-05
1.036072687881084420e-04
2.782014517113129415e-04
2.361186917865243373e-05
7.845744047474401128e-05
3.223211961667082903e-05
1.064068258446182469e-04
1.139447808196081269e-05
1.963782086145116068e-05
5.478010847337344558e-05
3.999883392502567858e-06
1.260494178867421766e-05
4.392906605366064809e-06
1.974714585284420565e-05
3.619017688416548140e-06
3.915877643922982543e-06
1.159478923717927046e-05
9.872795758703034608e-08
