9.674566088432686728e-01
9.691681914611559590e-01
9.645526169681737372e-01
9.621241062078206285e-01
9.671478071282464395e-01
9.505622166802905060e-01
9.687143205577467553e-01
9.680947552960090796e-01
9.667596520917070002e-01
9.580102441551806569e-01
9.499093339500160882e-01
9.447997273513260019e-01
9.488737963222811933e-01
9.446682629803767606e-01
9.399106776926925422e-01
9.347430300634684830e-01
9.278531764292341499e-01
9.208328460610650801e-01
9.110251527323754983e-01
9.118225534599209148e-01
9.006273221127440998e-01
8.890581308388781911e-01
8.869449261744611901e-01
8.738694333746270804e-01
8.795192213503452150e-01
8.592974369065109475e-01
8.437544438676333192e-01
8.349435533931011122e-01
8.160520188536016795e-01
8.049715495575843205e-01
7.820101099598919525e-01
7.841553066662141358e-01
7.730913172152373836e-01
7.515206317713777340e-01
7.254159672400766201e-01
6.963842070226509140e-01
7.063764035955966136e-01
6.694812922319570703e-01
6.386520030382381030e-01
6.101501487329594742e-01
5.721307755735787204e-01
5.777716405887908246e-01
5.495193511895614114e-01
5.133573624791590850e-01
5.175319551921613304e-01
4.510365804173425142e-01
4.088272625963708107e-01
4.029084170950307797e-01
3.615919746829022730e-01
3.729618355786724626e-01
2.984388632676266973e-01
2.551072467122650345e-01
2.636449768023489959e-01
2.487392513775047442e-01
2.156474953055435018e-01
1.776033976527764402e-01
1.419187037806028950e-01
1.539967030246262025e-01
1.011610007930777710e-01
7.979813091418741511e-02
1.033280908717947311e-01
5.680062846823386025e-02
3.888476182382449853e-02
3.952227470616576088e-02
5.134132576404470960e-02
6.185539948560059287e-02
6.468091658048824577e-02
5.749177952470396757e-02
1.326396061570412899e-01
8.898253473566808402e-02
8.207171002709623409e-02
4.391985743465776082e-02
1.310991895664014306e-01
5.638993807907677347e-02
6.558531956101598670e-02
5.038845905204047959e-02
3.303363986968577137e-02
3.604737524259171710e-02
1.858467338861624629e-02
1.741145835797819341e-02
5.852314073480824330e-02
4.291561554905931608e-02
7.550044625733631776e-02
4.095772872352965166e-02
1.181844724435210381e-02
9.289001386144191130e-03
6.382659020508785197e-02
3.593598272324693976e-02
3.491157918439002916e-02
2.184300613064560359e-02
3.376015971870838239e-02
6.380274154873077919e-03
4.726828571058439010e-03
1.188964880296006221e-02
2.440380693057686567e-02
6.135681366796030822e-02
2.085837418142932886e-02
1.539506295391812607e-02
7.297888603780222638e-03
4.337029420901750143e-02
1.360894688610259085e-02
1.835289529757233584e-02
3.694355864714782278e-03
5.006210071971217701e-03
2.078659886044065264e-02
1.121904250193850316e-02
1.813093719766500911e-02
1.082566058839851131e-02
7.526687277501942219e-03
1.696454490043430852e-02
8.292856146694949082e-03
9.759200061315476127e-03
2.259542582708495839e-02
6.483533116461659418e-03
4.708931201328203642e-03
1.007563264226796207e-02
6.328303284465985890e-03
8.123859098353003461e-03
7.920677729786551602e-03
7.781508284700811018e-03
9.508581005325700275e-03
5.217898512663410315e-03
7.800459711897911319e-03
5.289341688522020135e-03
1.144848476849957830e-02
4.835808396496887873e-03
7.973681671672450122e-03
5.050721152064063801e-03
6.986779475418369856e-03
4.653663468329294339e-03
8.850820715783469517e-03
4.394440739077909441e-03
5.406311863546009455e-03
4.119013475993638096e-03
5.707216678231152862e-03
4.046890566086758234e-03
5.744221809242833210e-03
3.964976817965260025e-03
6.109634916203865451e-03
3.802716530994176836e-03
5.631674283148924154e-03
3.797203944733262837e-03
5.233054373274148574e-03
3.814799130872903454e-03
4.901134854543909292e-03
3.809288914996433739e-03
5.464748191099100261e-03
3.614262616814967188e-03
4.182170309580568457e-03
3.572362628350922442e-03
4.213529271850036118e-03
3.527063009770015078e-03
4.281708024192920625e-03
3.479301693474989854e-03
4.143926103513217996e-03
3.405308572569487602e-03
4.096296848437708249e-03
3.406187641804447885e-03
4.138227207727052104e-03
3.397436914434504018e-03
4.061180776852357788e-03
3.403572020235667850e-03
4.230579204399842475e-03
3.331852333916751618e-03
4.106022802614628375e-03
3.298714105585021095e-03
3.543239159449873554e-03
3.304698687610407859e-03
3.557968096452368556e-03
3.294934775376123781e-03
3.820730553541817898e-03
3.247465925444337209e-03
3.845970726955583174e-03
3.205692380924496376e-03
3.407909590604107919e-03
3.243342732117682203e-03
3.740319499289102012e-03
3.214602623755946631e-03
3.459582142068540200e-03
3.234814200659741346e-03
3.288619106045387319e-03
3.451339474750403369e-03
3.181917298408554196e-03
3.550489620398833424e-03
3.170628122116436742e-03
3.251879516417810478e-03
3.307113004388906319e-03
3.183746931374464850e-03
3.282042378892180423e-03
3.165260742195474819e-03
3.382997522912600807e-03
3.154399976110888737e-03
3.343760746385759930e-03
3.155623524613848652e-03
3.290261576739283989e-03
3.155453184646495046e-03
3.200193452983279840e-03
3.269942099461853324e-03
3.140274490030181553e-03
3.211485148660098154e-03
3.142001511256320434e-03
3.213450936608408526e-03
3.132634963359803848e-03
3.218208707964631543e-03
3.131225369406798187e-03
3.214113332065560158e-03
3.125272845617255157e-03
3.254302500723227354e-03
3.119253597818616441e-03
3.116647039661524232e-03
3.137497950901235733e-03
3.198179095931119598e-03
3.116418327852699122e-03
3.183414103291593023e-03
3.117203357079212367e-03
3.184537122643993357e-03
3.110240779366502117e-03
3.153712238768369147e-03
3.111990753856486158e-03
3.125707902859709009e-03
3.152406968511489715e-03
3.106654056423074906e-03
3.137192839420710477e-03
3.104881180565066678e-03
3.095150156475101610e-03
3.104753683925487451e-03
3.109246881882410385e-03
3.112998713786452321e-03
3.167014878855622939e-03
3.094831522771457344e-03
3.107260766634922788e-03
3.153101230871979688e-03
3.093681392600688973e-03
3.113058732391871253e-03
3.096581828192168651e-03
3.078698325004070036e-03
3.082212799647154888e-03
3.112949616478011272e-03
3.093122870747810893e-03
3.125273035856634962e-03
3.090978076137340658e-03
3.099416207116290067e-03
3.137386131791153332e-03
3.088289616937522908e-03
3.103310359014455067e-03
3.088235055592525313e-03
3.073994362741250264e-03
3.075479345795106845e-03
3.099845064030271047e-03
3.084801171495010763e-03
3.089594812637486143e-03
3.093816102606061769e-03
3.084133671011013433e-03
3.083099689493051798e-03
3.097407321050016371e-03
3.081715875315471642e-03
3.111149875721808122e-03
3.079828084299185420e-03
3.080761836498746575e-03
3.080712507618432738e-03
3.081694131756407273e-03
3.065900975923741001e-03
3.065462873882762729e-03
3.081960815851769731e-03
3.075695790845101030e-03
3.070847138714083435e-03
3.079314016753209593e-03
3.085329659529789659e-03
3.074045163100280753e-03
3.076583526581133654e-03
3.074236068650426645e-03
3.076510411626598440e-03
3.061292432608664349e-03
3.061102837657370124e-03
3.074458107889865843e-03
3.073800568960560753e-03
3.068216928605038696e-03
3.080176333274065037e-03
3.068382732021035508e-03
3.075150247804803172e-03
3.068676790886959438e-03
3.065697521327237496e-03
3.057186379180176772e-03
3.057099034417642969e-03
3.078024070099161236e-03
3.066576072274340703e-03
3.065051603093005284e-03
3.059062863381867281e-03
3.065100107081386582e-03
3.075572094754397412e-03
3.062600145165017551e-03
3.054631689449194276e-03
3.054518770776781800e-03
3.086413184409053656e-03
3.059571235832225788e-03
3.049829198174980327e-03
3.048385098945227689e-03
3.060384315729969273e-03
3.059322206558801049e-03
3.052099073595049283e-03
3.052181441867141132e-03
3.048569960625302500e-03
3.045884924613773137e-03
3.045563252492500261e-03
3.058819004019053267e-03
3.048603919106995797e-03
3.055280073899657722e-03
3.044763996756794100e-03
3.045437415999607822e-03
3.050637365108244126e-03
3.042408962864562305e-03
3.042765814021852755e-03
3.055459551557504483e-03
3.047811748974948998e-03
3.045869874625739548e-03
3.047152751349591071e-03
3.049406698699463902e-03
3.045771444981859588e-03
3.041284753452111467e-03
3.041479776003219726e-03
3.037701425808947420e-03
3.036966380237648977e-03
3.037289684151733837e-03
3.041031700053431486e-03
3.040782641895001248e-03
3.038101004528726001e-03
3.038584808918831648e-03
3.033506102276595229e-03
3.033541447336918218e-03
3.035420764472940292e-03
3.031847463878079019e-03
3.031746877460994583e-03
3.039647085422703121e-03
3.030954019572207336e-03
3.031179073746503860e-03
3.039903217576744865e-03
3.035958107551417484e-03
3.033921244934179029e-03
3.036123429915660310e-03
3.027477528780631033e-03
3.026782634900415658e-03
3.029103588328085905e-03
3.034738074440546107e-03
3.034131536096773551e-03
3.033782174473254045e-03
3.037991520011495972e-03
3.031607611057807183e-03
3.031882106220518125e-03
3.029909757510274027e-03
3.037897449134852046e-03
3.030726911860903705e-03
3.026773025443407761e-03
3.026962558438706097e-03
3.027437214136452504e-03
3.026041396425926955e-03
3.026326079478169895e-03
3.025739321963261119e-03
3.026244744042450030e-03
3.026766803710612130e-03
3.029921082954745160e-03
3.027554775225871353e-03
3.025861253069250800e-03
3.024962085859783656e-03
3.025646500084633317e-03
3.024962085859783656e-03
3.735508826312572417e-03
8.214224390409641252e-03
5.228078030315441715e-03
5.242217139775684487e-03
5.851048536747338602e-03
4.078449821767637928e-03
4.641245965440465859e-03
3.991736883953045378e-03
8.764744796510015590e-03
5.427100823101826954e-03
7.668692130526233441e-03
4.213547102569270564e-03
5.563558408359425833e-03
4.143006090771006455e-03
6.825234203953978174e-03
3.935767159549241612e-03
5.493751214379449799e-03
4.037042368842613804e-03
5.727920201057390415e-03
3.691098147766913584e-03
5.394509373416345177e-03
3.488705415193860127e-03
4.159167074483050008e-03
3.550417512994674674e-03
4.110939574714422839e-03
3.513775075732250563e-03
4.170509901265440078e-03
3.484993023895599507e-03
4.346338220174161826e-03
3.439630567228735281e-03
4.513537764540997976e-03
3.398943642014873312e-03
4.285431715833731836e-03
3.305859089092755276e-03
4.183673664793774449e-03
3.294271729611386590e-03
3.535643210836880712e-03
3.260248487397365835e-03
3.759406734794135119e-03
3.229537081201883097e-03
3.782501714563846207e-03
3.215252433600546134e-03
3.921633575952543360e-03
3.201987776757841964e-03
3.722958504490447851e-03
3.193585302200374620e-03
3.728660373582104448e-03
3.172630816941302001e-03
3.282511070701210620e-03
3.295001387612628285e-03
3.150591941923908124e-03
3.280725267256756617e-03
3.142765678301406851e-03
3.234736683690675463e-03
3.117219459507047929e-03
3.243394183482850579e-03
3.115023244459669272e-03
3.408778320345806634e-03
3.093612795031508433e-03
3.218536701580787529e-03
3.102269432369353375e-03
3.236969009159262889e-03
3.095391075628728395e-03
3.332567773050021387e-03
3.076224417084882923e-03
3.195490286939439706e-03
3.075845044500757908e-03
3.260605039126174276e-03
3.065994452980502771e-03
3.123061339752930543e-03
3.063808893583153115e-03
3.105743066988631007e-03
3.057356409056355417e-03
3.159777247046857696e-03
3.051575949753471129e-03
3.199872250017277153e-03
3.044588615898957684e-03
3.092505243477483567e-03
3.052095494523787700e-03
3.150394904307574073e-03
3.038433366101767064e-03
3.090794622903736411e-03
3.043354066049164253e-03
3.104441475733632494e-03
3.036757310790227926e-03
3.074042468091731095e-03
3.038193925101184689e-03
3.114972515633862571e-03
3.031267156942019092e-03
3.037854947918749993e-03
3.068304200523841452e-03
3.031339052145032298e-03
3.080470975618587737e-03
3.026508430152619056e-03
3.063212381765212378e-03
3.027428685028810129e-03
3.046702018147717794e-03
3.026138728617011608e-03
3.057167735047938706e-03
3.025146267739420303e-03
3.042957210656727085e-03
3.026187906300714658e-03
3.035075181606838868e-03
3.025032532060434320e-03
3.028304632184952716e-03
3.031748514532250915e-03
3.023118249719569661e-03
3.033005761355789254e-03
3.021341461574067466e-03
3.034502068315236833e-03
3.020736734093754094e-03
3.045790584721652650e-03
3.019324058478933814e-03
3.027234158351599369e-03
3.020772765196078069e-03
3.032322807655862817e-03
3.020305558522284883e-03
3.029571529055474777e-03
3.019997209067981636e-03
3.035544772099663113e-03
3.019456020784461181e-03
3.015059783622708878e-03
3.016262681837744708e-03
3.016427925269238308e-03
3.021895350484582465e-03
3.017604216887348478e-03
3.018657173572081298e-03
3.020248757364063508e-03
3.024810655805176829e-03
3.016627643346092569e-03
3.020936990235756348e-03
3.016921554498619429e-03
3.010695679596886443e-03
3.010541327955085222e-03
3.011734554888678694e-03
3.018197388738652620e-03
3.029060631965063699e-03
3.014236618823717961e-03
3.018104086782047446e-03
3.014864957872620543e-03
3.011606498545038590e-03
3.013945262605011166e-03
3.011406304190944461e-03
3.009431532026152212e-03
3.010196907577866732e-03
3.023640910324032482e-03
3.011482463612602523e-03
3.007251158339330210e-03
3.007283843621033625e-03
3.010420577001737819e-03
3.006410734834874532e-03
3.006674091050598463e-03
3.004437944012283701e-03
3.004008485489984004e-03
3.016375941859550380e-03
3.008620697755870488e-03
3.004509064961635723e-03
3.013537649530606544e-03
3.008346173619336206e-03
3.001071325441473370e-03
3.000079799978405681e-03
3.008478037836326280e-03
3.006373087187541593e-03
3.000277666350359418e-03
3.005080803713089388e-03
3.001798883900730353e-03
2.999537434015264736e-03
2.999482373172490668e-03
2.998051796893164145e-03
2.997818850140498981e-03
3.003096579364594731e-03
2.999660871967901876e-03
2.997730250369867733e-03
2.998149832429741757e-03
2.992416984054280249e-03
2.991160968096040484e-03
3.004105965892289731e-03
2.999796818206945659e-03
2.997233101475371697e-03
2.993512877366932834e-03
2.991954729743562247e-03
3.000729104363442090e-03
2.997097947512905591e-03
2.991223075168636392e-03
2.990594631658960445e-03
2.990397677055667280e-03
2.990423338390058028e-03
2.991506581100256135e-03
2.990230652196723682e-03
2.990951716537404437e-03
2.983672656563851611e-03
2.982332570496737389e-03
2.988075116916011353e-03
2.990513896761859414e-03
2.992334149598985249e-03
2.989620116693125773e-03
2.984895519599239933e-03
2.983891416377670858e-03
2.986364585566558816e-03
2.986697516105696337e-03
2.980445264118780635e-03
2.979356104788277726e-03
2.983432942068819926e-03
2.977815204368239321e-03
2.976719359017665489e-03
2.977500662360910155e-03
2.980167716645443221e-03
2.975435012627092313e-03
2.974736851155901363e-03
2.974219146714141004e-03
2.973554141806666884e-03
2.974977012355384254e-03
2.976600321519362602e-03
2.969396213455821609e-03
2.968167360244522435e-03
2.970688000320964584e-03
2.966949628900539260e-03
2.965745398485930551e-03
2.966664471737323616e-03
2.965183481119182396e-03
2.964373162054667610e-03
2.968608365304659102e-03
2.966097322061211905e-03
2.963041228467688804e-03
2.962926602397608633e-03
2.959882137982372541e-03
2.959167064930490199e-03
2.958343216179049051e-03
2.957463882787836340e-03
2.965710191247472594e-03
2.957139763796745591e-03
2.956382996990525314e-03
2.956254265024549355e-03
2.955655938419621265e-03
2.963283686612583345e-03
2.954817137169829522e-03
2.954407973213890592e-03
2.959349004901357105e-03
2.953044054683662267e-03
2.952881010316654731e-03
2.956373713336568620e-03
2.950856570065440998e-03
2.950819547195782100e-03
2.959732834281303404e-03
2.956184126270633428e-03
2.955002129397366062e-03
2.952872327536493202e-03
2.950745635730833705e-03
2.950844095360283248e-03
2.959042982003889932e-03
2.953737769722408757e-03
2.952160947931603552e-03
2.952681360363973440e-03
2.953418691480358405e-03
2.955825729237249178e-03
2.952426055634616020e-03
2.954400972690840455e-03
2.952164433487891593e-03
2.950745635730833705e-03
6.378951508731689479e-03
7.847437917996802348e-03
4.468222196226112608e-03
6.331304581809527043e-03
5.426359436693672933e-03
3.991911865193209508e-03
3.538798176992985489e-03
3.034846853999240146e-03
1.170642076357886197e-02
5.139949321102732505e-03
5.337231719338642044e-03
6.385502806412035604e-03
4.686287897932350788e-03
3.772516887346144543e-03
5.164526809921521355e-03
4.000271032532642934e-03
6.452774908419778299e-03
3.897191407861266832e-03
4.173974824144721651e-03
5.440662877981283785e-03
3.577607700783080880e-03
4.651807283197473275e-03
3.482654460194356538e-03
4.332826270525891310e-03
3.414922790891061766e-03
4.423824173494406153e-03
3.403500199814057936e-03
4.448768890642051943e-03
3.347639173845173843e-03
3.963029873268242298e-03
3.319974979918094427e-03
4.101782755353333698e-03
3.200631430440359360e-03
3.788146602750841474e-03
3.208930719837965739e-03
3.627650430248041680e-03
3.188813822461278313e-03
3.583699237777571156e-03
3.155096941613200201e-03
3.582526607098346361e-03
3.149106361925335662e-03
3.625829195420759987e-03
3.114252645494697269e-03
3.340734594374450417e-03
3.123062183806091241e-03
3.361301665538607431e-03
3.060207237259748858e-03
3.443296370601478529e-03
3.048502984386969317e-03
3.204282156907822809e-03
3.062547418367977947e-03
3.252209276626505385e-03
3.039641036326590218e-03
3.231155368150995244e-03
3.038254699519016278e-03
3.096969328284404632e-03
3.199011764806858338e-03
3.020124741995089401e-03
3.128605144905094448e-03
3.016460813194177248e-03
3.163389358979085131e-03
2.994432980566896774e-03
3.058733903418597855e-03
3.000919596567452885e-03
3.063077464649732740e-03
2.994792248034339188e-03
3.125108472903148638e-03
2.984719892285436771e-03
3.133730363765074856e-03
2.983622501920746295e-03
3.067410443602147652e-03
2.987202839484837114e-03
3.006371474004954081e-03
3.091828260022966290e-03
2.974669691739761923e-03
3.017210757062516180e-03
2.975541899500444565e-03
3.018894877872990712e-03
2.972292556123634633e-03
3.046920795182983532e-03
2.966622648565397924e-03
2.990216765338393756e-03
2.968409374104918896e-03
3.029217608887857516e-03
2.963684601236193927e-03
2.973789746818833457e-03
3.001962597723895065e-03
2.963618425075642548e-03
3.002265797752201593e-03
2.959201673325861925e-03
2.991120333996954983e-03
2.959736172894689155e-03
2.973188860468933825e-03
2.960329334240618948e-03
2.994240105867129742e-03
2.958090322890294388e-03
2.970629528120660723e-03
2.957980706401186488e-03
2.983651918205931786e-03
2.955893139025000949e-03
2.980654824772166478e-03
2.954563483787642220e-03
2.957784091575654806e-03
2.966971752434099940e-03
2.953608877848457048e-03
2.962541550356467823e-03
2.953653660567434613e-03
2.971589399334617632e-03
2.952612814489663506e-03
2.958765320881462380e-03
2.953098534799414310e-03
2.963040845601283557e-03
2.952667172936962459e-03
2.959830301610844039e-03
2.952827224891430014e-03
2.954654229570197188e-03
2.951342026554448772e-03
2.958598837164205797e-03
2.951056465863133305e-03
