7.546517695374653778e-01
7.340597579085479385e-01
7.608990006584753774e-01
7.252888871073929211e-01
7.014125268716441264e-01
6.678297484069598555e-01
6.067819904630904482e-01
5.601461896264056106e-01
4.622556957024434032e-01
3.784971104123779906e-01
3.413730700056836209e-01
4.184597261208402585e-01
6.827613421590627008e-01
3.464856859468046224e-01
4.309877658014189539e-01
3.570172580757913217e-01
3.635986061165059624e-01
3.413756811057115925e-01
3.864742652276930146e-01
3.374020733066273037e-01
3.364900801532079155e-01
3.379384988321993966e-01
3.455973474518300170e-01
3.375280814799505036e-01
