5.675045351468719357e-01
5.718177114043171416e-01
5.667854540339800629e-01
5.665112076128857588e-01
5.642900545097098153e-01
5.679969903718307123e-01
5.686051535584963901e-01
5.646171606149102962e-01
5.672474014787427521e-01
5.607632096077761474e-01
5.591203514246398942e-01
5.623055552070626018e-01
5.615112859325599448e-01
5.601954491011207349e-01
5.584212642955110883e-01
5.570730225948790082e-01
5.575398871736154671e-01
5.548241833337715923e-01
5.531936943901667458e-01
5.535354966961607559e-01
5.506517841479309228e-01
5.485662144607750257e-01
5.503784563917590855e-01
5.483392810763086933e-01
5.465773043663129105e-01
5.465775907992640459e-01
5.440908051411841306e-01
5.420719817819811270e-01
5.381786949592178848e-01
5.347104040611948550e-01
5.371915069574493273e-01
5.364243982209991879e-01
5.317527210807795335e-01
5.287838341721109447e-01
5.293067136375679826e-01
5.273024765228762067e-01
5.246330286396686526e-01
5.217253316212722147e-01
5.180978902190076507e-01
5.143010835201200504e-01
5.097019099740769388e-01
5.109711757264099319e-01
5.092468365934345043e-01
5.051855914948193416e-01
5.020848962702584295e-01
4.972200714865337989e-01
4.988417125400906871e-01
4.934149423693355851e-01
4.887056948127562750e-01
4.830365945144954321e-01
4.769631141798836849e-01
4.725457694205295045e-01
4.650213967211557220e-01
4.701333330863409765e-01
4.672435712879970948e-01
4.577176314012655345e-01
4.514504221065182010e-01
4.525407052743332104e-01
4.378261478475200530e-01
4.290033037866169963e-01
4.323226144620837541e-01
4.226950309005060857e-01
4.150838388297550807e-01
4.194978389639411054e-01
4.129132836201607759e-01
4.063395067106532199e-01
4.015876237347305588e-01
3.944549901049231311e-01
3.989355772158169611e-01
3.799589137624485025e-01
3.708250409070520393e-01
3.691732790606250258e-01
3.614840618701107289e-01
3.625178684957173214e-01
3.772739097290297439e-01
3.575312576251299390e-01
3.529654276683862335e-01
3.515179496610201237e-01
3.485493774236350095e-01
3.498799324897278185e-01
3.230829671502410960e-01
3.142434615599125625e-01
3.337160739835591805e-01
3.091877555545109457e-01
3.001950673135954650e-01
3.359412551200915420e-01
3.425607851888222699e-01
3.299828138210716411e-01
3.167742096541323882e-01
2.993767720041404790e-01
2.945027870360044098e-01
2.949006217471868974e-01
2.807267775843808044e-01
2.743699498871090547e-01
2.669064300872313611e-01
2.584552470148195891e-01
2.491252778784805999e-01
2.386074591125633138e-01
2.474567046276808790e-01
2.482100730708073355e-01
2.194335899660654343e-01
2.099616905003131029e-01
2.347118190898505041e-01
2.153185642518720133e-01
1.925010950940320154e-01
1.849183965579337396e-01
1.720381783972687595e-01
1.602538456367015307e-01
1.630686199895765576e-01
1.723066841478588795e-01
1.491948470935932081e-01
1.408273103537535098e-01
1.213116333357383558e-01
1.088428095380223892e-01
1.274035054794639965e-01
1.146119999672527978e-01
8.212617157357782194e-02
7.141143342595868138e-02
1.067479360936504085e-01
7.334928942117635575e-02
6.119640019790251184e-02
5.183361802893438064e-02
3.991507740895805512e-02
3.057384768487447779e-02
3.915782030937986491e-02
5.171163408995393951e-02
2.452390991679387344e-02
1.881659656317979934e-02
1.285933756407564577e-02
7.809369364008666992e-03
1.328214558805562717e-02
3.634549209586501739e-03
1.275358176280105837e-03
6.519398752195537661e-03
4.154497702457682351e-05
1.243020583504450549e-03
1.536232276221127790e-02
7.817388006558290137e-03
1.454890862065782997e-02
1.535483728092057465e-02
1.191561840452393106e-02
1.937492099268256496e-02
7.687131298556693082e-03
2.639736199616160572e-02
6.254664160550205132e-03
2.231079697351034952e-02
3.993374869320387432e-03
1.069409769858864490e-02
4.110942434815800794e-03
7.079543053416292864e-03
8.269456797878715903e-03
3.469321266036273776e-03
1.642610445362846505e-02
3.192033065251842494e-03
7.242806456732031606e-03
3.395874030941326005e-03
1.418747500458605870e-02
2.705077627739527202e-03
1.139144113295886829e-02
2.693870264002584669e-03
3.936960631670483046e-03
4.116401385829804305e-03
1.728444112214622130e-03
3.583703147825856306e-03
1.539500705948992909e-03
3.254963695054513551e-03
5.638674331020387953e-03
1.471762801481868443e-03
3.021416399375587147e-03
7.044882287879250526e-03
1.262869800784383045e-03
2.820990041376925106e-03
1.431880547065667031e-03
6.885807936035326371e-03
9.693840052249491634e-04
2.814759985605319592e-03
1.320611644174185528e-03
1.992619697800623868e-03
8.014596381344940568e-04
8.462681136848226870e-04
2.613263592698755744e-03
6.091904687685056885e-04
2.011297284843616140e-03
6.516092838504405904e-04
1.977841042412831207e-03
5.714409595730662872e-04
2.261900839584329859e-03
5.525471227626477244e-04
1.762945290227913020e-03
5.755299021152904260e-04
1.291569778549050973e-03
4.282414604516171508e-04
1.385483319642610844e-03
3.732629317590996365e-04
1.272629441222083990e-03
3.373175159453456473e-04
9.063904422536017691e-04
2.960876248823129941e-04
1.142047799596257462e-03
2.463979697422402637e-04
7.353867235808664304e-04
2.705954752925121554e-04
9.116782137770229610e-04
2.425721723278151387e-04
8.507574643203952292e-04
2.393430624219039515e-04
5.453913464398274513e-04
1.917440449150653592e-04
5.222909446489509833e-04
1.607302010666611380e-04
6.102910133715111485e-04
1.366509317436426230e-04
3.917990646825630918e-04
1.362696779363403721e-04
3.398916062340440192e-04
1.267605989744291506e-04
4.744134562643109732e-04
9.771217474885407483e-05
3.700449803528682580e-04
1.043154022272174686e-04
3.889033064984337429e-04
1.032659210685737960e-04
2.293339893069124003e-04
8.813726111367436999e-05
2.079818219432594262e-04
7.151223218193614173e-05
2.880018817517093765e-04
5.212309832880457350e-05
1.689287098269875997e-04
6.342973563600029507e-05
1.272527260104405755e-04
6.018203212609929409e-05
1.534424101365949866e-04
4.547647313801750357e-05
1.710862675351476625e-04
4.429592037513696567e-05
2.263465436470601944e-04
3.595958502389251521e-05
9.655371879913055011e-05
4.233252978347312734e-05
8.283893481275672599e-05
3.386527759563495721e-05
7.153522924074895428e-05
2.980144385866800860e-05
5.162881159181953450e-05
8.285697019194682156e-05
2.221165994420459810e-05
6.787367416571932210e-05
2.383810263073549152e-05
9.220840617352177304e-05
1.757108457212108732e-05
4.808724569949074379e-05
2.174364444296195131e-05
4.138139438525367808e-05
5.973530627856327158e-05
1.521128026604756656e-05
3.911315983640140104e-05
1.863755322972782125e-05
5.333782410743559410e-05
1.563900506984516880e-05
3.656791760764388499e-05
1.590862185107955185e-05
6.434077275507821270e-05
1.116967323022688419e-05
2.325884821163803906e-05
1.106991961219438991e-05
5.317898120238417903e-05
8.080907123120262270e-06
3.720195594369979375e-05
9.584679951268881837e-06
1.994077099953805998e-05
9.164340719625130305e-06
2.095934663870480108e-05
8.244328497220010377e-06
1.423920615262197487e-05
3.393292818831827873e-05
6.022810999817274080e-06
6.943522100955057397e-06
1.212264031325016589e-05
5.218755392277785177e-06
1.742637754509335224e-05
4.710896522541752063e-06
1.784022768436255291e-05
4.629776632181226148e-06
1.116515647148208501e-05
4.368087317074831333e-06
1.338633234315711462e-05
3.942128122269572543e-06
1.460774600758885100e-05
3.338746746184284575e-06
9.927828214739697898e-06
3.659370306663412009e-06
1.281896471538868099e-05
3.124615514549233808e-06
9.758833764972330016e-06
2.535320026142429128e-06
5.796366257970753111e-06
2.319050806498523798e-06
7.879833392121504687e-06
1.945344826892458912e-06
7.822792614686768786e-06
1.912834201367452636e-06
4.690872826174086185e-06
2.030960908228074402e-06
5.483539622597177754e-06
1.722413303650860428e-06
4.762933580648720522e-06
1.622858451177933148e-06
5.931522712443459966e-06
1.349320991383962109e-06
5.211458092291287869e-06
1.391600341182908096e-06
4.012535412489803832e-06
1.075798797933735784e-06
2.438961708484121971e-06
1.083910860955050737e-06
2.511791949766362109e-06
9.127681225296058187e-07
3.165920183234582908e-06
8.099673088901582219e-07
3.149791798051637670e-06
7.958829316700999357e-07
2.222470862123238078e-06
7.698727381155734406e-07
2.118081798951898520e-06
7.213408175221758256e-07
2.246251915138941513e-06
6.068792005597956063e-07
2.473971193128754464e-06
5.421641290359602294e-07
1.132884879462281447e-06
5.094494461843623867e-07
1.562146459854751868e-06
4.667151879411690629e-07
9.941428473769775565e-07
4.235319290835093398e-07
1.459801378778102787e-06
3.271209908506378383e-07
1.378131014528882758e-06
3.281503538898888905e-07
8.898348712316206388e-07
3.552621061775340650e-07
9.475811234560538310e-07
3.221833436706234011e-07
9.533455059829165634e-07
2.582395359773670407e-07
1.114185114947652266e-06
2.105151245546110772e-07
4.600770568963241658e-07
4.677678169251464624e-07
2.211444679600660379e-07
5.321996818796748130e-07
2.106610883512161081e-07
6.694964296283245631e-07
1.785014754895897227e-07
7.268132422577622265e-07
1.369711587484445658e-07
6.794645091012796456e-07
1.275587311333481466e-07
5.810709486908649524e-07
1.365635945438370413e-07
2.560278383745284714e-07
4.753068687524120151e-07
1.043283333057587470e-07
2.714295577188607922e-07
1.204284777456265942e-07
4.398966626517619716e-07
8.691574648889144328e-08
3.130635758408217839e-07
9.237349662960525620e-08
1.774711362312331175e-07
2.052602475766107659e-07
8.162328135608021284e-08
2.372694081209658634e-07
7.804200341521294604e-08
2.008589561341977969e-07
5.868891173044232801e-08
2.038909551194123537e-07
5.822866733229403735e-08
2.228340353349622660e-07
5.180033801899242007e-08
2.418058084874274982e-07
4.664661279463189203e-08
1.041297867931945120e-07
4.938039732671484217e-08
2.002013290702819859e-07
3.480894283924840238e-08
1.899451275155783492e-07
3.316646657314237245e-08
1.000199115752664625e-07
3.805226489461688288e-08
1.514041152450573691e-07
3.179253493801326158e-08
5.500248156931064614e-08
3.762138056639940942e-08
1.020292830222757630e-07
2.204781446302206405e-08
6.716691069996727492e-08
2.329390291766486598e-08
5.950447556912763503e-08
2.253075737090881603e-08
7.728588358180132900e-08
1.949904226972165588e-08
3.587396113502450135e-08
7.928095402398582792e-08
1.434245522347055157e-08
3.134712633912073443e-08
6.757892134778842319e-08
1.367384394601600661e-08
5.452289808527410742e-08
1.396470017400730512e-08
4.079763149533732758e-08
1.437474694832019395e-08
3.634373402228163741e-08
1.445133812616461455e-08
2.702841783719378554e-08
1.073055166944669736e-08
2.547452060408517127e-08
1.038737729164296297e-08
4.373196382800870197e-08
8.586604649529760991e-09
8.586604649529760991e-09
2.334235367884573975e-05
2.125988884134732970e-03
5.602909792168375702e-05
1.168845276058316784e-04
1.524812054878310619e-04
1.670804362644551233e-04
1.615412388448866920e-03
3.495700312572402879e-04
1.171159422986622900e-03
1.888804729609727673e-03
7.408510291256886759e-04
1.846290679282880376e-03
4.995301487691339304e-04
7.612020816446518623e-04
3.518571728515773600e-04
8.446953582383898151e-04
2.115360533384569308e-04
2.972221866026636405e-04
7.338786251543938377e-04
1.381570421217226396e-04
2.905039654197416610e-04
1.398101395421180726e-04
3.151373336224283506e-04
9.441902614693020723e-05
4.491777419979303687e-04
6.252349647062338533e-05
6.499061029519026533e-05
1.858311578946114651e-04
6.220030584547231456e-05
2.218135889566763552e-04
5.848750261372437365e-05
1.268830689843403192e-04
5.502421806469204313e-05
1.082328820808386993e-04
4.346498988283542531e-05
1.232114630399516741e-04
2.611046598188782042e-05
1.157149158638182129e-04
2.532096634577651884e-05
6.541490071432232156e-05
2.935345002408329407e-05
7.491351010302516045e-05
2.647445678838344918e-05
1.215774002247815844e-04
2.350033991327382665e-05
5.928332608795550129e-05
2.599114475154706838e-05
4.959314430075245639e-05
2.024224390995144063e-05
3.474800476066519650e-05
1.358693753938933213e-05
3.790473702036667447e-05
1.169994445127109373e-05
4.927189770775886046e-05
1.062026018239237146e-05
2.910923173349289073e-05
1.225771820978494020e-05
4.622772411277953353e-05
1.042138967699557384e-05
4.562897182180947198e-05
1.005655341457245555e-05
2.502223320755003755e-05
1.127596744798786688e-05
2.066809450074202914e-05
9.790315194768695051e-06
1.464266741846298459e-05
6.562011493516095584e-06
1.276256093485361731e-05
5.959452334836079501e-06
1.372099031271556413e-05
5.529611427301794890e-06
1.313156829396699976e-05
5.392086880551261174e-06
2.122103695134658352e-05
4.292838034936075076e-06
1.771860743371433955e-05
4.504481085243483562e-06
2.168932190482752986e-05
4.123803011291116150e-06
8.541344589274579846e-06
4.114219589568257618e-06
3.297425054893388108e-06
7.860101398193819477e-06
2.651183022894798569e-06
6.653278952994945428e-06
2.503303799916700711e-06
7.287927838994789909e-06
2.382482173435285233e-06
6.440205548408073355e-06
1.946342252479027479e-06
7.358971020998694712e-06
1.756722336820892849e-06
5.569266706695330527e-06
1.813175666609545544e-06
6.387469276725177281e-06
1.740073858003121643e-06
5.525779262383068158e-06
1.367515863770485396e-06
3.380737802261002400e-06
1.193520702824635293e-06
2.851305994755470863e-06
1.150688481388328910e-06
2.993857526667476066e-06
1.066612303701752751e-06
2.840269615722590402e-06
8.377537136228241366e-07
2.729825277159037000e-06
7.730037809849932273e-07
2.891175596486661448e-06
7.310541302318895873e-07
2.723167695561912183e-06
7.373478418948309354e-07
2.411376271771459301e-06
5.606621228393393608e-07
1.436480749239521515e-06
5.478013541670989639e-07
1.230604605995111456e-06
5.384469214941844939e-07
1.234300051167203094e-06
4.886836972861630102e-07
1.237266767928346667e-06
3.610540492138269997e-07
1.176629526145056559e-06
3.303899862583392633e-07
1.280041982076873808e-06
3.031047557389143776e-07
1.161919705339187203e-06
3.110469929401560307e-07
1.049972405353649663e-06
2.275718709032759079e-07
6.024370625690167458e-07
2.586655867276022036e-07
5.341393769509039657e-07
2.546031928618575080e-07
9.272213206124035878e-07
1.963366607071748149e-07
2.658410843681124902e-07
4.562565618648761756e-07
1.439317273144169462e-07
4.700233635634987195e-07
1.321676862398035723e-07
4.224579326361777021e-07
1.317358707675353457e-07
4.269762335917803853e-07
1.108249658710036556e-07
3.518449923634037191e-07
1.133603795278048665e-07
3.570641202710334028e-07
1.104903289972369862e-07
3.683883835758905434e-07
9.467926831430162338e-08
2.661252206381803376e-07
8.616231284008790681e-08
1.944437392209508175e-07
6.311222244814729265e-08
2.008680044518484920e-07
5.608216435692980895e-08
1.795971118490058416e-07
5.761111454560818856e-08
1.805626728135223402e-07
4.741019299370208273e-08
1.555933132335596270e-07
4.814079912485169643e-08
1.570078250745510218e-07
4.780636253531866942e-08
1.564667664322172413e-07
3.917000146458349263e-08
1.206328616998320058e-07
3.756218514006093301e-08
8.059866607457166765e-08
2.814088473357401199e-08
8.532335105115862461e-08
2.467014370566289472e-08
7.594986295433869827e-08
2.461180947932462004e-08
7.095597653883345401e-08
2.062148984904865756e-08
6.500944160769961400e-08
2.092942508191697470e-08
7.830589110469077241e-08
1.960824824731588478e-08
6.568749311153254666e-08
1.618476375142563484e-08
5.603457420289004176e-08
1.615825229173140087e-08
3.386255031934126691e-08
1.280216621601937277e-08
3.455722019651830124e-08
1.079628730860093810e-08
3.387145286470882866e-08
1.081306433281525869e-08
3.238904344726734053e-08
8.902323211934515257e-09
2.426140499611761925e-08
9.406752821128350206e-09
3.831221750960622785e-08
7.675677315965856451e-09
2.823189071410325823e-08
6.689891307587458869e-09
2.673072085901395667e-08
6.836278321209476871e-09
1.369482605095839745e-08
6.077132463921941508e-09
1.793196302557475974e-08
4.611314441405056641e-09
1.146368011628595696e-08
5.142510195454974564e-09
1.081755007792395418e-08
4.403305275957336562e-09
1.274721272981338416e-08
3.950083260484404946e-09
1.688655104636893611e-09
7.673653934503477103e-10
9.357390973185886196e-09
3.470894238688515543e-09
8.761243397437112890e-09
3.044872132207387949e-09
1.071653599193922446e-08
2.795822906520584183e-09
9.218730667726049433e-09
2.588860015251270852e-09
8.947291019190117822e-09
2.101638307827613517e-09
7.320101746977059065e-09
1.955519524088344951e-09
8.484178470880010536e-09
1.749106082193918610e-09
7.062686546710494895e-09
1.634351876056427955e-09
2.940458099232046152e-09
3.147306415485218167e-09
1.438601460179711466e-09
3.415090543690268987e-09
1.347787215166817987e-09
5.768703514874573557e-09
1.072049893302562396e-09
2.661870723841275321e-09
1.223137369166238386e-09
2.391930320477797522e-09
9.698464253915517475e-10
4.149190879765285445e-09
7.432767734627532263e-10
2.081033345646687849e-09
8.065632606246708747e-10
3.843528273428375996e-09
5.985971718303062516e-10
9.756297991714291129e-10
2.365784013136362773e-09
5.464464436499838484e-10
2.435642021403339186e-09
4.747371384894449875e-10
1.261575510724810556e-09
4.928405461512852526e-10
1.465376930909201292e-09
4.213934756691628536e-10
1.970275609330940370e-09
3.770215251108766097e-10
1.948808336926788343e-09
2.935709453311119432e-10
1.392840742742151861e-08
1.829040030543183093e-09
3.659632596964002005e-10
2.696866063800484881e-10
4.496323313674110977e-10
3.086880751013154622e-10
4.990751145683702816e-10
3.854191410468388312e-10
4.853735191545638372e-10
8.486071845226206278e-10
1.078298605960981149e-08
2.608642635237856666e-09
1.866539145467527305e-10
3.014534177836480922e-10
2.354361150480599463e-10
3.683990890124277939e-10
2.983886471241703475e-10
4.526237162849611195e-10
3.634981204925225029e-10
1.139305982889027291e-09
8.363920445120243130e-09
2.449835778683961962e-09
2.289708422864578097e-10
1.797443305306956063e-10
2.829826373229593628e-10
1.937572324806069446e-10
3.321584118864961965e-10
2.430650125617717094e-10
3.011461080504318488e-10
1.723215570237357497e-09
6.511779004902962242e-09
1.805925520237394721e-09
1.248677827803135187e-10
1.906156343878251391e-10
1.533567717260098107e-10
2.336448812201297187e-10
1.946117711426609276e-10
2.825636391534658287e-10
2.504415563819861745e-10
2.153512701497106718e-09
5.084665910537466971e-09
1.328080423412814071e-09
2.606300397722804973e-09
5.297138283566482642e-10
1.385444536872171284e-09
1.899913559810784136e-10
2.590461178897385253e-10
1.313772424182957366e-10
1.096557289415045489e-10
1.863519338840546880e-10
1.096557289415045489e-10
5.654646280550679194e-06
3.652113811012380751e-04
7.928126112899391842e-05
3.089828717293130467e-04
6.294077281050469708e-04
2.981723619851495144e-04
2.854209308983390869e-04
1.226787906454251953e-04
9.339399291853345275e-04
2.819774274224196020e-04
1.829460345285083278e-04
3.727418391393788610e-04
1.390514382810792426e-04
4.233264693591642924e-04
1.286169809113779650e-04
4.219587351443898626e-04
1.217873737565655645e-04
4.837945004517729686e-04
1.150457879096622449e-04
2.960614049565268857e-04
7.793264102284869210e-05
1.549638272368980552e-04
6.402647692516083566e-05
1.515753864327340494e-04
5.853596838423236193e-05
1.699236673480264415e-04
5.315611294065547554e-05
2.126195717507828320e-04
4.950842614515060802e-05
2.229527702291012048e-04
4.595174753496689135e-05
7.276459692562298187e-05
9.529413419895327308e-05
3.527712477846556283e-05
8.420175459311618482e-05
3.512304781405628518e-05
1.166344736438507113e-04
2.563197163873986995e-05
1.259898090270050730e-04
2.219281071169643127e-05
8.780223598436887045e-05
2.229751747961916664e-05
3.941923029326943606e-05
8.713809981120146375e-05
1.821679063263026421e-05
4.261001456895563422e-05
1.832270551382908508e-05
4.872026796531869763e-05
1.547045768124366560e-05
7.041871609803074250e-05
1.399756834574716891e-05
2.934937973297913061e-05
1.187571657979002993e-05
2.785545931904831463e-05
1.002743845845976978e-05
2.288882326151320257e-05
1.043595091831939214e-05
2.064157190717619272e-05
8.405730254179566430e-06
3.318785537831381305e-05
7.329238006059668464e-06
2.331966681656805207e-05
6.646333299387130467e-06
3.136805585612911784e-05
5.283599374350522737e-06
1.147512653676407979e-05
5.446323828262045197e-06
1.703079187942435624e-05
4.426146991698409749e-06
9.317012237164412625e-06
4.354523707728041870e-06
1.752388145170868938e-05
3.201434911281886286e-06
6.866945121197787216e-06
3.157594934855012525e-06
7.384655022479869046e-06
3.064069291958126939e-06
1.120897644324436726e-05
2.240381705376215393e-06
6.414018829725698367e-06
2.489041865727514846e-06
9.078440113663432953e-06
2.207645249496792417e-06
5.496535549487369110e-06
2.002238675968825987e-06
9.195605858769440033e-06
1.659463293446350463e-06
3.876286458148747727e-06
1.470509634282635147e-06
3.001953808090540576e-06
4.903597938032966397e-06
1.305131229534239878e-06
2.789093468180681157e-06
1.286405363343234853e-06
3.129720422268000846e-06
1.116462731598488745e-06
4.424156390681055484e-06
8.941014372210176475e-07
3.746509059099345507e-06
9.254655273238654445e-07
2.432763340110000172e-06
9.142484993507338231e-07
3.804691921405201072e-06
6.121977775830345081e-07
1.724016683302131980e-06
6.876535785238502285e-07
1.115437897380999743e-06
1.772963389878867702e-06
5.685065040950121329e-07
2.510886516704502469e-06
4.151989149159263093e-07
9.722518458099571603e-07
4.476453956403503298e-07
1.665415363505395874e-06
3.774893153618563701e-07
9.851602132959769165e-07
4.266188152746153150e-07
1.808291081872859252e-06
3.558515334622924797e-07
7.457826658452404445e-07
3.228693333801047061e-07
1.438552000854187440e-06
2.236445506564876951e-07
4.624492120353096425e-07
2.101549593236384794e-07
5.330821987170608622e-07
2.040280394632887351e-07
8.633207309038937183e-07
1.649379525181515760e-07
4.840037988174117345e-07
1.912663603054198802e-07
4.095137988713304367e-07
1.757842031935297200e-07
5.248912881006262410e-07
1.567111767020179514e-07
6.610209650759202304e-07
1.243871943223950893e-07
2.930295929237658470e-07
1.014168478086219238e-07
2.282823382548926361e-07
9.904326347953684717e-08
2.339241920168433353e-07
9.461945849054131941e-08
2.165017148891834609e-07
8.859126776616932375e-08
1.908085811574977697e-07
8.174290255791305526e-08
3.327575280875905150e-07
6.380414308004844770e-08
2.316381686462420930e-07
6.918497952312918642e-08
2.938051366641047935e-07
4.549735954650913072e-08
1.243154733598927919e-07
4.754936644424390124e-08
9.111186616284072670e-08
7.292656079016524018e-08
1.309068796695456172e-07
3.944046655934840828e-08
1.721113010999530957e-07
3.471463383419859383e-08
1.747780391525566301e-07
3.108660528994278138e-08
6.247409589654751016e-08
1.475282289664647806e-07
2.624840478304690805e-08
8.908968540666251101e-08
2.838723089926276089e-08
5.671417591113225853e-08
2.630415496529536767e-08
8.046351207546820206e-08
1.967772023103719903e-08
4.867973413258397386e-08
2.121375086705512558e-08
5.313291995268087931e-08
1.740433663854901170e-08
6.942513819385709439e-08
1.346798517154468300e-08
7.010810998409056083e-08
1.157525209016796452e-08
2.936825993504754706e-08
1.359108925402807699e-08
2.197036208517744171e-08
5.376303446880115189e-08
1.010283245950205355e-08
2.229855255997392760e-08
1.042528230410511014e-08
2.527565501342365906e-08
9.696937586234355422e-09
4.134993114579543771e-08
7.514513455930682539e-09
1.729524057303422069e-08
8.242320159723703910e-09
3.222359390431250858e-08
4.954504584375740706e-09
1.302570085126575350e-08
6.236045124730082989e-09
1.665968862862854394e-08
5.144679238178184733e-09
2.581362179565616088e-08
3.770035394978776822e-09
6.161324450637550854e-09
1.726343001884345085e-08
3.910692547570704392e-09
9.305535231263206697e-09
3.787589242243427634e-09
1.034762397988941984e-08
3.287459526823965916e-09
1.108118607984209802e-08
2.520251340953905128e-09
7.618890518479304319e-09
2.773404617073538247e-09
6.338572222652771870e-09
2.314632818745110399e-09
8.326274336667438547e-09
2.036961488371957785e-09
7.449776573409394587e-09
1.546173966637809372e-09
4.184398605389105796e-09
1.758513556993079874e-09
4.840799761041125748e-09
1.684636097287750545e-09
4.353628568765088858e-09
1.457304166230244391e-09
3.940717419048667125e-09
1.204399691090429769e-09
4.158486444083564493e-09
1.047940734189012346e-09
2.556269085296491994e-09
1.069807131770517117e-09
3.797995917764751539e-09
8.095200065838525916e-10
2.031400603286215301e-09
8.077211122170524504e-10
2.086448680493901975e-09
7.583756955753528928e-10
2.930683029589431499e-09
6.111356976035153821e-10
1.782137548644868730e-09
6.620336501228507586e-10
1.757974099625414510e-09
5.223902421747084190e-10
1.156805540247773934e-09
4.978819578838056259e-10
1.630482304726399434e-09
4.442001211302226693e-10
1.712779473805881025e-09
3.075371068916865624e-10
7.919968014746814333e-10
3.747199217585261977e-10
8.847457211302867108e-10
3.474367460398752883e-10
1.387769343885736362e-09
2.528015574654318698e-10
6.092494286846772411e-10
2.900375495329399200e-10
6.724226730980831235e-10
2.351273620249116902e-10
5.035237782280432839e-10
2.350257766181584884e-10
7.769872523155640920e-10
1.816357064754470230e-10
7.216742758942018554e-10
1.490232381939904371e-10
4.195702674181234215e-10
1.598156051940691214e-10
7.501522736319543583e-10
1.103801494650724635e-10
2.013872402173433329e-10
4.593628810667382822e-10
1.016007278309416506e-10
2.733554493872247804e-10
1.074945688017692191e-10
4.115341400989791509e-10
9.582601379065636138e-11
2.150657429922375741e-10
9.371736719998580156e-11
3.146625182637308171e-10
7.434419746488174496e-11
2.099572737890298413e-10
7.120615208577874000e-11
1.633633228692588091e-10
6.894007587021633299e-11
1.387384651607703745e-10
4.931111075023864032e-11
2.113801356173894419e-10
4.505573691915287782e-11
1.296859286625817731e-10
4.864353364553153369e-11
1.894805423674483791e-10
4.042866041942261290e-11
1.782604064359816221e-10
3.846611917879272369e-11
9.050860061421417413e-11
4.251277108124895676e-11
1.323274823050724081e-10
3.024358541381388932e-11
8.112044369568138791e-11
3.283362470796191701e-11
1.330479060257516721e-10
2.722766456741965158e-11
1.218024570093234615e-10
1.762368029289973492e-11
8.237910353869892788e-11
2.086852912697167994e-11
5.827771598632125460e-11
2.138789145789132817e-11
2.708933077855135707e-11
6.900102711426825408e-11
1.658884141164662651e-11
5.908495914752620592e-11
1.638500446432544777e-11
4.434941303088635323e-11
1.451083697645572101e-11
5.310163420091384978e-11
1.236244440150358059e-11
2.718469893636665802e-11
1.285238582227066217e-11
5.523714818878033839e-11
1.042776975879178281e-11
2.596822756828487400e-11
9.965361869035405107e-12
3.284728045116480644e-11
8.920642002863132802e-12
4.272648901348929940e-11
6.363576332546472258e-12
1.333400057035305508e-11
1.879540967308912514e-11
7.570055693406629871e-12
1.499611546051937694e-11
6.812106434495035501e-12
1.669497873280079148e-11
5.977107697674455267e-12
2.035815960255149548e-11
5.400790925591536507e-12
2.427191780896009732e-11
4.831246513958831201e-12
1.519251391357556713e-11
4.551026222543441691e-12
2.162170442687738614e-11
3.831823747191265284e-12
6.833533738870301022e-12
1.343847255697028231e-11
3.063438391848194442e-12
8.068878898370712704e-12
3.112510249536626361e-12
1.237943081378034549e-11
2.736810778003473388e-12
7.893352638177475455e-12
2.875477633779155440e-12
1.111111203044856666e-11
2.390865283530274610e-12
