4.785086816692400991e-01
4.647373268954384518e-01
4.886059967814716520e-01
4.531657510682819412e-01
4.328578031581095109e-01
4.155016215194191620e-01
3.779083852319188308e-01
3.378719597337250802e-01
2.635513876430708446e-01
1.979797275605182927e-01
8.453149804513249155e-02
8.674001455519664283e-03
7.034192400179994920e-03
1.151724678142822533e-01
2.160282496609378100e-03
2.603177423486916497e-01
1.049583411600818472e-02
1.003001478108830336e-01
2.119571147008891820e-02
4.679590864234306480e-03
2.101576613721167774e-02
3.953982915624809635e-02
1.558951681272024992e-02
1.510590781422826989e-02
5.060766443326647490e-03
1.033947027590698120e-02
6.132507350444793559e-04
3.467085087788701614e-03
1.288037835051603075e-03
4.283692514836845433e-03
6.336696137454467248e-04
1.281611096261681126e-03
6.526973908409505754e-04
6.321426467336133115e-04
1.915088279354382195e-03
1.002751405976276544e-05
2.892265127951709758e-05
6.432143396948308833e-04
2.957433200890813296e-04
3.324929228791795310e-04
1.378362384727438439e-04
1.762823462152507403e-04
5.909455796215823398e-05
9.796479227919263622e-05
1.977670818831267496e-05
3.878656435607474862e-05
1.204821330458294426e-05
4.183925788869835571e-05
4.358336744281210429e-06
6.408710498284619916e-06
2.077899259955717781e-05
2.329482615026634562e-06
4.339853798773773974e-06
1.105044952764977495e-05
5.052414822070971923e-07
2.560777496274369014e-06
8.157873074843280392e-07
3.645961036191636140e-06
8.377558273764407204e-07
2.149965859232771948e-06
9.135894663003796268e-08
3.851661778409010140e-07
9.916562544454166073e-07
1.308836224955811645e-07
4.433033095052607564e-07
1.861737302100152647e-07
2.280628143003227137e-07
8.464571354949157467e-08
3.048495420543417822e-07
2.039170121648226086e-08
3.430719097696766084e-08
1.382658477711018463e-07
2.930758191688198622e-08
3.750396349033735532e-08
1.412577210757604007e-08
6.311956912696814470e-08
6.204547098320745135e-09
1.095498358694158014e-08
3.199838394252196849e-08
2.593794734551124748e-09
8.817520047443849762e-09
3.258745495671178105e-09
1.186812281783744538e-08
1.719099307351257266e-09
1.986848019441822544e-09
6.554157661042836480e-09
2.986264568960450561e-10
1.041196018292112058e-09
2.788161146405343516e-09
5.943292524790422249e-10
8.232663439855514298e-10
5.794269508641036737e-10
6.882713288192121581e-10
4.152131971579819947e-10
5.000728720006009098e-10
2.101242513319334648e-10
9.270242351533397596e-10
8.635292481073975068e-11
1.289874873577900871e-10
4.358022831496555227e-10
4.696887323518694757e-11
1.273394723000365047e-10
4.837641398580672103e-11
1.768007962255069287e-10
2.066524729116281378e-11
1.292144169440234691e-11
2.743805183058611874e-11
8.565392839443575212e-11
1.378752667591243153e-11
3.244959856374407536e-11
1.190980647436390427e-11
4.004707676585894660e-11
1.264544025048053300e-13
6.115108419635362225e-12
1.631506041377406291e-11
4.906963724238266877e-12
6.435740829147107434e-12
1.165623153553951852e-12
5.597966534764964308e-12
2.328137682638953265e-12
2.921218822393711889e-12
1.030509011457070301e-12
7.660538869913580129e-13
2.004951760170570196e-12
9.308109838457312435e-13
5.877520692365578725e-13
1.259770066042165126e-12
2.797762022055394482e-13
3.206324095117452089e-13
2.922107000813412014e-13
1.634248292248230428e-13
5.405675906899887195e-13
1.076916333886401844e-13
1.754152378907747334e-14
1.817435091311381257e-13
3.435030038190234336e-13
2.664535259100375697e-15
3.753664046257654263e-13
1.012523398458142765e-13
1.403321903126197867e-13
6.972200594645983074e-14
5.029310301551959128e-14
1.632027846198980114e-14
4.674038933671909035e-14
1.043609643147647148e-14
2.153832667772803688e-14
1.221245327087672194e-15
1.221245327087672194e-15
9.716389250373658193e-03
6.006195913026424194e-03
1.266459968904776190e-02
2.891943287590681422e-03
1.025576074960965478e-02
2.469071624073393423e-03
5.028968229499275466e-03
7.733181001323696790e-04
3.434429749292311485e-03
1.066567414671926173e-03
1.885543725814509131e-03
3.468611623682615885e-04
1.101859700366469852e-03
2.973435570193805333e-04
6.495716016782226987e-04
9.994602682894537793e-05
3.948347384212791411e-04
1.233370242645914772e-04
2.227522502293854956e-04
3.657420790759147167e-05
1.369318919927087208e-04
4.088846170602344898e-05
7.755057876712712073e-05
1.131917513208513526e-05
4.785090851644469012e-05
1.544782683893242137e-05
2.676473501228571195e-05
4.889660659257444308e-06
1.622728024430752924e-05
4.441194774607026829e-06
9.330169563614987283e-06
1.332683056576300373e-06
5.779167876474033960e-06
1.889040410318898466e-06
3.221140775444553128e-06
6.122291944521407459e-07
1.941940206640069277e-06
5.124310547000021643e-07
1.124919418615810685e-06
1.784760113032746176e-07
6.898524931298055662e-07
2.112026095124619474e-07
3.899392106987420448e-07
6.075276448580524402e-08
2.400750598319234541e-07
7.428311787904817720e-08
1.349923951510234588e-07
2.207546168087048954e-08
8.246544735968086570e-08
2.474358085091665771e-08
4.686552945720734442e-08
6.790146334090252367e-09
2.907349094805056211e-08
9.401328604496939079e-09
1.617314204782616116e-08
3.035988349608942372e-09
9.722725735628046095e-09
2.604715332310547637e-09
5.652426304791902112e-09
8.845859600370431508e-10
3.451328778325546409e-09
1.066500110447066163e-09
1.961520501581048848e-09
3.034460460682453231e-10
1.220464285189848397e-09
3.752957944413992664e-10
6.772281624378706510e-10
1.164073282211575133e-10
4.062465919218993804e-10
1.183245723623826962e-10
2.365196927200940991e-10
2.768574258737999116e-11
1.519836478891534171e-10
5.359490629075480683e-11
8.059974909713218949e-11
2.111844032981480268e-11
4.489941751728565578e-11
7.379541422380953009e-12
2.894473549730491868e-11
9.386269539390923455e-12
1.564604001913494358e-11
3.324673869542493776e-12
8.343103985453126370e-12
2.309041846615400573e-12
5.553557613779958047e-12
1.341371458352114132e-12
2.895683692827333289e-12
5.795364188543317141e-13
2.032152224273886532e-12
6.659117701701688929e-13
1.021627227260069048e-12
2.855493619335902622e-13
3.868017017794045387e-13
3.783640067922533490e-13
1.064703880615525122e-13
3.784750290947158646e-13
1.683098105331737315e-13
1.627586954100479488e-13
6.783462680459706462e-14
3.221867217462204280e-13
1.632027846198980114e-14
9.747758156208874425e-14
2.597921877622866305e-14
5.817568649035820272e-14
4.329869796038110508e-15
8.326672684688674053e-14
6.439293542825907934e-15
2.542410726391608478e-14
1.088018564132653410e-14
6.661338147750939243e-15
1.398881011027697241e-14
1.221245327087672194e-15
9.608295563041768794e-03
7.111402256532839417e-03
2.062567717932894951e-03
7.877916969733389507e-03
2.869319519428037424e-03
4.630178053808498007e-03
8.703974555968052584e-04
3.087808847565320924e-03
8.347448241945443215e-04
1.674654488795113139e-03
2.206882135421528446e-04
1.078670097972245223e-03
3.652863105700898672e-04
5.914476650182853845e-04
1.283249508177153331e-04
3.474433511370111916e-04
7.794888858847492941e-05
2.071037548262433248e-04
4.483376965014329585e-05
1.225583716246703148e-04
2.769515346479067830e-05
7.269221171823936345e-05
1.553827189582079882e-05
4.318218734944423431e-05
9.937470895504674218e-06
2.552243807552034838e-05
5.302982269306255603e-06
1.522017693700306040e-05
3.631205797161030091e-06
8.952319377031336955e-06
1.752249049413734383e-06
5.373387919282990310e-06
1.371687678553001888e-06
3.132164064445497331e-06
5.374294254067990551e-07
1.903923776191973616e-06
5.485324333642793704e-07
1.089274047405552892e-06
1.380176695153778610e-07
6.835836521279503586e-07
2.362598554572770126e-07
3.742460944478054330e-07
8.465432799198424618e-08
2.199004709435570248e-07
4.692027233410556164e-08
1.320808191707101287e-07
3.114798818870667674e-08
7.700004345245758941e-08
1.523169779193978002e-08
4.677648435258419113e-08
1.205370159240715111e-08
2.682502842077383320e-08
4.385333984835426691e-09
1.667606730482162902e-08
5.078348408460442442e-09
9.286527657970111704e-09
1.538903227071841684e-09
5.502402977697329334e-09
1.702869956154984266e-09
3.241006130139112429e-09
4.142701737208653867e-10
2.092379491891449561e-09
7.127833878683986768e-10
1.102855695656046464e-09
2.792979181265309307e-10
6.016940279351956633e-10
1.110380676294653313e-10
3.972483453296149492e-10
1.262738802410012795e-10
2.119987518867105791e-10
4.573452727640869853e-11
1.043414243895313120e-10
7.563372150798386429e-11
3.205624654611938240e-11
7.570910565135591241e-11
2.046740554817461089e-11
3.577915741459491983e-11
5.664579916242473701e-12
2.840905288792328065e-11
1.184097264683714457e-11
1.259436999134777579e-11
6.634026661345160392e-12
5.587752482938412868e-12
1.873212696068549121e-11
1.527666881884215400e-12
6.481482017761663883e-12
2.526978626349318802e-12
3.507638624000719574e-12
1.008526595569492201e-12
4.288458477219592169e-12
1.526556658859590243e-13
1.417532757841399871e-12
2.321476344491202326e-13
9.792167077193880687e-13
1.125766146969908732e-13
1.422195694544825528e-12
2.911004770567160449e-13
2.280398092580071534e-13
4.294342659250105498e-13
6.246114736541130696e-13
3.566036355096002808e-13
1.707523011873490759e-13
7.807088309164100792e-13
1.185718190299667185e-13
2.673417043297376949e-13
4.585221091701896512e-14
2.319255898441952013e-13
5.684341886080801487e-14
