1.352151106308630002e-02
1.352227971364250436e-02
1.354324239059589985e-02
1.353420358493040432e-02
1.352460491039908508e-02
1.353288145715259017e-02
1.352521737625478337e-02
1.352757281234573394e-02
1.352907079837606386e-02
1.352790073287701844e-02
1.352151106308630002e-02
1.353312323942879036e-02
1.352365615108752639e-02
1.354874178292342357e-02
1.352396659920762634e-02
1.352425166463633310e-02
1.352902225560970173e-02
1.352338352757964657e-02
1.352335955618166885e-02
1.354462884512885879e-02
1.353210877414778857e-02
1.352151106308630002e-02
1.352556456628117854e-02
1.354466658584807526e-02
1.353475035097762014e-02
1.352339036386662752e-02
1.352392555685189013e-02
1.353353363371856410e-02
1.352420316934921374e-02
1.352249904425284477e-02
1.353807044759081091e-02
1.352877135767693861e-02
1.352151106308630002e-02
1.353216118322997374e-02
1.352686700023475463e-02
1.352274607915293636e-02
1.352487698356719115e-02
1.352669290593133677e-02
1.352354942930411585e-02
1.355329555620443660e-02
1.352295251280655197e-02
1.357756684533228952e-02
1.353454183569879898e-02
1.352151106308630002e-02
1.352982019792503543e-02
1.353275404629794565e-02
1.353259072311918665e-02
1.353980325520842687e-02
1.352492217568923571e-02
1.353051768842683522e-02
1.352366064443144555e-02
1.352264311122131080e-02
1.352661870337279471e-02
