5.936875247790295296e-01
5.462244369073741002e-01
5.882148356969854053e-01
5.392532614323284346e-01
5.071843815925015653e-01
4.528482651790480817e-01
3.689440905594377762e-01
3.180596527459272904e-01
1.908531716426713487e-01
5.533337734397258956e-02
6.917133972859845770e-02
5.095850412597036083e-02
5.729113898195459242e-02
7.664623684919735780e-02
6.141475265173634845e-02
8.061352198718751971e-02
3.875162085635142084e-02
7.691706098275563619e-02
2.417077000338663240e-03
1.649963852943969744e-02
6.690564330533843584e-02
1.796266294470716396e-02
3.523219614226225094e-02
6.052989921254470218e-03
2.267713442646512867e-02
5.848347588247260198e-03
9.737011661668959484e-03
2.236154276862523105e-03
1.012938257784834484e-02
1.714843293511236766e-03
1.901017290636075607e-03
5.943250105162056762e-03
2.257990797551734374e-04
4.088368851433710205e-04
2.326874086282737508e-03
6.957538338573376890e-04
1.325126705886248146e-03
1.883672920514056770e-04
3.729676093238154522e-04
1.767958710362504959e-04
5.917830287037739723e-04
2.178038166067430836e-05
3.286093271848145037e-05
2.313698417990561751e-04
7.466020860824595928e-05
1.294226689649846662e-04
2.361592933530776151e-05
3.509506946752782852e-05
1.603725925436449984e-05
6.147546086654465114e-05
2.332656358072782155e-06
8.250908271278944994e-06
2.655804758178170744e-05
5.391040033053684510e-06
1.115201159218592863e-05
3.336166343514967991e-06
1.103927259760162372e-05
1.285440239140456242e-06
2.248452080078067183e-06
5.891090425924616625e-06
2.762251555266104219e-07
