4.424640912924395764e-01
4.424675081499062079e-01
4.421768884300149027e-01
4.423545065344087757e-01
4.424893256599686797e-01
4.424833907530123511e-01
4.424109968476238608e-01
4.424528339998883286e-01
4.424665043565518818e-01
4.423298657645039489e-01
4.421768884300149027e-01
4.431888515876393209e-01
4.421049305674625840e-01
4.434801476985770208e-01
4.429586354686202432e-01
4.419135252758134014e-01
4.426335630784333786e-01
4.417617725529725536e-01
4.424382297159904498e-01
4.413085190266977653e-01
4.410354258542980022e-01
4.410625282111343415e-01
4.408187806114267637e-01
4.405498601602214626e-01
4.406243614641381923e-01
4.403663587015310688e-01
4.401062589552562354e-01
4.401110437297275357e-01
4.396800466560593090e-01
4.393748768201495292e-01
4.392374758702074500e-01
4.389009934142997782e-01
4.386723348424503843e-01
4.382836655982543794e-01
4.386805081540138262e-01
4.381162499969807333e-01
4.377489796340756634e-01
4.378083673736808956e-01
4.371939726634114232e-01
4.367710886752529387e-01
4.367969236841494629e-01
4.359665811697145399e-01
4.354433789918182862e-01
4.357374627922908639e-01
4.354075616290991046e-01
4.349672354681445308e-01
4.346972917204955378e-01
4.341949655943594388e-01
4.340688648885228096e-01
4.335365741519162652e-01
4.334789018418273576e-01
4.329326979703992384e-01
4.323210194917815885e-01
4.316339858720786848e-01
4.319995204492672602e-01
4.308145359015639331e-01
4.300609284136126531e-01
4.304323528745946925e-01
4.294801356625173039e-01
4.287278093075892471e-01
4.283832014441145697e-01
4.275496243853514899e-01
4.274935843138215619e-01
4.266446717940145517e-01
4.264330220830916396e-01
4.255344477025390093e-01
4.251759251328868228e-01
4.241923774053987239e-01
4.241537101592900427e-01
4.231573687469930567e-01
4.223945744839354699e-01
4.212224023439872234e-01
4.213279623452367284e-01
4.194636976826496833e-01
4.181171060719556243e-01
4.181418385490391909e-01
4.169818147361771254e-01
4.156410489556606747e-01
4.151345023372925436e-01
4.136753124356652433e-01
4.132616115913958499e-01
4.117018063095151392e-01
4.114947418268137813e-01
4.098847183627976065e-01
4.092338293933378557e-01
4.074769246609952766e-01
4.075466768788410521e-01
4.042157232218603902e-01
4.020993720211032407e-01
4.033474295086456607e-01
3.996376668540518873e-01
3.976723643896445948e-01
3.978234915892260304e-01
3.960873374651189271e-01
3.941223940703519890e-01
3.940168169165964018e-01
3.919092793809708652e-01
3.910315380685215336e-01
3.889353562133420761e-01
3.886757619631221461e-01
3.865968238821219094e-01
3.842245877918858410e-01
3.819238495058021599e-01
3.825758597044418563e-01
3.796635474158591705e-01
3.774226073336789389e-01
3.785654048044773123e-01
3.753639958124639353e-01
3.735168282872440848e-01
3.738736632781215485e-01
3.726332779607196555e-01
3.714325081204740142e-01
3.693005360632457545e-01
3.673982294038059537e-01
3.678695958348243700e-01
3.667132855789388968e-01
3.657179107294765696e-01
3.645707068828140107e-01
3.641429243174175712e-01
3.641897203201938105e-01
3.628621611157974991e-01
3.622997411242130372e-01
3.628182727548413533e-01
3.636763094255306417e-01
3.617502457324818232e-01
3.612376732685897984e-01
3.621420334938130203e-01
3.621935105488202078e-01
3.610321593747825020e-01
3.606694195314806839e-01
3.618257234331743177e-01
3.601354370110282366e-01
3.597858045773082436e-01
3.606039929905675567e-01
3.604027499555655378e-01
3.609099736729152186e-01
3.600895598457336533e-01
3.602666832484091586e-01
3.594802700838172216e-01
3.593260627593801715e-01
3.600959549418801808e-01
3.596504828685876953e-01
3.601247449414389790e-01
3.593881916332684057e-01
3.589339019663452257e-01
3.587272570480548595e-01
3.591431518086397601e-01
3.587119855601170748e-01
3.586785975293286244e-01
3.587836153072654355e-01
3.582128228863873387e-01
3.580555585975927491e-01
3.583035023707252797e-01
3.582473267177178622e-01
3.578592842026568910e-01
3.577182451626381710e-01
3.571555208138623705e-01
3.568680648106816733e-01
3.568969555709563535e-01
3.573387184487893942e-01
3.565189067217607866e-01
3.562946450234635298e-01
3.561030065633052910e-01
3.557026153059302809e-01
3.559418580965387768e-01
3.561250708702419221e-01
3.550490734672683280e-01
3.546968046728180557e-01
3.547543355190950765e-01
3.551838642819722391e-01
3.543229176277817860e-01
3.540182665979133558e-01
3.540250835938149043e-01
3.534746161558406374e-01
3.530835130985982007e-01
3.535167901732547691e-01
3.526894257623901519e-01
3.522595733810849339e-01
3.518158516669530611e-01
3.517981701439220066e-01
3.521622808686013517e-01
3.522210345341628690e-01
3.515814026873120834e-01
3.514580058307252841e-01
3.507592149998598474e-01
3.504066590972297890e-01
3.492899752161510163e-01
3.487302864443196926e-01
3.503245230730097637e-01
3.486260270524079719e-01
3.479400395206738716e-01
3.494388212048024078e-01
3.500243363637359773e-01
3.497016424583224703e-01
3.493123216343558823e-01
3.481968317585436568e-01
3.484656718456925484e-01
3.469157062008912940e-01
3.466657385660311119e-01
3.486948961892921695e-01
3.481798167241983988e-01
3.470830605379552347e-01
3.473712450459023326e-01
3.465433869068074157e-01
3.463360539292176243e-01
3.470844311849768937e-01
3.468902444830413989e-01
3.459526947942731523e-01
3.457885206240333131e-01
3.443992860538784839e-01
3.438248716111148573e-01
3.442395971970613200e-01
3.477281080696593696e-01
3.465676661492309574e-01
3.453320828895093397e-01
3.426225404892409010e-01
3.419496203161840331e-01
3.437429375427708544e-01
3.437256199349940644e-01
3.426883587180914459e-01
3.416070272513009876e-01
3.415370386147702497e-01
3.423118433730993893e-01
3.395594545382258911e-01
3.388861117174537529e-01
3.409143194522763487e-01
3.396030622179655456e-01
3.385572113917513226e-01
3.382308628254684368e-01
3.369539844367962500e-01
3.366745351774163009e-01
3.396426611005691765e-01
3.386756761598584964e-01
3.354783400056554621e-01
3.349859303139556266e-01
3.382133412488006474e-01
3.360443413915006339e-01
3.369468006796136894e-01
3.353789361112610168e-01
3.331288035733722674e-01
3.324798352661376688e-01
3.347279867545537302e-01
3.321497039922656214e-01
3.318540229109903095e-01
3.356559734923815208e-01
3.335488454085212551e-01
3.305321224686351700e-01
3.300457051898982863e-01
3.316693178256100438e-01
3.406748186411702184e-01
3.345767614955191815e-01
3.289989347854920254e-01
3.285135481233714128e-01
3.296483462499791850e-01
3.310518918302530755e-01
3.326145618146094662e-01
3.273257991422845459e-01
3.268053192041827648e-01
3.330994550720832725e-01
3.307832839541947623e-01
3.287951626914557002e-01
3.284715997716112224e-01
3.261196677044568837e-01
3.255693689567965565e-01
3.286005243165202039e-01
3.268961193546345845e-01
3.239125521487646875e-01
3.229976734490515033e-01
3.242040747822839686e-01
3.239310010591097688e-01
3.254786477408060374e-01
3.236385305527152978e-01
3.224441705413338966e-01
3.221985044481018301e-01
3.212340767720953671e-01
3.212357851031977241e-01
3.204180021013406376e-01
3.199359489959145986e-01
3.194298191647447771e-01
3.192002242057140338e-01
3.210555403481987202e-01
3.193907943166011121e-01
3.180036329699632569e-01
3.178595543640496679e-01
3.183698227505044054e-01
3.173426623554977954e-01
3.171818612663739323e-01
3.219035179620111098e-01
3.204609385847768666e-01
3.165458759403568800e-01
3.161331603864905304e-01
3.172233010150921073e-01
3.184757282542470813e-01
3.163748112842165172e-01
3.158663869256095325e-01
3.157078251880997000e-01
3.159974300466008579e-01
3.181471206453737599e-01
3.175237592136872511e-01
3.166516085635284750e-01
3.148428231938924515e-01
3.147236759876632650e-01
3.183222220230217392e-01
3.169807928425004695e-01
3.146005545683517868e-01
3.141261368699693746e-01
3.153689914789418181e-01
3.164801386113454962e-01
3.142434175365594884e-01
3.166591860839926831e-01
3.157163789802382992e-01
3.134774497562080597e-01
3.131446561227947400e-01
3.147443285338555885e-01
3.143858371975932764e-01
3.135543784698915371e-01
3.129684890748349879e-01
3.130291267332304672e-01
3.128125568704218651e-01
3.130592160113087052e-01
3.144761451019819631e-01
3.154384526251426957e-01
3.140280905699156522e-01
3.145598995581032620e-01
3.137832919240678420e-01
3.139514560305027846e-01
3.132081716905288360e-01
3.114794925717860874e-01
3.112308971006003677e-01
3.117115591511827599e-01
3.127933146517366536e-01
3.114850015917121073e-01
3.121357601426785200e-01
3.123759700469784795e-01
3.128529003139385312e-01
3.116245258528409501e-01
3.129003576468261105e-01
3.124996614479609303e-01
3.104152640096673466e-01
3.101299678037128249e-01
3.097359516345384867e-01
3.095777907536529927e-01
3.108438541002266353e-01
3.108648690121916802e-01
3.119318387690745986e-01
3.112729732936325711e-01
3.096639588914009700e-01
3.107918607160051749e-01
3.103327208160803208e-01
3.103583528753451892e-01
3.088831113737905421e-01
3.086909081407512856e-01
3.098737432700929828e-01
3.095708580039128188e-01
3.104725708230104964e-01
3.102115050175188182e-01
3.099155105195974258e-01
3.100377092318374883e-01
3.099976976607916601e-01
3.097375730670369753e-01
3.102481921489499417e-01
3.096989494222964767e-01
3.096631611374789372e-01
3.099179608373493489e-01
3.096037589368738630e-01
3.094262760564053805e-01
3.102766799839855594e-01
3.093702795447307308e-01
3.097115968688151089e-01
3.095186638585324390e-01
3.088508127288005500e-01
3.094086739694583699e-01
3.094001018733375519e-01
3.092346318453311760e-01
3.087962748966128768e-01
3.087654055755568727e-01
3.091315372021735675e-01
3.083699007078130050e-01
3.083481086838029128e-01
3.083853194710812762e-01
3.081032207656999589e-01
3.079784217641347022e-01
3.097281832017817482e-01
3.089879602316283336e-01
3.086806909861348203e-01
3.091440637222001575e-01
3.087933302159725502e-01
3.081054900784181427e-01
3.079827256200036167e-01
3.082415592949394600e-01
3.073878482314679195e-01
3.072156466898525728e-01
3.073006093707945086e-01
3.071307090078441160e-01
3.070151196534398608e-01
3.076877026179235530e-01
3.071664800961452224e-01
3.069869798330143729e-01
3.068684573488841272e-01
3.065076085865818811e-01
3.063079190243984673e-01
3.062114949429876054e-01
3.059900953167165039e-01
3.058705150572070819e-01
3.056508849860442023e-01
3.059954064070206092e-01
3.057249645850667052e-01
3.052322428778169172e-01
3.050235344373989355e-01
3.059570290100999124e-01
3.048577445601791114e-01
3.046424316264750853e-01
3.047889442184027464e-01
3.042840428601119029e-01
3.041018858563044880e-01
3.045339358596566015e-01
3.040220409821542402e-01
3.038446924178618280e-01
3.043068628435091627e-01
3.035397045000292060e-01
3.033537946867052026e-01
3.026683052125894724e-01
3.023281248522544651e-01
3.026568035484670238e-01
3.029195970509995783e-01
3.029816247357272063e-01
3.016805259084335278e-01
3.014311040686121768e-01
3.025989459540544546e-01
3.020811260518279084e-01
3.014493155622074427e-01
3.014518815845026456e-01
3.004937683993027520e-01
3.002675103222799402e-01
3.026629196243197928e-01
3.020413861031416847e-01
3.011799362605143138e-01
3.006646921351807666e-01
3.022202032530155735e-01
3.017192137848869748e-01
3.000742676596948044e-01
2.998819789598640151e-01
3.011152460827126731e-01
3.012640856291355362e-01
3.001107753843087478e-01
3.000722259643126000e-01
2.996299904934526248e-01
2.995898998801357349e-01
3.002311785220620477e-01
3.001740954338707468e-01
3.000702002919491962e-01
2.998834167267397932e-01
2.995219350783576706e-01
2.995219350783576706e-01
3.012142335064309506e-01
2.999023326724853389e-01
3.005036169916930344e-01
2.998507280830475796e-01
2.995219350783576706e-01
2.995219350783576706e-01
2.995514262537836148e-01
2.996783948481888116e-01
2.996105485185452943e-01
2.995219350783576706e-01
2.996639917059212843e-01
2.995219350783576706e-01
2.995219350783576706e-01
2.995219350783576706e-01
2.995219350783576706e-01
2.995219350783576706e-01
2.995219350783576706e-01
2.995219350783576706e-01
2.995219350783576706e-01
2.995219350783576706e-01
2.995219350783576706e-01
2.995219350783576706e-01
2.995219350783576706e-01
2.995219350783576706e-01
2.995219350783576706e-01
2.995219350783576706e-01
2.995219350783576706e-01
2.995219350783576706e-01
2.995219350783576706e-01
2.995219350783576706e-01
