5.936875247790295296e-01
5.534397086980036296e-01
6.141909442397430752e-01
5.251827323488897914e-01
4.675750586904694472e-01
4.099141719336560907e-01
2.946876589315030603e-01
1.875749298478173177e-01
1.960144288166054682e-02
6.603393186859918274e-02
1.018842571524958274e-02
3.351148906974008579e-01
7.381931828018206687e-02
7.213627660297516897e-02
7.547964930153394647e-02
7.002028739101251453e-02
5.070069004398192192e-02
1.844035336297434879e-01
3.810616219503759616e-02
6.812937966494647668e-02
9.221942489552548139e-03
4.720597641272650247e-02
2.086370425324379774e-02
2.200588591889807155e-02
1.115721243982981115e-02
1.030433732027069560e-02
4.691064223257823684e-03
2.576137131670708236e-02
1.840877777510963043e-03
6.096443790625905024e-03
2.393145506750515850e-03
8.660288919948966324e-03
1.254129693531225165e-03
1.818967056047338104e-03
4.978873434922981289e-03
1.605348758857427782e-04
7.185554919604264512e-04
2.117288749284629290e-03
4.051004347310760423e-04
9.670851621047527047e-04
2.988014144802431105e-04
8.622028918643387385e-04
8.741632989983649793e-05
