5.936875247790299737e-01
5.811641682983996748e-01
6.286447105378404343e-01
5.324338805908130912e-01
4.657222998641413758e-01
4.467050402458646596e-01
3.538830453471343285e-01
2.019198369590544662e-01
1.981628103609966995e-02
4.639282669443578477e-02
1.316080157593102484e-02
3.615189477892949421e-01
6.410367971557318079e-02
6.649573300453237579e-02
7.628607418224064851e-02
7.565524587438243742e-02
2.517535997077424703e-02
1.804183594550117231e-01
4.989852836881025766e-02
8.414626468643060520e-02
2.582297501269237294e-02
4.196686591822695878e-02
1.120174177688570971e-02
4.175059657300894678e-02
5.578883634657971768e-03
7.779179216564013899e-03
2.637840397103519141e-02
2.499137228380465814e-03
4.573295231759644253e-03
1.218501044694120239e-02
9.612397947607043136e-04
3.106196401078564762e-03
1.153437102696663885e-03
4.685404745676802207e-03
7.300117459227983829e-04
9.194871493996004119e-04
2.592925424301784076e-03
6.592221709211809610e-05
2.570361534351972566e-04
1.057199694273869284e-03
2.848998288065285323e-04
6.087077451799594030e-04
6.192055568399190690e-05
2.522095394443812921e-04
1.252343767146335551e-04
1.293883290142128217e-04
6.166277419339394328e-05
1.893964136856496339e-04
2.036381693049094110e-06
2.424125764899365265e-06
6.612006517148216744e-05
2.973110846316018296e-05
3.416031173053557524e-05
1.376176441136855999e-05
1.818394575214821174e-05
5.776214615282881937e-06
1.019664047430257625e-05
1.783220278106512069e-06
