4.785086816692400991e-01
4.854520857543110912e-01
4.624792730850313394e-01
4.547385416011691106e-01
4.376095766606539206e-01
4.180132234838251915e-01
3.822663441580361754e-01
3.517780038718535396e-01
2.876019834366787542e-01
2.209545720608417918e-01
1.112494465098849972e-01
3.697724668365975909e-02
2.209949661062471371e-02
4.591903034332145417e-02
3.012086777970005569e-01
7.435432021801968716e-03
1.054674730325226850e-01
1.090944200108867612e-02
2.117507577230925975e-02
2.173981439405769933e-02
2.208164346405960821e-02
1.926202686682487730e-02
5.590816536467091424e-03
3.697724668365975909e-02
3.144651718172586374e-02
1.231282555902302178e-02
1.325201281528498587e-02
7.347368181349178684e-03
5.721996636041337680e-03
2.242030741461153998e-02
1.331864021207218585e-03
1.441648639045167712e-03
7.391619292481665937e-03
1.982145224817988272e-03
4.512759707625546568e-03
2.673942973203669027e-04
3.833307248714001858e-04
2.042463763750057559e-03
5.109366429183470615e-04
1.176286864686626465e-03
9.479079286167646501e-05
2.085092993568959940e-04
5.673708602798033240e-04
5.728566503038212687e-05
1.725710194067087144e-04
7.664299526344287017e-05
2.291501614353208538e-04
1.402055618382469504e-05
3.310977833992367891e-05
1.044151588243114048e-04
1.680666525072371797e-05
3.617252692600381181e-05
1.591048014448759318e-05
4.674432316575938273e-05
9.000519443080889914e-07
2.863943569408888834e-06
1.774021090372723819e-05
6.085076943440625996e-06
9.795305662807507474e-06
2.116159482978829942e-06
3.976170846797799641e-06
1.108621610734772389e-06
4.113683790052391487e-06
5.631521791116256281e-07
5.631521791116256281e-07
7.788640459293727503e-03
7.239974379975810947e-03
1.784936920250745906e-02
2.538779371827448728e-03
8.417158437564520312e-03
2.803371086467110196e-03
5.031214455226473703e-03
7.137093923436088616e-04
3.443398346096748774e-03
1.116266772908547367e-03
1.875192092487210083e-03
3.866379661816576885e-04
1.084607188202690864e-03
2.576211704428121863e-04
6.494382616563099120e-04
1.299392114904041051e-04
3.860420966592670311e-04
9.585042716042657673e-05
2.259769903409925007e-04
4.128042859252722963e-05
1.374048544526829119e-04
3.740615685710046989e-05
7.823714596044695213e-05
1.145766153887173289e-05
4.937554622030937423e-05
1.568223780379351950e-05
2.770860102940808645e-05
4.827405568397225011e-06
1.575884557292184240e-05
4.671268930556138343e-06
5.631521791116256281e-07
9.613127364849871626e-03
7.117970098660109102e-04
1.304651971339720884e-02
4.979207994743051202e-03
6.368321852485370194e-03
2.399193858157566694e-03
3.276786520336805175e-03
1.044291530396534995e-03
1.793975658470503554e-03
3.507314959207974425e-04
1.045059573766771166e-03
2.653290628816806773e-04
6.200270817116049216e-04
1.101306566204662829e-04
3.732159884921593118e-04
1.044803088549040027e-04
2.146491278514073286e-04
2.929952866792540078e-05
1.337825080127696964e-04
4.463040876367951881e-05
7.450055198421345892e-05
1.477664766524888762e-05
4.377677667555257557e-05
1.116441890292030337e-05
2.648549141404110685e-05
4.421182011160595948e-06
1.510809721305683695e-05
4.647549073144574550e-06
8.488718931221050923e-06
1.376296250965580725e-06
6.299380896690465192e-06
1.708660035681930367e-06
3.651610145816164277e-06
3.604978816573733980e-07
