4.785086816692400991e-01
4.725901947780363210e-01
4.619473492018268956e-01
4.555419678488594748e-01
4.430081587055811898e-01
4.302678264556943910e-01
4.057372693598736424e-01
3.831024289318574194e-01
3.372694938388497432e-01
2.903897748200069406e-01
2.044154215718135825e-01
1.328493584934018479e-01
2.542122206561703290e-02
1.906586039190494297e-02
7.547121293281333632e-02
5.289530246335116814e-02
1.431413916300816602e-02
4.976070200779869612e-02
1.083626780549873381e-02
2.040375940443173164e-02
1.962901699824159962e-02
2.003909698227035463e-02
1.612643433916871594e-02
1.757733038478814791e-03
2.591333125502959245e-02
1.257826881265500241e-02
2.887553637402562323e-03
2.073472953916555284e-02
4.939323186275990096e-03
1.089290274057552743e-02
1.478096107444981655e-03
2.487507197621141586e-03
1.211517085281998973e-03
4.224119461706310474e-03
1.784628594478920860e-04
4.546376259189077729e-04
1.899536361380849137e-03
4.546448425888360845e-04
1.100926202150409594e-03
7.097217862295224222e-05
3.436502368456828549e-04
1.455920034882929315e-04
3.931062526665307644e-04
3.478313503280094920e-05
1.098162219597131894e-04
4.574801621037849486e-05
1.518384887532198135e-04
1.542308757129795538e-05
2.632305821226310627e-05
7.650115045931826785e-05
6.923660048951951751e-06
1.793038915665068345e-05
6.813692730367471029e-06
2.917152376746834364e-05
4.290853173882780425e-06
4.290853173882780425e-06
3.753770706214742958e-03
1.093578006230133681e-02
1.144463351098057302e-02
4.095354106472215427e-03
7.117186255547691687e-03
9.791756854925504072e-04
5.217209397704314355e-03
1.697002213585818708e-03
2.789998590203235374e-03
6.216580758953149655e-04
1.570405575794353581e-03
3.276008791655016239e-04
9.608450231877174730e-04
2.322615286394213996e-04
5.602636095318747067e-04
1.039482280287273852e-04
3.342414755672651339e-04
9.156534989118725321e-05
1.993906829864666719e-04
2.789520808033074672e-05
1.155699633746953836e-04
3.995504678622197048e-05
6.361261631648851278e-05
1.410651190880685135e-05
4.620460863069553170e-05
9.325230096113301670e-06
1.915619848147365190e-05
5.806973748079258257e-06
1.939636365699826115e-05
2.128515844690426206e-06
2.128515844690426206e-06
3.426206342042270592e-03
1.110821293696540035e-02
1.128886365032411021e-02
4.271974606137374231e-03
6.948875486047390027e-03
1.155812976770476119e-03
5.014697256848221762e-03
1.480821708077950660e-03
2.740897769610728396e-03
4.665278484015100702e-04
1.578776747012344828e-03
4.558753495672585032e-04
9.365955264238889910e-04
1.207312579027952637e-04
5.688475492284794655e-04
1.974566391447218905e-04
3.149049555180027937e-04
6.880673432030359749e-05
1.926995221207539188e-04
4.279402301388124386e-05
1.093664898204060876e-04
2.418259478575990329e-05
6.931099726881218004e-05
1.486158728059017164e-05
3.689929646344403125e-05
8.889184614835343723e-06
2.593319028754148547e-05
4.692082231860794650e-06
1.144356544235947126e-05
3.794856579864003265e-06
