5.221193463888140762e-01
5.232049533090166182e-01
5.291644981826604255e-01
5.147234087674925629e-01
5.053103374938527903e-01
5.028121397070001164e-01
4.889136602807689913e-01
4.636110892334587286e-01
4.213771245070999649e-01
3.924237542645140353e-01
3.144190842907026440e-01
2.179496695023136477e-01
7.529706203643304896e-02
1.779242491478316701e-03
1.184864436353538775e-02
1.395316711271521459e-02
9.739478614775254339e-02
5.058516213800601236e-04
1.916046115700977825e-01
2.217306737568258690e-02
1.135929201880436779e-03
2.217254977715232833e-02
7.767953733238464054e-02
1.809491755590331152e-02
3.339642601010650580e-02
1.043936926273114629e-02
1.550596916796198599e-02
5.250729437019874268e-03
7.747025735928114720e-03
2.324511062073097989e-03
4.177506277288967063e-03
7.796383348215307763e-04
1.383601415584356786e-03
4.927321433416675944e-04
1.812773400427181159e-03
1.447260181228759990e-04
1.558535350956180565e-04
7.850804443516601339e-04
1.699751201924559751e-04
4.689346670803118400e-04
9.421483658900164926e-06
2.192200601724980658e-05
1.760365871187330455e-04
6.474177444681927796e-05
9.563958289671159463e-05
2.469803361004885289e-05
5.549265190396557301e-05
4.663261427007014959e-06
1.597020624211076267e-05
6.998157919158032314e-06
2.122889223810098258e-05
1.728775483988975736e-06
4.385867452327829596e-06
1.057191010422897648e-05
8.619832883027811476e-07
3.131769502839887309e-06
1.425439688063079302e-06
4.052719834612972249e-06
2.620218556570463875e-07
9.396082947255024465e-07
2.886294151460688795e-07
1.418160783250854706e-06
3.099314320742507789e-07
8.301357439233214564e-07
2.941098342645886987e-08
