5.286366563617694858e-03
6.439347655501914680e-03
3.611256574860277624e-03
2.759563527382158377e-03
1.504488224403188745e-03
7.107611507175537469e-04
4.975257000250365991e-05
3.066733658836362508e-04
2.658035471486464019e-03
2.593430648131223037e-04
1.390019181779500457e-03
2.956262487063820998e-05
2.979702321938004772e-04
7.710363503987682776e-05
9.866371498179482558e-05
3.465958221982035070e-05
2.068767123331038960e-05
6.024457859232779100e-05
1.328360727984589928e-04
1.455401363759101230e-05
7.900885154010772737e-06
1.284254144873209214e-05
2.980527694962376017e-05
1.177382617179034696e-05
