4.785086816692400991e-01
4.609646841436597642e-01
4.766428147151007266e-01
4.586750814607103433e-01
4.477441301716563737e-01
4.298562424125833559e-01
4.030144650825612240e-01
3.861825458168417491e-01
3.423367058037886101e-01
2.880878638172083006e-01
1.991826915868494252e-01
1.342686995300725883e-01
2.737574384087715362e-02
1.993757632967452231e-02
7.941199942898002906e-02
5.202327658159866530e-02
1.435165417712624958e-02
5.256917240933856039e-02
1.069732758355068647e-02
1.975937869979982331e-02
1.989344598075959425e-02
1.996775718065824101e-02
1.673578858339519471e-02
5.923138562868857093e-04
2.339479828061552524e-02
1.273450066382264545e-02
2.703892367032945110e-03
1.876739929859250200e-02
5.151522013490561491e-03
9.625155736641688442e-03
1.910333878724301826e-03
3.811198905600221565e-03
9.810037947572958217e-04
3.663182254446839536e-03
5.848457991926014898e-04
9.614315830419606357e-04
4.837798329897502470e-04
1.629610951076276848e-03
2.496622031955553211e-05
1.289834381122956231e-04
6.452725115277946344e-04
2.044774430967066792e-04
3.600517684084758585e-04
6.408512591837833838e-05
1.668431301213857409e-04
5.452846874720584935e-05
1.437220289837171094e-04
1.222404798006948567e-05
4.155534030436669468e-05
1.763304084789751869e-05
5.481076147018093536e-05
5.003242470880131521e-06
5.003242470880131521e-06
5.499053424152355873e-03
9.721110798057486235e-03
1.213476247755296278e-02
3.030323833019044066e-03
9.793793378612525302e-03
2.169451562035407122e-03
4.845366986217847227e-03
9.187209142300645226e-04
3.265134773734024165e-03
8.771768932760437565e-04
1.754754456963381060e-03
2.347439078295154857e-04
1.142224860796625663e-03
3.819711571282358165e-04
6.277476083468291890e-04
1.319515393669590253e-04
3.598781713765042412e-04
8.531649960685783185e-05
2.231212300884966027e-04
4.353923832201012090e-05
1.236183569275350891e-04
3.296684402853689022e-05
8.165346028810027690e-05
1.230992782019768583e-05
4.023288719556816773e-05
1.464006456786126620e-05
2.195978976216039769e-05
5.483390026483903057e-06
2.284456994383621264e-05
3.543925545912429698e-06
3.543925545912429698e-06
7.842288413736131503e-03
6.419336988615742534e-03
1.727753877964954832e-02
2.782991911504106852e-03
7.967703075678178593e-03
2.341173123286410807e-03
5.476117836441640740e-03
8.630384275152280793e-04
3.043485411894808479e-03
9.315169961402469667e-04
1.761017075852411296e-03
2.424970091994271826e-04
1.126749620920963757e-03
3.750452629913691993e-04
6.198660753269358281e-04
1.286798231654451286e-04
3.727593443856314082e-04
8.786285798001447489e-05
2.137967219580927392e-04
4.339965925947986136e-05
1.345399372232325419e-04
3.213623656239672499e-05
7.212127969680182105e-05
1.458312463720190522e-05
5.021538708427364384e-05
1.151946825139749109e-05
2.258868147442250063e-05
5.308588869379349262e-06
