5.936875247790295296e-01
5.507224570663127317e-01
5.748437567946615978e-01
5.277125781130236337e-01
4.881818666928978701e-01
4.573629106778759335e-01
3.869215757934363342e-01
3.072923467018621180e-01
1.723627425690057446e-01
7.335412400734120375e-02
5.657457400781740198e-02
6.310225227038546159e-02
1.515354371334690642e-01
1.652365352456586223e-02
7.595592209611368162e-02
6.928416331330522482e-02
7.350019623418768688e-02
4.371245012295732479e-02
5.620459968536151152e-02
7.656814691182844967e-03
4.659050785418095142e-02
2.601344131875782395e-02
1.940479948240758645e-02
6.877141026533806212e-03
3.443075658140548612e-02
5.070835648979699073e-03
5.784424676968491497e-03
1.684955402576293615e-02
6.159990635279388727e-04
1.365048294238446758e-03
7.265907090657552914e-03
2.068019753158178986e-03
4.100968778176561358e-03
5.460776733516858883e-04
1.283102132810576279e-03
6.263206093999329482e-04
6.977565914029204563e-04
2.966152065071447907e-04
1.452843974774742364e-03
9.650256632942610935e-05
3.472753595089583811e-04
1.233552450510266851e-04
5.173497681576488816e-04
9.347486636279711547e-05
1.201955623166828246e-04
5.938344287126362531e-05
2.492036527055319084e-04
1.000750630608671088e-05
