7.323441036043131236e-01
7.322605705717826208e-01
7.322973062883958439e-01
7.322212699787246093e-01
7.324220006876256406e-01
7.323706639872346047e-01
7.322031483610270675e-01
7.322373771613659432e-01
7.322972922735954127e-01
7.321345866302741978e-01
7.320991409009751649e-01
7.320991409009751649e-01
7.321822318678741226e-01
7.318284625389511744e-01
7.320848856841464247e-01
7.320673202749334862e-01
7.321225964670201591e-01
7.320640970720078133e-01
7.319817636263858951e-01
7.319241597971615221e-01
7.318626001943142612e-01
7.318284625389511744e-01
7.315510259754600675e-01
7.319347190517869750e-01
7.318485998892724220e-01
7.318881624380819684e-01
7.318356713813440884e-01
7.318407776273168075e-01
7.317816708488590338e-01
7.317028737607909061e-01
7.316342105141351304e-01
