7.323441036043131236e-01
7.321591771594149201e-01
7.375937055233010575e-01
7.331557147572251854e-01
7.328503630094149734e-01
7.355929173396134058e-01
7.330342467502222181e-01
7.312131924818876527e-01
7.342670930785549777e-01
7.203061127907197658e-01
7.158233198945527231e-01
7.267299939286955279e-01
7.263780253637026618e-01
7.260224564893440480e-01
7.236397269053194137e-01
7.210906366184908212e-01
7.182438829625439336e-01
7.136839390047285958e-01
7.106197620882515054e-01
7.073784496105162134e-01
7.030940858934346949e-01
7.083875834746162781e-01
7.038070207949207457e-01
6.979869107549532270e-01
6.934646475231920348e-01
6.928401882560415448e-01
6.879332360328537233e-01
6.808974999690429186e-01
6.732780944763094855e-01
6.761947224009638990e-01
6.720317570817023745e-01
6.655831889822738656e-01
6.632666483276438152e-01
6.556668779565292260e-01
6.527016177079776327e-01
6.441135100714958650e-01
6.420393820433678567e-01
6.325682964129607511e-01
6.210097108814665035e-01
6.080795374196924508e-01
6.109768110542950215e-01
5.956369011231157362e-01
5.814373015154290503e-01
5.889640858437585891e-01
5.700322136475735046e-01
5.557093347412278561e-01
5.427673209170948976e-01
5.243187526211300353e-01
5.256455454779342951e-01
5.063957657606560359e-01
4.874161185858999490e-01
4.825074798683323118e-01
4.624239924406470248e-01
4.708435112372363340e-01
4.378672105984550145e-01
4.163735930852185962e-01
4.146833018686206795e-01
3.931891175594486310e-01
3.814614864241500092e-01
3.595251469705699199e-01
3.494320149254066532e-01
3.249555204059837443e-01
3.356971251109144294e-01
3.050143757194129224e-01
2.859520493051335155e-01
2.867446044736885469e-01
2.619799604893046086e-01
2.453483687866859775e-01
2.348690755811942976e-01
2.228402911998598190e-01
2.262806220393306367e-01
2.190173751131039293e-01
2.161008221089880665e-01
2.003577479658644744e-01
1.963217402473756978e-01
2.151893587293638443e-01
2.519134492400691983e-01
2.389561769034684868e-01
2.652527614643878096e-01
2.354775293031485806e-01
2.167574793645992148e-01
2.391994766847170828e-01
2.222155233092043547e-01
2.276176451501297215e-01
2.698603573603023387e-01
2.171640836889294768e-01
2.339207365382733883e-01
2.162115827445765248e-01
2.053865703853415825e-01
2.102890090300861825e-01
2.105570846984781141e-01
2.137168266232349900e-01
2.278752786412496789e-01
2.077682759299985804e-01
2.079700665531351023e-01
1.833432535969179433e-01
1.797650445346178349e-01
1.804859093764620281e-01
2.116985319371975649e-01
2.012677483198124229e-01
2.157958458183625305e-01
2.004735784598731252e-01
1.978152694558970026e-01
1.951765183317256680e-01
1.883208278807035896e-01
1.891963716169168253e-01
2.145602751706330302e-01
1.917611291449036193e-01
1.714024878683776398e-01
1.688982040207501756e-01
1.807658100309340599e-01
1.625488414752304100e-01
1.590067446344605173e-01
1.893796296202158169e-01
1.598372696667186288e-01
1.928715542535079930e-01
1.796712301900975639e-01
1.952702897325591103e-01
1.793036656162820819e-01
1.650351864307836314e-01
1.727157734621193041e-01
1.559625138757780860e-01
1.537555012174661728e-01
1.519895987010673188e-01
1.497801707457709908e-01
1.790888855485799347e-01
1.432532369515819859e-01
1.397399124221295752e-01
1.729034087722816082e-01
1.635774564965820632e-01
1.562266664775195935e-01
1.405659676389630075e-01
1.477603660925188578e-01
1.410389734623194169e-01
1.348108468126423265e-01
1.327223131589528871e-01
1.307384635420981711e-01
1.287634132411862309e-01
1.361938717176127689e-01
1.251995545341092475e-01
1.231689247923276609e-01
1.246912285394784492e-01
1.317519551572264858e-01
1.215341344407091517e-01
1.204591279029292306e-01
1.158920177798217210e-01
1.139525713932177942e-01
1.140763424003724547e-01
1.235046864092322894e-01
1.114462794719770500e-01
1.105509865023238669e-01
1.326167103162666505e-01
1.240233252551413701e-01
1.107657539699039573e-01
1.127975128894473933e-01
1.152665999592418222e-01
1.181111037627848859e-01
1.097324180254624082e-01
1.101587757714007632e-01
1.118706582024224794e-01
1.186368873447509742e-01
1.137710096506423518e-01
1.187556222583014964e-01
1.124783462410078316e-01
1.096142527128115551e-01
1.098998301459901406e-01
1.143487221729748704e-01
1.116740281729822204e-01
1.118646418213543603e-01
1.088528210438443056e-01
1.089411055799887063e-01
1.093332303784622095e-01
1.121813419322392757e-01
1.103823760665859632e-01
1.112896721903736674e-01
1.109923561594026165e-01
1.122976820934289410e-01
1.099538666975274914e-01
1.115155123497260092e-01
1.098522977313004523e-01
1.092449487477300529e-01
1.099204835347399323e-01
1.066419632133089879e-01
1.062223822095570425e-01
1.096192996096074790e-01
1.093526723331165185e-01
1.079751237093105054e-01
1.071444423846041882e-01
1.094117707589615796e-01
1.058202070806629758e-01
1.050314899717071926e-01
1.072928971268792830e-01
1.044832674551682272e-01
1.026019316159030303e-01
1.041562674389043819e-01
1.054376840152513317e-01
9.991118882112692834e-02
9.777369244738198795e-02
9.916356159730654873e-02
1.015125607345660486e-01
9.623766926800936261e-02
9.338852353516413629e-02
9.059885779245402393e-02
8.614510761977667297e-02
8.805868349689238705e-02
7.655109339120069745e-02
7.084049214673038275e-02
8.548968769649611943e-02
7.732713689827874770e-02
6.027468575344374635e-02
5.437693305455471027e-02
6.275841757767963713e-02
5.246988969110222278e-02
4.683030826619238862e-02
5.000036929713747025e-02
4.558750357747998194e-02
4.104580944071212212e-02
4.084629520861848828e-02
3.671726666822661134e-02
3.077435043839493733e-02
2.606727008013898228e-02
2.834446581212568539e-02
1.813444271884057102e-02
1.394021330151373750e-02
1.628998169875284230e-02
1.893018245808086863e-02
1.127968644565036094e-02
9.709118175817765817e-03
8.103184270240482157e-03
6.689167040147214749e-03
4.074387598010598133e-03
3.182039867949404410e-03
1.899017734305563643e-03
1.401218808890103418e-03
4.893849679251216500e-03
8.719890674048103030e-03
1.099908992145182118e-03
9.199697101668347088e-04
7.659685744136668362e-03
8.722509179626469766e-03
7.374984858498079277e-03
5.320853548149040435e-03
3.336368026795044628e-04
3.223184158951397649e-04
4.449313829459899949e-03
2.801454073229148189e-02
4.479848545754006039e-03
4.830915538773794538e-04
1.128850419070959177e-03
3.616195351506812372e-04
2.986361816735394470e-03
1.461223125542199242e-03
5.014547646711164930e-04
4.696301541000424962e-03
8.109836359678768147e-04
1.003474907484203094e-03
1.304676737264087727e-03
6.735756123127378814e-04
1.561551285856777049e-03
4.778699691079246747e-04
9.015083923850086833e-04
1.319529814105546706e-03
4.103421690649922127e-04
1.050520983705949263e-03
4.998862269262049907e-04
1.731174440705696149e-03
2.111191346807483882e-04
5.946978084918619345e-04
3.237984811164107413e-04
1.864647561475862858e-03
2.459317506845470902e-04
2.174371999544844059e-04
2.861063687162879177e-04
6.108885602538194348e-04
2.142828276907593477e-04
4.901196402516960759e-04
1.723457836666497656e-04
1.286250187233384246e-03
2.303106044881930714e-04
4.643404765697356495e-04
1.324757584936220312e-04
1.363416617949919640e-04
5.101204996985631013e-04
9.881512134668479774e-05
7.446765401570853982e-04
1.334399988298651252e-04
2.916557735813674057e-04
1.608635623664422809e-04
1.815148364952001714e-04
2.438953647851960227e-04
1.135026935474847676e-04
5.468291320447349335e-04
6.589619024055526353e-05
1.523481319560815450e-04
2.648298155365491624e-04
8.132156500972875790e-05
8.429417866484545385e-05
1.271020477907613966e-04
1.072162508262142211e-04
3.461860205362654597e-04
5.451202750217376547e-05
5.137337096372540657e-05
9.151649544991702356e-05
6.096006661555630757e-04
6.123520211398503221e-05
1.391395714726018085e-04
5.228350449548724299e-05
1.040729158219289019e-04
5.274601150007107719e-05
1.875370924059316380e-04
3.845010935776826955e-05
2.032731277361587985e-04
3.166324231729245042e-05
1.169945364913882457e-04
3.736453662905869777e-05
1.017548645403376639e-04
2.880652076053813460e-05
6.165479825614994525e-05
3.127292487969945967e-05
3.114604600196191342e-05
6.446467016441026487e-05
2.426115929021754880e-05
6.459255228952187622e-05
2.353104591923393940e-05
8.385478410755098366e-05
2.128045638627451552e-05
7.731767557639379618e-05
1.494742508323376740e-05
3.664314765694509646e-05
1.717633109477034736e-05
6.589112343269309946e-05
1.247616529231887483e-05
6.349667383465096293e-05
1.244014839330009892e-05
5.167611852907594283e-05
9.325694535378126204e-06
1.784483837186101596e-05
3.581881458636360094e-05
1.048522085933534242e-05
3.314459120007384740e-05
1.028209485498532416e-05
3.369836755418020857e-05
8.925498159340072846e-06
2.695846539202406689e-05
8.058398891397366981e-06
2.689443243908407055e-05
7.212624575481108025e-06
2.738045859895787970e-05
5.993370412848975093e-06
1.580376365428737273e-05
5.730381623103575350e-06
1.528610386813955557e-05
5.603911190199539760e-06
1.796739683590509173e-05
4.324355127649504027e-06
1.394789319097977653e-05
4.550853765716844634e-06
1.110418111671673813e-05
4.229752550766185948e-06
1.513207636760771635e-05
3.665938080321673453e-06
1.070286821536203803e-05
3.690655167920553481e-06
1.210155262432177636e-05
2.969645069073045818e-06
1.184426924960568783e-05
2.342507245511882275e-06
6.432771901265788017e-06
2.695634553684378432e-06
6.724849611616789957e-06
2.548116604716987865e-06
5.549728187448366157e-06
2.062616373255110602e-06
7.967046740442462749e-06
1.736795301354732146e-06
4.701874678159079224e-06
1.953485194494675170e-06
4.992852404628322915e-06
1.659947947207918162e-06
6.028949253944482223e-06
1.521375290525206481e-06
5.420996046612280850e-06
1.193356976347814680e-06
2.897866378970270773e-06
1.270606791781148104e-06
3.390605167519211705e-06
1.128286076457207798e-06
4.291563416414234666e-06
9.403471816771258318e-07
2.339841993936886411e-06
9.538172452971949156e-07
2.342727338122685410e-06
8.871953185440872858e-07
3.076109086785905333e-06
7.077149329903775765e-07
1.961674258255108327e-06
7.676109119447716012e-07
2.769874018593299070e-06
6.123708455874066203e-07
1.294752249303421365e-06
6.031683883467309215e-07
2.226501552349269275e-06
4.761507857997671067e-07
1.459004297821309137e-06
5.070271017482141929e-07
1.163775221635354740e-06
4.345434788666224790e-07
1.690512124730148003e-06
3.823275750436394560e-07
9.453886530286226275e-07
4.161571569571975715e-07
8.143660024106935680e-07
3.612369325889375204e-07
1.331502664791983648e-06
2.823870401957861986e-07
1.255677240297181640e-06
2.378335309805024167e-07
5.090417662945156962e-07
2.296496587339547091e-07
7.798313906848264310e-07
2.144861485087190545e-07
6.305824623575873034e-07
2.096973504839283464e-07
7.112042587076317091e-07
1.807027183442500018e-07
7.395521781639047276e-07
1.685258163020009192e-07
4.980378957020192843e-07
1.702504207612420828e-07
6.901610710707828389e-07
1.433758115565453295e-07
3.026522392701735953e-07
1.326916179156256703e-07
2.638078067107585412e-07
1.103736831931101392e-07
2.419349808269188884e-07
1.068590390618240349e-07
3.402478275793541229e-07
9.024955061054384942e-08
2.629758655281477786e-07
9.401600853387037660e-08
3.207453290743345065e-07
7.337533680651375789e-08
2.055627491559519626e-07
7.722225081607803077e-08
3.328262764279443786e-07
6.574092881184157022e-08
3.054397804680419881e-07
5.496239474656050561e-08
1.273458071215927134e-07
6.048624523469214864e-08
1.051781761685077754e-07
2.501232877483161587e-07
3.897842359990022487e-08
9.634542097458620447e-08
4.526800345683312798e-08
1.091035550793151288e-07
4.342975379323377183e-08
1.913008442766539474e-07
3.451144670041372819e-08
9.280877188988512216e-08
3.582634089394076682e-08
1.448342364929189330e-07
2.939420384873159264e-08
5.772308997453734492e-08
9.935046108022760336e-08
2.581138058843635008e-08
5.553218207499099890e-08
2.645225394282135767e-08
1.128988319498702708e-07
2.153882683320063052e-08
3.855070962455187100e-08
7.995993800413714325e-08
1.770043411841726311e-08
1.020909928817204104e-07
1.358430568032531482e-08
3.321125252586654142e-08
4.088242544497688868e-08
1.688374595687491819e-08
8.140032436987354458e-08
1.279889993988092556e-08
3.952169902454727435e-08
1.571246088793998297e-08
6.010695152713907419e-08
1.191334986216929792e-08
1.792590365035096056e-08
3.110778878934183922e-08
1.192401688498989643e-08
5.444124762110646998e-08
7.662911305494901626e-09
2.097434881331849965e-08
8.565267051174885182e-09
1.104512448169003846e-08
2.553723310594335771e-08
7.192468842731614131e-09
7.192468842731614131e-09
5.785539710267961766e-05
1.923780983086875729e-03
2.701136884148969131e-04
3.946825163358980149e-07
1.787340893629751903e-04
6.826662765546664957e-05
1.511993495941776899e-04
1.090225394306809648e-05
1.767481580014718112e-03
7.897743388995959180e-04
9.477467016212326456e-04
3.434351977465999184e-04
4.741316204590617644e-04
1.430132094328850911e-04
4.436122885634885549e-04
1.165493428209041227e-04
2.039190248246391945e-04
7.478057577270380563e-05
2.123578029202821682e-04
6.594698733530801604e-05
2.091205009040475460e-04
5.988455599270636753e-05
2.048768882988438733e-04
4.761591708246637467e-05
8.463318686990906059e-05
3.114394920489260699e-05
9.021267601516669288e-05
3.056818277136219564e-05
8.034207961427064504e-05
2.956880207294343421e-05
1.044292761297471728e-04
2.465448500832412293e-05
4.288519156070424998e-05
8.618798569315355707e-05
1.927489710484842078e-05
5.725722046157066814e-05
2.075582281491072933e-05
3.313792641335133737e-05
1.451037516475572886e-05
4.008307798797350330e-05
1.358216943336820748e-05
5.830207525492347997e-05
1.150307977304532159e-05
2.516688022524693480e-05
1.168018519548397194e-05
2.457854903326062157e-05
1.003351221307013930e-05
3.308509308475038324e-05
7.930497119890134172e-06
1.664970416803690512e-05
6.668522367747620194e-06
1.923227731315257927e-05
5.933119680223697401e-06
1.470797278424473831e-05
5.268665666080529775e-06
2.073360554943892708e-05
4.642716803782143131e-06
1.731247164749039058e-05
4.645399477198886018e-06
1.035532785076398454e-05
4.921467167462445502e-06
1.426712207841518421e-05
3.237661080568443595e-06
7.187762094074123809e-06
3.131658021571226413e-06
8.001643572841388163e-06
2.649887177019749629e-06
5.804798413056033723e-06
2.464049964290282446e-06
5.263188767368198739e-06
2.366122110686319502e-06
6.685946452700264331e-06
2.018230005118581971e-06
9.200036880097073322e-06
1.803765222962994130e-06
6.173525303410087872e-06
1.311242197821194111e-06
3.068595948452212951e-06
1.476448615589376345e-06
5.680664236340504658e-06
1.024180964814824790e-06
4.428069164119641243e-06
1.041438405069428086e-06
3.060428755530253397e-06
1.131642859641956989e-06
1.221300579667961017e-06
3.387354443828982653e-06
7.158260215689438155e-07
2.546125417834943505e-06
6.169713749892835608e-07
2.507239231674951441e-06
5.329495990080701517e-07
1.293284948911122001e-06
5.867154487804171481e-07
1.004431685491802284e-06
1.587586105578076001e-06
4.500659431805331678e-07
1.311585160590489352e-06
4.628848858656553489e-07
9.548088394373266397e-07
4.548948664417906684e-07
1.429831984367524456e-06
2.773187337545834907e-07
1.152730569331517074e-06
2.508344312257548836e-07
6.094316197247096056e-07
2.803559872033289935e-07
9.897388367763326755e-07
2.188254517587751025e-07
4.550082992604842502e-07
2.196437572932197213e-07
3.964945328727154106e-07
9.460495267177293499e-07
1.721040100433057773e-07
4.047894537340113175e-07
1.851868929314548495e-07
5.712476005559352643e-07
1.555995541302479523e-07
7.267370425445562887e-07
9.845746040682001876e-08
1.769388995320753111e-07
3.191856061679487766e-07
1.121273482951323786e-07
3.206568170988077782e-07
9.460379635228832740e-08
3.666060981455387946e-07
9.153092406233298561e-08
3.421524303881540163e-07
7.384490541273436293e-08
1.778683619280130301e-07
8.458337996675169279e-08
1.959511651827838818e-07
7.930311440862425343e-08
2.168856861883838860e-07
6.387386797257477156e-08
1.707468036959980395e-07
4.787198770728195996e-08
1.229996337004379825e-07
4.434987654899913423e-08
1.467832244639311057e-07
4.014782073458178502e-08
1.599824361875334944e-07
3.773912715665517226e-08
8.818657071252289370e-08
3.993214026110081249e-08
9.449345717005286360e-08
3.612385701678988426e-08
1.181958266815996694e-07
3.077497423564778956e-08
8.981584254108554433e-08
2.675352450687285000e-08
7.854699235476658714e-08
2.004988930437434647e-08
4.919082241539030065e-08
2.059796322395612833e-08
6.793669848903505226e-08
1.664180226956801789e-08
4.073335357901441967e-08
1.887658152011084667e-08
6.711762901012718885e-08
1.538823468649752613e-08
3.942123505407124640e-08
1.681779471240929524e-08
5.058895224951953651e-08
1.280126793457014855e-08
3.579123042385390363e-08
1.157591844602734454e-08
2.290250566971963053e-08
9.574741888229709730e-09
3.270990134307538710e-08
8.412475271946107114e-09
1.904424740128973781e-08
8.927528050151067873e-09
1.928744841617202610e-08
7.707013138791296569e-09
2.760248141164822755e-08
6.886407222239654402e-09
2.900782014592095948e-08
6.126455232013938712e-09
2.078497263191536604e-08
5.400128233468137751e-09
1.374609470694565516e-08
5.239223943576121201e-09
8.970567844102106392e-09
4.182708845945626308e-09
1.560572238101798348e-08
3.652000146736611441e-09
8.847384158627846773e-09
3.935647585606716348e-09
1.487583156656313577e-08
3.042445406720162282e-09
1.181320319343370784e-08
2.978981505918909534e-09
6.552208553500804555e-09
3.073416188215105649e-09
1.232211366275492992e-08
2.385685982098095792e-09
5.304101158287721773e-09
2.512039798396870083e-09
7.823311443111435892e-09
2.236148044509889132e-09
8.278126850669309533e-09
1.648676972720863887e-09
7.285325231976003124e-09
1.611374256249575865e-09
2.643619101405647598e-09
4.746445014802702644e-09
1.297766338836936484e-09
5.515652712340113339e-09
1.223062096045168801e-09
4.477832105109769145e-09
1.269910288037578994e-09
3.199054465774509026e-09
1.200347488072850410e-09
3.740511678174129884e-09
1.080040723522301960e-09
2.890076622463766398e-09
1.080405875875101174e-09
3.854758068300156992e-09
9.067108175386806579e-10
1.669829718942139607e-09
7.773245380704452145e-10
2.037325641524034836e-09
7.213616370904674113e-10
2.195895021372962219e-09
5.343184783512811009e-10
2.040585478368939221e-09
5.316485029993600619e-10
2.355996286951267393e-09
4.851337109812448034e-10
1.309425901041549878e-09
5.613960407657714313e-10
1.090419976534917623e-09
5.102496203335249447e-10
1.722401443693399870e-09
4.552591637008163161e-10
1.741197852567211157e-09
3.573683571289620886e-10
6.680358488608817424e-10
1.415992989528547241e-09
2.820531586067431817e-10
6.631563076453517169e-10
3.133370229946308427e-10
6.244934569465954155e-10
2.588727010532920758e-10
9.361493802373388462e-10
2.173007329631104767e-10
8.996781097891926038e-10
2.193133452621509605e-10
5.199197739003125207e-10
2.401127074946884932e-10
8.547508256739888566e-10
1.977192853885867407e-10
7.451531613966722034e-10
1.912527913816575165e-10
7.191848228060848669e-10
1.396796012187451197e-10
2.359984430100325881e-10
4.971870692926927404e-10
1.142631544936989485e-10
4.845032153255601770e-10
1.032764984643108619e-10
5.274680692224364975e-10
9.033418457704556204e-11
1.938601501549896966e-10
2.970735879515018496e-10
9.632972197692879490e-11
3.953682936597147091e-10
8.729661438167113374e-11
3.837484774393828957e-10
7.818112823798628597e-11
1.760183110377511184e-10
2.775303320490252190e-10
8.290323982862446428e-11
1.980712260873929154e-10
8.103329118824831312e-11
1.725385390116684903e-10
6.250755468784063851e-11
1.990456688361064153e-10
4.647160434245733995e-11
1.927269455137547993e-10
4.122657770722071291e-11
4.122657770722071291e-11
3.275467495511552585e-05
1.449382051373904190e-04
1.932971223299606578e-04
2.090071489901923485e-05
1.331581495757072631e-04
2.834189562417321895e-05
7.852111384365478841e-05
2.232381759958990131e-05
1.225370252282420580e-04
1.169868650946481736e-04
1.224258830956337363e-04
2.590708340215464034e-04
4.741600329949413606e-05
1.400858222666556685e-04
5.716440222536256499e-05
9.443139725218152591e-05
4.244526687380290042e-05
1.399475344245892927e-04
3.150342063085176392e-05
8.014318814875132091e-05
2.545954346233614274e-05
5.035964582600360728e-05
2.218537845510848427e-05
5.171430609107741105e-05
1.916775734300824041e-05
4.600960024236933066e-05
1.420490264880669429e-05
5.061279261731055357e-05
1.309120073345049207e-05
5.403653996305379792e-05
1.121172190021724191e-05
3.265184158440792572e-05
1.154189911745095998e-05
7.283183165884832277e-05
1.255234538366511998e-05
1.857303832841772362e-05
3.818791680376687481e-05
8.295789553969257213e-06
4.208985172537982322e-05
7.202914955817263376e-06
1.536044324923491189e-05
6.954845958362376734e-06
2.065371938886340075e-05
6.103735957885270125e-06
2.068282118594666485e-05
5.481697175846456105e-06
2.527747683633840836e-05
5.604341575926596875e-06
1.436187851411308003e-05
5.245427996847240593e-06
2.327166472859687474e-05
4.295764427064696633e-06
7.139225376429081393e-06
1.211399377587518700e-05
2.997097335200038515e-06
7.334285549664976145e-06
3.379433205608073365e-06
1.326450361094355657e-05
2.758045918760387849e-06
1.191553778534526487e-05
2.420766878619140527e-06
4.752220241543980706e-06
1.081271023373187035e-05
2.142254775239216258e-06
9.120200859302762808e-06
2.180278798835644238e-06
4.854902559414675522e-06
2.260179478463797409e-06
8.438203774940866708e-06
1.701750706795124302e-06
6.922186058577750600e-06
1.345833798294115979e-06
1.823738796202789558e-06
4.258489773478757456e-06
1.166142383435264662e-06
4.058888783187164506e-06
9.971625888338664367e-07
4.533282510932323817e-06
8.765638539465214762e-07
4.025672400209678869e-06
8.837904551528552588e-07
1.890540629045922572e-06
8.696242138617193973e-07
3.477237888516171438e-06
7.201402307810411685e-07
3.442818427124016978e-06
6.610180629529338603e-07
2.939785887501322748e-06
5.162775097433680571e-07
7.544941754700218439e-07
1.492558216575901042e-06
4.246699280008314759e-07
1.462091043902269405e-06
3.664832117777905296e-07
1.617332666792314910e-06
3.509535716483824785e-07
1.845745386308550451e-06
3.312580327818892556e-07
6.530739762311554841e-07
1.506154589492325613e-06
2.754126985360372259e-07
1.422329752420736781e-06
2.527279854280806148e-07
5.151531187186364491e-07
5.822887063633430671e-07
2.371201132111977472e-07
7.208402529323976182e-07
2.240160741351360230e-07
5.903644303417721062e-07
1.848099362433686110e-07
6.356243430483132784e-07
1.495305840260030550e-07
6.146512022686678733e-07
1.433065531797339531e-07
6.754450686541346727e-07
1.283757308234712013e-07
3.082279911303942299e-07
1.292267339803032655e-07
2.330147931273174322e-07
4.691140157442319492e-07
9.310852477906195190e-08
2.106764497300517291e-07
2.681374945412429156e-07
1.018430643151546633e-07
2.703766623923797852e-07
9.386617649820294673e-08
2.554301037349659964e-07
8.067002799094780130e-08
2.756794622582603438e-07
5.981305040148043872e-08
2.565593856251879856e-07
5.829453608718893065e-08
1.670395380903855198e-07
5.829698801473881531e-08
2.435900651187594690e-07
5.137056147130891759e-08
1.033035823549965926e-07
4.863912994590435801e-08
9.496662112251641474e-08
4.459471036888373874e-08
9.617377139115035334e-08
4.379721296743355197e-08
1.124722980305747910e-07
3.533925818643979255e-08
1.269540492732090797e-07
2.280037703084047962e-08
8.323667832765835328e-08
2.580887692449351789e-08
1.004724927700095805e-07
2.435709678394459843e-08
1.053238513071264038e-07
2.029554757587703762e-08
4.478836457266766047e-08
2.129914600246252121e-08
7.273373370253466419e-08
1.911100744322880018e-08
6.557463416712039361e-08
1.933893800654118422e-08
2.366892359884076313e-08
3.772702161786156694e-08
1.108809410954592067e-08
3.533274506306582907e-08
1.047016084942953285e-08
3.526222569494308345e-08
1.010434869108678413e-08
3.907487666765518952e-08
9.342990825444985603e-09
3.165441997410312069e-08
9.141145840274589318e-09
3.460382014264240524e-08
8.351715874432841247e-09
2.084952877012824501e-08
8.994843314624745290e-09
2.328611459212481805e-08
8.610701041078527851e-09
1.567193130824762193e-08
4.812770182383019346e-09
1.567485785614053384e-08
4.461462310700881062e-09
1.498492729901101939e-08
4.322142754809021881e-09
1.702926621938161134e-08
3.751110089211806553e-09
1.412115013810222308e-08
3.890940902806505619e-09
9.772645470640384247e-09
4.172142853420268693e-09
1.116203907081114721e-08
3.822124172714325141e-09
1.245069014554900377e-08
3.562008243918057815e-09
6.596531987312914680e-09
2.110370211916290373e-09
6.867118096387514470e-09
1.888364353774818483e-09
6.447957612287780194e-09
1.849938202624912265e-09
5.250653800636939650e-09
1.866488408275301936e-09
5.713140294183460810e-09
1.667245563830022093e-09
5.189965013308039943e-09
1.673272853608409605e-09
5.999393093425453571e-09
1.570945484807850789e-09
5.448271167551865801e-09
1.509213976014223135e-09
2.776841312446265420e-09
9.373253284650218120e-10
3.006513260572774016e-09
7.925790024287948654e-10
2.196953396982337381e-09
8.488253433469594711e-10
2.696086576214895558e-09
7.955355263433716573e-10
2.363205631183973310e-09
7.256175660330654864e-10
2.303688018123750680e-09
7.258650347452544338e-10
2.624383488303294598e-09
6.492275606007069655e-10
2.400000087554587935e-09
6.329122781423279775e-10
1.156856832551511616e-09
4.242480811100790561e-10
9.838656556127034492e-10
3.872905329771469951e-10
1.288003259602987782e-09
3.318740837698896939e-10
1.095149304575215865e-09
3.462383713070948943e-10
1.159645490744765084e-09
3.040910856455525391e-10
8.474128065927288844e-10
3.304273521465006525e-10
1.153942164044963192e-09
2.633150364417247147e-10
1.065603827399286274e-09
2.615109240267088353e-10
4.760973837392157293e-10
1.972380037074117354e-10
3.999645059593603946e-10
1.815694261608769011e-10
5.927177637587988102e-10
1.420773498850280703e-10
4.440380285686273965e-10
1.474583788407812790e-10
3.735151077322029778e-10
1.518337677808290209e-10
4.906098860502083880e-10
1.268560811951147116e-10
5.081998155631595182e-10
1.043217734419954468e-10
4.892694027702759740e-10
1.049792475171784645e-10
1.851906406002967742e-10
8.707012888464760181e-11
2.357344319747767258e-10
8.152700736729912023e-11
2.626738826450036868e-10
6.296685395312806577e-11
3.628788380893865906e-10
5.306655115333569483e-11
9.779022036582318833e-11
2.103495155836299091e-10
5.206557407433365370e-11
2.013712530057887307e-10
4.105737971826783905e-11
1.879336686272381485e-10
4.315880985927833535e-11
1.021328577266444881e-10
4.639921780125177975e-11
1.842885843927888345e-10
3.338584964041046987e-11
7.651546063414116361e-11
3.633049416862377257e-11
1.080737721537161633e-10
2.622257966322649736e-11
5.596656471595906623e-11
2.554345623906328910e-11
1.057987031316542925e-10
2.020938971725172451e-11
5.419908966075581702e-11
2.189348702330562446e-11
3.260336445265465954e-11
8.209111168611116227e-11
1.912170422002645864e-11
6.150302489515979687e-11
1.721711662128200260e-11
6.629774507160846042e-11
1.459055098962380725e-11
6.263956020546856962e-11
1.333932964087125583e-11
3.687650185213442455e-11
1.482280964637539000e-11
2.544731092513075055e-11
4.274502973800053951e-11
1.092248513856475256e-11
2.398381493406986920e-11
1.114253134204545859e-11
2.917210917274815074e-11
9.662159961010274856e-12
3.199440712364776118e-11
8.370193427253980190e-12
3.272071502635753859e-11
8.753775482261971774e-12
2.672839727324571868e-11
7.196021556410414632e-12
1.811284455754957889e-11
6.614486736111757637e-12
