4.785086816692400991e-01
4.623671602533278024e-01
4.717979665366818232e-01
4.548077151871628976e-01
4.416483768676120469e-01
4.311345693513146671e-01
4.084376089974315338e-01
3.829625172313916304e-01
3.363978365203538212e-01
2.968344442794091931e-01
2.167328026333117386e-01
1.391615513690650507e-01
3.011171692245728782e-02
1.724882199611843525e-02
4.055420323678338157e-02
3.667909029216442907e-02
1.892024193342112248e-02
2.269557352246043269e-02
1.104497323084641103e-02
2.159745101682197799e-02
2.025535583162252351e-02
2.114596928839795886e-02
1.570183502892108507e-02
3.669769013072365915e-03
2.989373641165937734e-02
1.255710482748062518e-02
3.357143932971040634e-03
2.389068457679832669e-02
4.517985301052185321e-03
1.300146350228570391e-02
6.877568874708028801e-04
9.770210088591024800e-04
4.652140526511194807e-03
1.216259888026427483e-03
2.789113388786512715e-03
1.802256727302387063e-04
4.763637726088454372e-04
1.366714505445565386e-03
1.827978816890674096e-04
4.747895111880673369e-04
2.389077137692208197e-04
2.366693244733042434e-04
1.172985077162458367e-04
4.829914254418365971e-04
1.739481564255740409e-05
7.967008649911733187e-05
2.137802284050138724e-04
3.426737811540458978e-05
9.698289994630737709e-05
3.567912138602302718e-05
5.264743118915671261e-05
1.364054969554828745e-05
6.525909412880004368e-05
9.365423882301548986e-06
