4.785086816692400991e-01
4.648782696930152669e-01
4.887545134447055517e-01
4.531243062213270445e-01
4.326822046718428183e-01
4.154792276784204930e-01
3.778592210698789033e-01
3.373854303277048494e-01
2.626599678931860193e-01
1.972542926371712024e-01
8.372712408923621563e-02
7.824534029883367658e-03
6.014950066691282515e-03
1.180126314378776575e-01
1.143852166976655482e-03
2.649241881587103276e-01
1.098029005375256162e-02
1.034234763365652343e-01
2.105943679893207410e-02
3.657037505817362089e-03
2.085516586936386751e-02
4.157955470600172010e-02
1.502654048207152648e-02
1.662471812036570018e-02
9.553708232912017095e-03
6.326496219217103700e-03
1.755309355432332907e-03
4.591683370916865847e-03
1.734265574916626917e-03
4.403732442622931842e-03
1.288756117691081116e-04
7.438291492523063653e-04
2.072034448065696033e-03
3.614555075122094507e-04
9.621646982866938203e-04
3.114178233140085794e-04
8.094688998036003724e-04
7.169534040674108155e-05
2.528318208083746299e-04
1.124062230069000634e-04
3.117922312747545277e-04
1.825339820038518468e-05
5.905970666708615369e-05
1.492824221028810072e-04
1.656468434974023296e-05
5.729384753161426147e-05
2.824254490452204891e-05
2.993424078301387681e-05
1.370761942731668626e-05
