7.234757802196227772e-01
7.062621696984551223e-01
6.940615604477713418e-01
6.729182020332853398e-01
6.418027715772016695e-01
6.251644199844743621e-01
5.752696669995022161e-01
5.065308487743177546e-01
3.978139330047276712e-01
3.254281630699088490e-01
2.082432276698701346e-01
1.792607700406447790e-01
3.601472208929967778e-01
3.076479973907563226e-01
1.998278072604103839e-01
3.195005874835125104e-01
1.767642123429229439e-01
1.960132213340358698e-01
1.804177062015251964e-01
1.823607654511647524e-01
1.767146870729057184e-01
1.900408050155133477e-01
1.759994987415502976e-01
