5.286366563617694858e-03
5.317437135669345061e-03
7.677133857186047017e-03
3.370410949895541464e-03
1.886353053804357138e-03
1.881151593298602265e-03
8.511484428437299243e-04
8.952838688403019773e-06
1.254529110293667316e-03
2.681948497444963664e-04
1.800431159855064855e-03
1.435180886057985106e-04
6.407772944116985059e-04
5.647144159615091752e-05
2.393235240254476537e-04
4.137247360480600378e-05
8.218939216397824765e-05
2.513594316322365074e-05
3.844550161546944622e-05
2.039860289460015963e-05
1.108784228653902915e-05
1.012092915386730851e-05
1.627393924485964760e-05
7.649254559538576359e-06
