9.768975191690888460e-01
9.717826472605780586e-01
9.707922512325585229e-01
9.677994951712283189e-01
9.793464092463826098e-01
9.789373142376217585e-01
9.812681609935690608e-01
9.778135739041398100e-01
9.748680374961482542e-01
9.655160944860815553e-01
9.624845319610769723e-01
9.639986226564176697e-01
9.603424205266565261e-01
9.570243051100021381e-01
9.557391842598982334e-01
9.517899192009475762e-01
9.492188120453972644e-01
9.442118941865733639e-01
9.423807372955714801e-01
9.364121004782032243e-01
9.386846921939270283e-01
9.300275344727084725e-01
9.230328537577937587e-01
9.215498337228137382e-01
9.137108044218955616e-01
9.131277758234677133e-01
9.046902472586266786e-01
8.969141791417473142e-01
8.857702173276976731e-01
8.850809447561717169e-01
8.731464593324029799e-01
8.695687859770876438e-01
8.559293217024402933e-01
8.560920657991183402e-01
8.397285936172411702e-01
8.238264656172371581e-01
8.085742908131178242e-01
7.877144841362522243e-01
7.901955230144948050e-01
7.676423133393570630e-01
7.446223135977848573e-01
7.341657930934761822e-01
7.074369068738748378e-01
7.129587766539373650e-01
6.841239402765990629e-01
6.557408352250384542e-01
6.504129897674242322e-01
6.195913731165858529e-01
5.804419845344925832e-01
5.386011398051024912e-01
5.467480153877678495e-01
5.250275114639040286e-01
4.868272004700496813e-01
4.451352079119658134e-01
3.967349102962169916e-01
4.063928644819025937e-01
3.669505892626874211e-01
3.206976894841488956e-01
2.614077165422195037e-01
2.002157161276745256e-01
2.059343048821169475e-01
1.418129361540692024e-01
8.026869021680460570e-02
1.071585188347807804e-01
8.687886285049128965e-03
5.466119662783408550e-02
5.235772656537029945e-02
8.654065973345681506e-02
1.814673940543394259e-01
2.372686269489305833e-01
1.579813929906417336e-01
2.125447908948800979e-01
1.356588651941189605e-01
2.179084583781742968e-01
1.291283102850793174e-01
2.433058824263962805e-01
1.232408462382612591e-01
2.122248191139013418e-01
1.032872256706531822e-01
1.406676125448464987e-01
9.017868334066914127e-02
1.418412264257686850e-01
8.413596012849067218e-02
1.637534139170047087e-01
8.189238439871826536e-02
1.201612015242292664e-01
7.032080335055224118e-02
1.322998863984289342e-01
6.767120516463731583e-02
9.955763609671985925e-02
5.936654555283316093e-02
1.139857540854855023e-01
5.658678356414204025e-02
9.141800900154684051e-02
5.548221961599031360e-02
1.097219810557403807e-01
5.348570632181193218e-02
8.798565780352984866e-02
5.319316780927252353e-02
8.267377354572325032e-02
4.574161553439082262e-02
8.260768269845675249e-02
4.465560173468641203e-02
6.957767523226632278e-02
3.863652982959420168e-02
6.976777744334716758e-02
3.735051615185547291e-02
6.465314883325001816e-02
3.608109215843380291e-02
6.665055392354157782e-02
3.535486842889135062e-02
6.280616039121111882e-02
3.466144861859432602e-02
6.666367349175361667e-02
3.470756747433401124e-02
5.382600773250478809e-02
2.987133320867774167e-02
5.469657370100078353e-02
2.933098800892408597e-02
4.521682032425067277e-02
2.527554006564536326e-02
4.620474033109600587e-02
2.450235809165102197e-02
4.193164090014223078e-02
2.360552460535225716e-02
4.425306291008646031e-02
2.320590519550491670e-02
4.705580810804399494e-02
2.234287159055270422e-02
3.748634230029956882e-02
2.323184493902119563e-02
3.436519152624595286e-02
1.968740195792151315e-02
3.684774265123358372e-02
1.907861005415956157e-02
2.869094017532991536e-02
1.672788312656947607e-02
3.127833863558115990e-02
1.587249325316175685e-02
2.647051433392411113e-02
1.564984849389583488e-02
2.815483335871360460e-02
1.511606830928280409e-02
2.805521415758582826e-02
1.532802637724572925e-02
2.908060760927211330e-02
1.446424217300523729e-02
2.179198677075921964e-02
1.313388918078861600e-02
2.489889289195579281e-02
1.224725728906994604e-02
1.807756875674892960e-02
1.123551634972363988e-02
2.122827326821608018e-02
1.011085716205051277e-02
1.660225045804830657e-02
1.054688382915891509e-02
2.086682216398449974e-02
9.739722499448655313e-03
1.589782036372522356e-02
1.023315304471861253e-02
1.997162362294024884e-02
9.146939913276641576e-03
1.328714919330820088e-02
8.968104585302727472e-03
1.732936497823100996e-02
7.645820041002338030e-03
1.083914221445025916e-02
7.416965768804795189e-03
1.455949608793716266e-02
6.579503740160586034e-03
1.521579989097276986e-02
6.227884321297727510e-03
9.137690143811161292e-03
1.360921241906110080e-02
6.130725254921198797e-03
1.370570192885911531e-02
5.597872961967231831e-03
8.315690648474483027e-03
1.236648088122205280e-02
5.603096782877847737e-03
1.203941249805451363e-02
5.226452784623081271e-03
7.480288865988726776e-03
1.061239333418473318e-02
4.804096823667780569e-03
7.605026523733959820e-03
5.117611088123141805e-03
1.045982245926779797e-02
4.637193474362755197e-03
6.320129893668147147e-03
4.322236404248780417e-03
8.611902930930614986e-03
3.893928858493933554e-03
6.267079596294244936e-03
4.211499798892459623e-03
7.914802699942047326e-03
3.472755480059319666e-03
5.504665412806697411e-03
3.764305363044062602e-03
5.370905970923489647e-03
3.490965230573794820e-03
5.974066028718860721e-03
3.381296709115910737e-03
6.011073302394587259e-03
3.121399417798320641e-03
6.211110014546217251e-03
2.946070280636314820e-03
6.261808138312674465e-03
2.677335350174780970e-03
6.538821704613950736e-03
2.541155630247260433e-03
3.189125896942535121e-03
4.808025188215658829e-03
2.421697235659325820e-03
4.683175795489491477e-03
2.182606804360776032e-03
5.076140815933882777e-03
2.128459568448648476e-03
5.321577355680062738e-03
2.019001114338059288e-03
2.563838579730637335e-03
3.907149864254888527e-03
2.026184523831631168e-03
3.956720210964714823e-03
1.869137724035851988e-03
3.899131228259022919e-03
1.653466022744964903e-03
2.389385852825665069e-03
2.753391001015126349e-03
1.719012247763052059e-03
3.259177865598594792e-03
1.532662688307095955e-03
2.547099524401685855e-03
1.622873754810516544e-03
2.937870552923493861e-03
1.368884310895990275e-03
3.113567571465969408e-03
1.305928457117633279e-03
1.869724562459040840e-03
2.217351449828930399e-03
1.355911804804654786e-03
2.191968513297171128e-03
1.232907383390102751e-03
2.316920366346009175e-03
1.215832853547205161e-03
2.301992912919992307e-03
1.093690275744796381e-03
2.367107157752457169e-03
1.025849484070917583e-03
2.489791119633988359e-03
9.817907827525118591e-04
1.298076416781368536e-03
1.784804774354276091e-03
8.717146124541663710e-04
1.907904319156106254e-03
8.453287413598964406e-04
1.964119407096953651e-03
7.922805235488494802e-04
1.153623638796674733e-03
1.395187532159836152e-03
8.213341091065640143e-04
1.560533884086279244e-03
7.823630005825421563e-04
1.292418081354718140e-03
7.709915948108658768e-04
1.424560068636337995e-03
7.014588522049614028e-04
1.433805564807322241e-03
6.417551854698277936e-04
1.476454520387693314e-03
5.983080268725515793e-04
7.389678553959555529e-04
1.116342774671874594e-03
5.387300300510045048e-04
1.159585011153874134e-03
5.109229977432461212e-04
1.202406975114866938e-03
4.801291677649643930e-04
6.862428500239436957e-04
8.875947982398546543e-04
5.115978975366308745e-04
9.416647881480555426e-04
4.781770263924123299e-04
9.535695419763401404e-04
4.430522294225358593e-04
7.168678371380909908e-04
4.669232474924234211e-04
8.890240465155851979e-04
4.028221103269391534e-04
8.963055666976194047e-04
3.654533838981510740e-04
4.693989814272825356e-04
6.871507950916289076e-04
3.241859310527672733e-04
7.319388364672718694e-04
3.163343446551669658e-04
7.428401037994358802e-04
2.888463384538297873e-04
4.097153467421676964e-04
6.177142073641173070e-04
2.996005895290476673e-04
5.100642280970735243e-04
3.141678213935961139e-04
5.897119415234630679e-04
2.818963514790162606e-04
4.338034815472013861e-04
2.772020883962111881e-04
5.460855985836010618e-04
2.546013795432511273e-04
5.368241549912333710e-04
2.246097595204332720e-04
2.903958217812530052e-04
4.342169395830097756e-04
1.990189941568631937e-04
4.607943008585468903e-04
1.930301939668810363e-04
2.760338795657624189e-04
4.084880239411114999e-04
1.812313859475001010e-04
2.871744445720469940e-04
1.974663060189119079e-04
3.042659589159724121e-04
1.904908017873463422e-04
3.717228878028500105e-04
1.756271435492395838e-04
3.963435332903220143e-04
1.709670444293154290e-04
1.709670444293154290e-04
1.148317436056522922e-02
4.051619545284634860e-02
5.124784057393494408e-02
1.230290868450145680e-02
1.811786684679783654e-02
4.827007125741622495e-02
1.936109254633089360e-02
2.268095682033632876e-02
4.393739835128362969e-02
5.914615555444968642e-02
3.129657428994170321e-02
5.532899506343391671e-02
2.763093468377797457e-02
4.667951980592977002e-02
2.781730229379375530e-02
4.308187200695323682e-02
1.957957294532430836e-02
2.924199172687669268e-02
1.932618513248263170e-02
3.822310372376014342e-02
1.701884339354020614e-02
2.099901637382872721e-02
1.410522541947389907e-02
2.272490372123492364e-02
1.292579546461669615e-02
2.392462987179189149e-02
1.251160838741538495e-02
2.301834825493676018e-02
1.286520326164763972e-02
2.336770347176919671e-02
1.184130702950159097e-02
1.912187560667955033e-02
1.121385393005602804e-02
1.740198972907203157e-02
9.143535091418186767e-03
1.723006574637553356e-02
8.191615640847915714e-03
1.404244391458664420e-02
8.734497997799461899e-03
1.674227955771523391e-02
7.894928450396299091e-03
1.394309269752691538e-02
8.444597642775164559e-03
1.384018466920289292e-02
7.938728473652734152e-03
1.713746363623780411e-02
7.776647037414985419e-03
1.304818628247672585e-02
7.353811318102865258e-03
1.162296993566958037e-02
5.880012741054763126e-03
9.973650542096201832e-03
5.844916417236944994e-03
1.063526266631042994e-02
5.567725334141737648e-03
9.804447886721856520e-03
5.368519187351372679e-03
9.800618972699792764e-03
5.213004941659882263e-03
9.400139983169797375e-03
5.170721857343796302e-03
1.077927707908976629e-02
5.201099894246441480e-03
8.648138045837416854e-03
4.823195659212964337e-03
7.520423188587255225e-03
3.776860408491455878e-03
6.636755547381967268e-03
3.909971158123193291e-03
6.909912124210215723e-03
3.665151597513460757e-03
6.447625466400319638e-03
3.516724447604313575e-03
6.377951770105916296e-03
3.421867601880901333e-03
7.308889485099223648e-03
3.383843575299305684e-03
5.713467287405071815e-03
3.461837675108436763e-03
5.682099343616409115e-03
3.168208538111505490e-03
4.794955630341490860e-03
2.556603768844034619e-03
4.481014153095097541e-03
2.481550893006057024e-03
4.567479258468787329e-03
2.400245491638752782e-03
4.166907978859324402e-03
2.313354765618780284e-03
4.390126919689096852e-03
2.230177616793560524e-03
3.924768831093938815e-03
2.282838832492695147e-03
4.362108248736507043e-03
2.229528830586025023e-03
3.736135177892618842e-03
2.083182577238940070e-03
3.137654170007886378e-03
1.670179209071642745e-03
2.940361425377790994e-03
1.631716007548855707e-03
2.981234975136692888e-03
1.569497686780607637e-03
2.736709982347651504e-03
1.522726078530212135e-03
2.821416740275028978e-03
1.489283566870946984e-03
2.626915599382773081e-03
1.468785685287188336e-03
2.842724523409945192e-03
1.459619645569176782e-03
2.433256765468794214e-03
1.374494697646055918e-03
2.076480645291645111e-03
1.086465858503249393e-03
1.905412601078015911e-03
1.077537919326299054e-03
1.972384877654942414e-03
1.021031950628303875e-03
1.771585557687638257e-03
1.007061404438180929e-03
1.868985979501580630e-03
9.664985375732459971e-04
1.700165158292854528e-03
9.723347582714092496e-04
1.868265531523305434e-03
9.484836201054669402e-04
1.575366200775363268e-03
9.120372416235866808e-04
1.383045107190783440e-03
7.015498824534116551e-04
1.225658155043829467e-03
7.167522316730012832e-04
1.314433105882750752e-03
6.586622447650736234e-04
1.137712503245458251e-03
6.713409986871532453e-04
1.177633325241345119e-03
6.356917456039612446e-04
1.163385204444478127e-03
6.347668986030896576e-04
1.233377894055309731e-03
6.108491611858113401e-04
1.017296629182373735e-03
6.097114964573879803e-04
8.498817642268452488e-04
4.714076903635788796e-04
8.620169992171744511e-04
4.578563412056535498e-04
7.940529927774608865e-04
4.420008729665303449e-04
8.156647856518706163e-04
4.297323061743796302e-04
7.488364814314252271e-04
4.189024499382520972e-04
7.857838532226990580e-04
4.134155490040924974e-04
8.135005574714249121e-04
3.894125820469440669e-04
6.590288247074749250e-04
4.109316147417052534e-04
5.363043771315911812e-04
3.135512807719287309e-04
5.859049193105425601e-04
2.951712254604110797e-04
4.986181607073980615e-04
2.947364131025143053e-04
5.565704500231083429e-04
2.764552797651642635e-04
4.678677411107390327e-04
2.800224430897779726e-04
5.381661446424157447e-04
2.651208239137226030e-04
4.551286331684334385e-04
2.752249237060189202e-04
5.111500894727782907e-04
2.490109652717453770e-04
3.324014010961384713e-04
2.123139929677275717e-04
4.031994996270826803e-04
1.863435582638572896e-04
3.071293769387750672e-04
2.004535205512025797e-04
3.123280332362199374e-04
1.872438873345982913e-04
3.614954239306022998e-04
1.773249339303006877e-04
3.044274456012185937e-04
1.843962886144412394e-04
3.485146739179434405e-04
1.695362043314663225e-04
3.513812567643714857e-04
1.552682432592877859e-04
2.010801264424877388e-04
1.367323033250045228e-04
2.733666342400464799e-04
1.261515424807457819e-04
2.754222249714555204e-04
1.146969772769512730e-04
1.739187087735905024e-04
1.992515434148245390e-04
1.240474994940177211e-04
2.392246811143694529e-04
1.129568319901963491e-04
1.853578060617699919e-04
1.174866162206855691e-04
1.710877131793075989e-04
1.113908632616178451e-04
2.166217977239703885e-04
1.095506676656032852e-04
2.124751603242991393e-04
9.783099128912731146e-05
2.037222995863174901e-04
8.357138196402047470e-05
1.107648498299695916e-04
1.673126054453355493e-04
7.828067869064536666e-05
1.711045136911781839e-04
7.229607461511911026e-05
1.778959194258522558e-04
6.864442973342210763e-05
9.550894439436241612e-05
1.265139476478438496e-04
7.232547002433697969e-05
1.343614251633207246e-04
7.258475577942569146e-05
1.436458035813936718e-04
7.040165522487207284e-05
1.376302450839528291e-04
6.115762187741680123e-05
9.350251045359136981e-05
6.440684121145068275e-05
8.862664552944377050e-05
5.666615907440331057e-05
1.064833230843831302e-04
4.929698978950458610e-05
7.484027040904894790e-05
4.965494825825977898e-05
9.625935667467722112e-05
4.486317082685875590e-05
1.073210599589202729e-04
4.417288267111185718e-05
6.408727753981491304e-05
7.571186439792043643e-05
4.592623986232613476e-05
8.527415109216285316e-05
4.125657516640401923e-05
7.027715805341117061e-05
4.303917053638528500e-05
8.088764175073759333e-05
3.898321548989613916e-05
8.075110171434918271e-05
3.519818712782729619e-05
7.746970183719614766e-05
2.982244958138480229e-05
4.109893402026720821e-05
5.924801732737350335e-05
2.936881315285244654e-05
6.119968452655832891e-05
2.796974742458324670e-05
6.583833072837386169e-05
2.698265611389416563e-05
2.698265611389416563e-05
1.656702127741771502e-02
4.456214629483978840e-02
3.546754500666771115e-02
3.744566421414508017e-02
2.206094993712826025e-03
4.633854585982155605e-02
4.095374011459040897e-02
7.103144060429666951e-04
4.236728767106057170e-02
5.197157274360619805e-02
3.043954936997228522e-02
5.019328272396761381e-02
2.818994996332779834e-02
5.070223648049476672e-02
2.645066231130077661e-02
4.945580359767132173e-02
2.357845308047301636e-02
3.773157606317212309e-02
2.420303687228120282e-02
3.548244586903759323e-02
2.059475072933159012e-02
3.395485770728989827e-02
1.862650334306481525e-02
3.213607629818504563e-02
1.720669584424650012e-02
2.890040048014097529e-02
1.600281678189952039e-02
2.868660677598389164e-02
1.530275802589442513e-02
2.494248957906575193e-02
1.370220660032983595e-02
2.365916429200898286e-02
1.209871750822011371e-02
1.961212252375688081e-02
1.140712363561091625e-02
2.012193730474209907e-02
1.075663231470913583e-02
1.904820073349389187e-02
1.057984367914244217e-02
1.873286383843719705e-02
9.936184863706065684e-03
1.644016451139829194e-02
9.101233223027360708e-03
1.534326402909991227e-02
7.855691328211511504e-03
1.303560383712554227e-02
7.559830342637741118e-03
1.312658877845773731e-02
6.984422340203577662e-03
1.257147461374941155e-02
6.994225185403823986e-03
1.220268763992815586e-02
6.453359553791782055e-03
1.086244071577491255e-02
6.037764522038413517e-03
9.963113568374759588e-03
5.098512193125959158e-03
8.647085254689601541e-03
5.009318777189242233e-03
8.915551585581438232e-03
4.527588771750634677e-03
7.918127297110055807e-03
4.632354136750005402e-03
7.881128595064179621e-03
4.200492048251902588e-03
7.245142541682292325e-03
3.992819831124094776e-03
6.533717305035047218e-03
3.298277128737758801e-03
5.667279290326510122e-03
3.328678221680481109e-03
5.608038524216318876e-03
3.018552240822813815e-03
5.440244135350269516e-03
2.983622405676067402e-03
5.102216558197314455e-03
2.738562619074236260e-03
4.814990009412323246e-03
2.634337954324328379e-03
4.033236170488896377e-03
2.170177881020585176e-03
3.979427652144651439e-03
2.173361770711368379e-03
3.645740762682425640e-03
1.968166777879809537e-03
3.597112966614135487e-03
1.964667937550679255e-03
3.312766262655975069e-03
1.787092844725113316e-03
3.187899296762664036e-03
1.735589117739522180e-03
1.638994049800501784e-03
2.016720399916627215e-03
2.286642671932348492e-03
1.411592041622111715e-03
2.365800079071833650e-03
1.292355569715297747e-03
2.383455571072223833e-03
1.226207460484407541e-03
2.377105012990043953e-03
1.352244748058506474e-03
2.159331148912091436e-03
1.108052041852047864e-03
2.123502122654441493e-03
1.203437043635124937e-03
2.539235936429684592e-03
1.148364933009071720e-03
1.652510126507023003e-03
8.975359071927702104e-04
1.681829508393239969e-03
9.135863029825497250e-04
1.614652954738948765e-03
8.284842768226940990e-04
1.524640956422462779e-03
7.579531792658578127e-04
1.387570526163117712e-03
8.331532294922894266e-04
1.540966402545196345e-03
7.914976788212513270e-04
1.304310869372660164e-03
6.980004195941136302e-04
1.067850091957645020e-03
6.229384843328134025e-04
1.103795921522099377e-03
5.622527676616417835e-04
9.640137682159766186e-04
5.709613209106123577e-04
1.115262945626804836e-03
5.232338818309534290e-04
9.239372026252912207e-04
5.463690598270787291e-04
9.505836728442851324e-04
4.690093832784292260e-04
1.746451050204989031e-03
5.689617201494190368e-04
8.847080429235099075e-04
4.360700664788330627e-04
6.764216359720354177e-04
4.279473159543023542e-04
6.559671111834308732e-04
3.858562418961319906e-04
1.124487162013743102e-03
4.114352157853495839e-04
6.456964919914209844e-04
3.659800504989263459e-04
7.170006011831819848e-04
3.622563864158490077e-04
6.169525807426801123e-04
3.426777975055195213e-04
5.777955540897661280e-04
2.992490830805438762e-04
5.786199682564774349e-04
2.715500926662173242e-04
4.491887089703716640e-04
2.939247771092112771e-04
6.535312965677553265e-04
2.933502171191815222e-04
4.649520781857541252e-04
2.545077590601074746e-04
4.356871195938527563e-04
2.377142921807795517e-04
4.561628416422935928e-04
2.404537980544851905e-04
4.139971182210988587e-04
2.233022479213309097e-04
3.834639756237212538e-04
1.900443281102059956e-04
3.245495745199944437e-04
1.982255045358538581e-04
4.371554852371506428e-04
2.013140319614414864e-04
3.260952550045992382e-04
1.762475246179784349e-04
3.025152806105380066e-04
1.680732583351218778e-04
3.169109460686714286e-04
1.563899878467278626e-04
2.675965914671341039e-04
1.577473435928622436e-04
2.710482943526493216e-04
1.454512765320936651e-04
2.812494893725814293e-04
1.362182399549105583e-04
2.531793480187172207e-04
1.278470546601795377e-04
2.119037074987950575e-04
1.264633589858066287e-04
2.105353388639485956e-04
1.150729023831065234e-04
2.024589799533016432e-04
1.103769795927078690e-04
1.894051029163179578e-04
1.030815950348040744e-04
1.939719208152723695e-04
1.030838522708688032e-04
1.742215843931749220e-04
9.514094863427580151e-05
1.834759278687148054e-04
9.092496795259918940e-05
1.659961672203502658e-04
8.199497154270929400e-05
1.393767328914385928e-04
8.461848464758059407e-05
1.356526041174088704e-04
7.561840511194350967e-05
1.354667182540403303e-04
7.203104058017828493e-05
1.389375885478827399e-04
6.604354753814156709e-05
1.120611995659714921e-04
6.933634678352174063e-05
1.101200823949710639e-04
6.283937540974005032e-05
1.226143526543710394e-04
5.972947298160669050e-05
9.719182917100610553e-05
5.609536266115711101e-05
1.036195134407336127e-04
5.302484974079035851e-05
8.584685329915409113e-05
5.028597635126086374e-05
9.209167798185369236e-05
4.641604099209217793e-05
7.808341498849458162e-05
4.624343702730460137e-05
8.689315252052853822e-05
4.256450038209180775e-05
6.935812936559315744e-05
4.202959577248588374e-05
8.244636132948013341e-05
3.856116643508045172e-05
6.100793489127731561e-05
3.774758514052400926e-05
7.069552324923122910e-05
3.371520652972748167e-05
5.351547821574875741e-05
3.402272498975733583e-05
6.321866053704550126e-05
2.930915347176821228e-05
4.828777797971639529e-05
3.144087133266637579e-05
5.993300768791787192e-05
2.679592813037423582e-05
4.238881078011402792e-05
2.872926698871403062e-05
5.682599514089670123e-05
2.418860849751069964e-05
3.696578653888948907e-05
2.532101006358367101e-05
4.804206861663828931e-05
2.116415087816125862e-05
3.341236355802745805e-05
2.289049923576147449e-05
3.380818582221500890e-05
2.119683520762638551e-05
3.958932218472988041e-05
1.859505126167171341e-05
3.007469893279157702e-05
1.944381361296265709e-05
2.122028778317464059e-05
2.459460391512902078e-05
3.611335412045946214e-05
1.585166708739649266e-05
2.439435773138320940e-05
1.674887873726049747e-05
2.640094342820642481e-05
1.632866883394257229e-05
2.977116305169502652e-05
1.445118043263970975e-05
3.147162346739396099e-05
1.514190292639661095e-05
2.838399542670622111e-05
1.339683854617579328e-05
3.020324667057927570e-05
1.306646123000465565e-05
3.027246031428454387e-05
1.165421625670681749e-05
1.548269038098570860e-05
2.145897589045375753e-05
1.077987630426768817e-05
2.246723549770290873e-05
1.027752624338518217e-05
2.369411055469505811e-05
9.756385281001200838e-06
1.405752955796479853e-05
2.060893321942369738e-05
1.050610817499020300e-05
1.873460124879322564e-05
9.200690535782207746e-06
1.550521069471066937e-05
9.480379220550005925e-06
1.772514834130767269e-05
8.507668816104541065e-06
1.849784816920774233e-05
8.100876792926925418e-06
1.806382687918883789e-05
7.000219300001830902e-06
8.793170505616565436e-06
1.511096761508401443e-05
6.927910245924095989e-06
1.412180857052192096e-05
6.487513067865435801e-06
1.437493331613026726e-05
5.996871622837574023e-06
1.498147527445592431e-05
5.671413393137925141e-06
7.358153794934096936e-06
1.107448053749848782e-05
5.682641290749579355e-06
1.145821068315733271e-05
5.373334225677872666e-06
1.172021359252539696e-05
4.986831429687477168e-06
6.854795635891086647e-06
7.627277958111022826e-06
4.712245655458247029e-06
9.970466011477441270e-06
4.470221059538204145e-06
7.291593791647343892e-06
4.625322390316988219e-06
8.787332169801764792e-06
4.109052972767202050e-06
8.761396024459244813e-06
3.696970396482868182e-06
5.283913727893718715e-06
6.197485101666622143e-06
3.824929701634616208e-06
7.165220208493749965e-06
3.410941332604444653e-06
5.655131926518564001e-06
3.575242845554882365e-06
6.741473510318840567e-06
3.150279538233213827e-06
6.868903916323887415e-06
2.901632911611606858e-06
7.171071754408231413e-06
2.771210654062272738e-06
4.005241272420079213e-06
5.403611131105101606e-06
2.633365898452311171e-06
4.107670922071093855e-06
2.665198544082869603e-06
5.058735249585666338e-06
2.437536740007573144e-06
5.243619853101399997e-06
2.300168931101964631e-06
