4.785086816692400991e-01
4.629506876463396203e-01
4.862751749695564119e-01
4.542198406168219682e-01
4.362129939133697620e-01
4.170390955709467606e-01
3.806112337665107370e-01
3.476020746844180609e-01
2.805369731313969162e-01
2.137595498706033048e-01
1.026576985401592701e-01
2.764536412889673223e-02
2.009722047747741769e-02
6.450404504483031598e-02
3.378040909266768477e-01
1.239215991111630721e-02
9.378918917549516898e-02
3.091864182414250095e-03
2.177719801203448213e-02
2.097171679285647627e-02
2.154444802660804292e-02
1.371366112153848960e-02
2.057454246893575256e-02
3.826324210973286455e-03
2.047829826605529480e-02
7.552371862995954643e-03
9.602917085975937184e-03
3.857860044361727248e-03
4.727210674784654287e-03
1.859789636855513351e-03
7.929608987949476884e-03
5.671284717804203623e-04
1.908734905908260338e-03
6.052574340323912949e-04
3.165859461206621539e-03
6.536208754912564700e-04
1.859406924310080811e-03
3.791270787356637584e-05
7.534533893749362221e-05
6.720311330257189297e-04
2.541957563779728702e-04
3.653871800917141144e-04
9.851412045125407246e-05
2.112777395459897178e-04
2.086965536363116769e-05
