1.634339397448826281e-01
1.634415419011543413e-01
1.634408379939487066e-01
1.634339596766883895e-01
1.634395388530810456e-01
1.634347866165480889e-01
1.634408301803522701e-01
1.634340645919979407e-01
1.634341231976180753e-01
1.634343484228046872e-01
1.634339397448826281e-01
1.634339887364157917e-01
1.634395140677378233e-01
1.634339414601136964e-01
1.634417875445534074e-01
1.634339695267017500e-01
1.634412871080055396e-01
1.634339550887157211e-01
1.634412394458477635e-01
1.634345870390351285e-01
1.634339397448826281e-01
1.634339458423655911e-01
1.634401879318492234e-01
1.634340463278315392e-01
1.634396720558810578e-01
1.634342883842256899e-01
1.634425727697179642e-01
1.634339403160977033e-01
1.634410293620076615e-01
1.634348568013054281e-01
1.634339397448826281e-01
1.634386551510813579e-01
1.634394723111469716e-01
1.634339544513462306e-01
1.634423311688952829e-01
1.634339927645954704e-01
1.634370480164528683e-01
1.634349002931186901e-01
1.634393288976934144e-01
1.634367399801464060e-01
1.634339397448826281e-01
1.634353648215893795e-01
1.634405270903982466e-01
1.634340362630570809e-01
1.634413264250542674e-01
1.634339429843445490e-01
1.634390374713370342e-01
1.634342275761953012e-01
1.634412203914624717e-01
1.634357938144495037e-01
