5.936875247790295296e-01
5.465141288774713058e-01
5.866054159416786984e-01
5.375565515071030198e-01
5.043970299120532630e-01
4.525560763468211567e-01
3.697949242306945994e-01
3.150925304858143150e-01
1.863556014930467519e-01
5.509815856371647058e-02
6.886521596636518971e-02
5.309215387512367101e-02
5.412426011432147632e-02
7.653009372493335682e-02
6.204699252203504933e-02
7.742264293271683417e-02
3.993022143830393667e-02
7.647804551604231449e-02
3.796773302918055037e-03
1.710226681763615808e-02
6.792893773552977077e-02
1.887526711118359124e-02
3.544615693260266820e-02
6.754047272996333007e-03
2.495477723244565738e-02
5.583946231717762387e-03
8.757879050481531813e-03
3.003841244109572983e-03
1.193042723184634113e-02
1.035491263307930510e-03
1.851299873206091462e-03
6.001173949444882361e-03
7.946423647149369884e-04
1.597764234053888899e-03
7.420709593883856314e-04
2.553918383655151558e-03
1.312308328386135869e-04
1.844928442690241255e-04
1.062233798281408959e-03
2.927187816039733548e-04
6.094355185598532287e-04
6.761108992492381731e-05
1.204669905170430155e-04
3.191771651458452652e-04
1.852105965338690652e-05
7.173567037144223946e-05
2.353361779117157937e-05
1.096688773316589760e-04
2.331409787137417311e-05
2.824047288418896073e-05
1.054804469868830807e-05
5.238771406401721009e-05
4.399842743696424918e-06
1.229786106793362421e-05
4.622049469604760930e-06
