3.029567722675813313e-01
3.036919979719063800e-01
3.054649835090043064e-01
3.065220425793000469e-01
3.029019879116259251e-01
3.032240371841066207e-01
3.033498032682335754e-01
3.039881443430589858e-01
3.024597670724090692e-01
3.038147122683683143e-01
3.044610262578033577e-01
3.036098843794952096e-01
3.032843580824198249e-01
3.037961262072434998e-01
3.033398181923274706e-01
3.033171377530858859e-01
3.033114146526068033e-01
3.029708950063489947e-01
3.031584712284005612e-01
3.034749684952186000e-01
3.030293050312371506e-01
3.041469783327366283e-01
3.029709079421278872e-01
3.033335044970502103e-01
3.030268532797988357e-01
3.021227571579199189e-01
3.019440273061693158e-01
3.029548146722995661e-01
3.029229856905348850e-01
3.030903936059640147e-01
3.028120565734965242e-01
3.025720466235417572e-01
3.028437025295602769e-01
3.010226037581359426e-01
3.005103842319251095e-01
3.018346952535093664e-01
3.023841481347273596e-01
3.013150975381333474e-01
3.013755679055523107e-01
2.995712466078314096e-01
2.989211123497421685e-01
2.990474234816956622e-01
3.002512673742776528e-01
2.985870087170958698e-01
2.980768473647938954e-01
2.975732962529149539e-01
2.968674406245408459e-01
2.959198868858574638e-01
2.948824671053748014e-01
2.960809122999257248e-01
2.934402703743708152e-01
2.921266175425039080e-01
2.926319049041232745e-01
2.934702990920111665e-01
2.906226572711138045e-01
2.893003494713081158e-01
2.877477665472945034e-01
2.859233781733212520e-01
2.857846296559443111e-01
2.838572630019544629e-01
2.837137399074192157e-01
2.816510569202006486e-01
2.808330496861564107e-01
2.784789939976554107e-01
2.776035895677498866e-01
2.748925285578889266e-01
2.762467223681897011e-01
2.721163193927605972e-01
2.692302962320485271e-01
2.645363868312331501e-01
2.601889616006571870e-01
2.600530074994450436e-01
2.554623432459715016e-01
2.564567728681543812e-01
2.526373813393284484e-01
2.481539983451344078e-01
2.452013512563129272e-01
2.397641973985966679e-01
2.387522596085293047e-01
2.329007104315143906e-01
2.323656005778953482e-01
2.265160694036010280e-01
2.170058553414889735e-01
2.084204102328989228e-01
2.087398075607986847e-01
2.066375314633378535e-01
1.992535368024457298e-01
1.957423814544632101e-01
1.874455051521214388e-01
1.780101639627102994e-01
1.674056751966858103e-01
1.660912622181197618e-01
1.552016461985332718e-01
1.547795770231943369e-01
1.439756045348913327e-01
1.387211775162763283e-01
1.268645778306300986e-01
1.234235037311397498e-01
1.116077214932865713e-01
1.166255883821738504e-01
9.423259263163730193e-02
8.153472175124598653e-02
7.688950976762554124e-02
6.453020349154880986e-02
6.007891304487245066e-02
4.855762724727985535e-02
5.075700798258520052e-02
4.202512876941622011e-02
3.371500765395019084e-02
3.118405341609364889e-02
2.468798596476040608e-02
2.228663114538664836e-02
1.662275481733532789e-02
1.400540495548541209e-02
1.157035795700533942e-02
7.753232738276549796e-03
7.001087577331532863e-03
1.085468488368313000e-02
1.068774293453322866e-02
1.411047214434113517e-02
2.092461519888200172e-02
2.083731669087784955e-02
2.376377021782050125e-02
1.870572898482913970e-02
9.034091147108624931e-03
2.680105203146898596e-02
1.555036188955538634e-02
2.505573260612259379e-02
1.443004875913134200e-02
1.768074550733589323e-02
1.127166001439450227e-02
1.602367528454384793e-02
1.262888761137359594e-02
1.503303151070667365e-02
1.221800735210742950e-02
8.386376093437064583e-03
1.622228907031797451e-02
1.061779744991053764e-02
1.557505144758530857e-02
1.044156172264476545e-02
6.913245460716699320e-03
6.695131928172837199e-03
8.639398186625402154e-03
4.965122654911668931e-03
4.440767120229449638e-03
5.348483345228194352e-03
5.402064158531394433e-03
4.800930324674879124e-03
4.975937147771669622e-03
7.359276816830129242e-03
3.638543354000378649e-03
3.657217196621154187e-03
8.956555269438504219e-03
5.317532422003390380e-03
1.926057998222430179e-03
1.538307229507762663e-03
3.554521269135246797e-03
2.243842400259876690e-03
9.263000790078468327e-04
6.335463004316643776e-04
2.588848406065213936e-03
1.676364575543320967e-03
2.460349837504760551e-03
8.427283841202504178e-04
2.755934956970573779e-04
4.144949338795722582e-04
2.241278206322139255e-03
1.043277919097862494e-03
3.663528130849025288e-03
1.440750103688714923e-03
4.963356731244594755e-04
6.833225466206460652e-03
1.043932101078004493e-03
5.486999072534803901e-04
2.036368157969370429e-04
4.236471800052044046e-04
1.440643280480102817e-03
6.807932916689241054e-04
2.736499689281135517e-03
4.325131505108492647e-04
3.740481438808673786e-04
7.165446144936638007e-04
3.422165290646317359e-04
1.442840758891450470e-03
2.452139443437362232e-04
6.283641524034155879e-04
3.208792285291917068e-04
5.582160528524449106e-04
2.681008731871825645e-04
1.073498778517367747e-03
1.800781554133212836e-04
6.204774155988967976e-04
2.065013899035239575e-04
2.837309088503658927e-04
4.758385880917481714e-04
1.537637429845917225e-04
2.969264333119170374e-04
1.276925883703095010e-04
2.667075450971667649e-04
2.761154635430029813e-04
9.042584536167463938e-05
2.287648975078937497e-04
5.473377492565267843e-04
1.057259847093705574e-04
2.337948943675893787e-04
1.118664522341550338e-04
4.343808215809819018e-04
9.013006597657913233e-05
2.326197309070465735e-04
9.325495315160026166e-05
3.267882888671191921e-04
1.001398712771051080e-04
3.468390854212133334e-04
6.962442755842346287e-05
1.465236976342376707e-04
6.743703130740463791e-05
1.245600180999062445e-04
6.243255263926883458e-05
1.407298110934762647e-04
5.063153471573933473e-05
1.642380756132766351e-04
4.369200590081945279e-05
1.235859808481620803e-04
4.818973297726625304e-05
1.918229144617367155e-04
3.669571596232046318e-05
8.493076995363946224e-05
1.845908583062438879e-04
3.729403626806515604e-05
7.388633194838067908e-05
2.811837285465745850e-05
9.909801609420121338e-05
3.028077439981569086e-05
1.569502471113759512e-04
2.483828051602632314e-05
4.693887390705420160e-05
8.145681007154514930e-05
2.116998102463796272e-05
9.376186459042479271e-05
1.970948840479547215e-05
4.813124856617445602e-05
2.124508966905302998e-05
8.328618773811857778e-05
1.646173031022435396e-05
4.528801386072256463e-05
1.690732801196137558e-05
7.264116370475637297e-05
1.474243734289615304e-05
3.284620777854740936e-05
1.402102142700201171e-05
1.944483735916158196e-05
5.377681599150196945e-05
9.374502777825810540e-06
4.567569849311947650e-05
7.636364973251374977e-06
1.587900947652709505e-05
2.435768573638696921e-05
8.904130462283887937e-06
4.366502500252611441e-05
8.306574328043048183e-06
1.893386215212622403e-05
7.798104515899240141e-06
3.307915625883062205e-05
6.222889076479276582e-06
1.560373264164471863e-05
7.399073200131667249e-06
1.836143490652197841e-05
6.675812051826213178e-06
2.346170583633622186e-05
5.603340368809384131e-06
2.070067764359251328e-05
3.510820232754952031e-06
1.049260792029826916e-05
4.145814082590071337e-06
9.966269627681434429e-06
4.104455681663843336e-06
1.670304767320551775e-05
2.867219603075454870e-06
1.473111359395762321e-05
3.046165309328330295e-06
5.317657383652196756e-06
1.185078361098934607e-05
2.714534709680194169e-06
1.271435855954017313e-05
2.426218104867317038e-06
5.089114393674876169e-06
1.126159375008928265e-05
2.016968680740305331e-06
4.661334404243433482e-06
2.113739284603788349e-06
5.853183891568747299e-06
1.802247925453137611e-06
8.265867227463807865e-06
1.661995031043694837e-06
4.007170385178504546e-06
1.612882209012234114e-06
4.625811875547114482e-06
1.288457212034188615e-06
3.188607505699714295e-06
1.303681723574534601e-06
4.984541648322959873e-06
1.089884415272912577e-06
5.032740931221191261e-06
9.339441339184517687e-07
1.791426241237736861e-06
3.988627950035628089e-06
7.839875286741460059e-07
2.836723413945918537e-06
7.696295089010263268e-07
1.695409776347744923e-06
7.858790599390985676e-07
3.224011554725514372e-06
6.641234876481050264e-07
1.799228831811383600e-06
7.452373181893179321e-07
1.496113295140766297e-06
5.945699292908557254e-07
1.867865030535931226e-06
5.516839426400466095e-07
2.035088407681406864e-06
4.344482580354025458e-07
1.985682683169898155e-06
3.558666964442736003e-07
6.327534010086566241e-07
1.483684777481286687e-06
3.093747380500388999e-07
1.141058225795354986e-06
3.326315040075300544e-07
1.414536761501494766e-06
2.969220957993456977e-07
7.180305927612096184e-07
3.137017575705058903e-07
6.198452719985425574e-07
2.899865025884906800e-07
7.153885154265182678e-07
2.682575329648884122e-07
7.902292183947778881e-07
2.372875443912292326e-07
7.796713643593022880e-07
1.753139814431037280e-07
7.306208366086863748e-07
1.371971702912588853e-07
5.527194048005057425e-07
1.404878268163045618e-07
7.610717427386504141e-07
1.147638107878989899e-07
2.055054525440525026e-07
4.825112127626596248e-07
1.233647998200027018e-07
5.088477830206272756e-07
1.174614726595635261e-07
5.346571223530105499e-07
1.043414202817061209e-07
4.548225442935205365e-07
9.501258835253878487e-08
1.638829082439841045e-07
3.407363615703928872e-07
6.889141601629233946e-08
1.731799166293512826e-07
7.645134392220143127e-08
1.900991036807297974e-07
6.215115744279131604e-08
2.814425987818225394e-07
5.284404824834609826e-08
1.469749251192808970e-07
5.675989234177336584e-08
1.125361155374093869e-07
1.247085237299216942e-07
5.353469845204017474e-08
1.305574733878600568e-07
5.154495297254868547e-08
1.885286065039792902e-07
4.181390134139206793e-08
1.509999760784808132e-07
4.001229958472407588e-08
1.707079835266966938e-07
2.843500357396777645e-08
5.640894307212818148e-08
7.980024641085492476e-08
2.775651564146386363e-08
2.775651564146386363e-08
1.591227095958380744e-04
1.080238786185239164e-04
1.077197019883069373e-05
2.405884376137645830e-04
2.549459260958730766e-04
1.614978774368003300e-04
1.290580171212085681e-03
3.668420054385723716e-04
1.832261987634753453e-03
5.629064905758873749e-04
9.920698217389389839e-04
2.497069178732935768e-04
6.985104425716315291e-05
2.407758239850732451e-04
1.675710069529712243e-04
4.754853551339754958e-04
9.790484929217413423e-05
1.641881272959055948e-04
3.232406586165526008e-04
6.551214041949915412e-05
2.198378162697744997e-04
7.313748387494101166e-05
1.620410246346848382e-04
7.568630727794456448e-05
3.242170941361033343e-04
6.153684073906262597e-05
1.370388786902099199e-04
4.903407022538441851e-05
9.117302257533044241e-05
4.166005940597905521e-05
1.212273002609842720e-04
3.129699002801800134e-05
1.345758964430565641e-04
2.930414831003869125e-05
1.130804451595635030e-04
2.691851154457136630e-05
6.038305651878683733e-05
1.296709227303072254e-04
2.268758719436991811e-05
5.451412163703928115e-05
2.530998720218224918e-05
6.131055253932871096e-05
2.193111524351198938e-05
4.833125837599983043e-05
1.879854918085399618e-05
4.592060014052545824e-05
1.333903789413337648e-05
5.470551437447568333e-05
1.164999323466364700e-05
4.849305402709891410e-05
1.036136515930596858e-05
2.453627604759311964e-05
1.158553633306969033e-05
4.646957386322814187e-05
8.324315729724141022e-06
2.457652550968969507e-05
1.022989134780161180e-05
4.367221214018890407e-05
6.847434098622429133e-06
1.144631148430885759e-05
7.807933915193743246e-06
1.954720696761835796e-05
4.754576225285411795e-06
1.702820342674993270e-05
4.941475778119652773e-06
1.976080337284802368e-05
4.312732510780570294e-06
1.784306297891724569e-05
4.097978033357208005e-06
1.440713486400291288e-05
4.509657517193232934e-06
7.563000795185459424e-06
1.392683520551329934e-05
3.195118852938882981e-06
7.281138724168911835e-06
3.404258616779287649e-06
8.127747509023564021e-06
3.103897812883893437e-06
7.625840549807527680e-06
2.100758574208327900e-06
8.280346646571956626e-06
1.934763736999300932e-06
6.350254984410774739e-06
1.969781883048860038e-06
8.770403444491314815e-06
1.664428721737110095e-06
6.673914645261014300e-06
1.682761654242526106e-06
2.915502989586649107e-06
5.023184112329381890e-06
1.357961575187971448e-06
6.583457014208704550e-06
1.182320513271051254e-06
2.472038245771024378e-06
1.124030124755037718e-06
3.343851600057234918e-06
8.840672162113705213e-07
2.553222788082010197e-06
8.758324786528604022e-07
3.446455773881140772e-06
7.795230348994763858e-07
2.814447095600414173e-06
6.844787672211083418e-07
3.360361780502252316e-06
6.487924097964281600e-07
1.240468531449323564e-06
5.785828033344486698e-07
1.702960353622273715e-06
5.159079595751236980e-07
1.692082424065155521e-06
4.856224156135624526e-07
9.534473492944783857e-07
4.146508223445977137e-07
1.843579541027651203e-06
3.351769083392852622e-07
1.095957450680806744e-06
3.464458674384829351e-07
5.230041163484244748e-07
8.935990130076731930e-07
2.829337997223291268e-07
1.049485552795381693e-06
2.309779186804306050e-07
6.213543258803966296e-07
2.407698321826856613e-07
6.882885640324687415e-07
2.279839192986798935e-07
7.812026474596223125e-07
2.037145575561893907e-07
8.198949196236426928e-07
1.614985151165981847e-07
4.584900895610033444e-07
1.537980741650457617e-07
3.282423651773669349e-07
1.536900127163676189e-07
4.939376502255399259e-07
1.150888950807171796e-07
5.285874002947110739e-07
9.090897046259982517e-08
2.455793903788361376e-07
1.085832348479698339e-07
3.085663494717394428e-07
1.026075073795595927e-07
2.800099252464605115e-07
9.143603441064129811e-08
1.449848123780128617e-07
1.618517095902660685e-07
7.067187501874627742e-08
2.981878902685863864e-07
6.040374767035672221e-08
1.416697008593814644e-07
6.656226425594269358e-08
2.098519712445678920e-07
4.610309589647698658e-08
1.358682198970839750e-07
4.874089298834149986e-08
1.230356367898366443e-07
4.708986944823578824e-08
1.167445033978253832e-07
4.123803676314707900e-08
1.789140119390353334e-07
3.552827776420741657e-08
1.208582608436259420e-07
2.914265762044010444e-08
5.691321836032159354e-08
1.186191792568180858e-07
2.362151152457414582e-08
5.575186434736423280e-08
2.620288752641641850e-08
6.355165238502991087e-08
2.150172617731982427e-08
6.086556081363880821e-08
2.108600127836979254e-08
7.844259075628912115e-08
1.875942134965669084e-08
5.029375649279188565e-08
1.875215138724684039e-08
6.476589065051996386e-08
1.425098528073931448e-08
5.047566076221698950e-08
1.185596021358037433e-08
7.979090410614730899e-08
1.125538839907846977e-08
2.030033241506856712e-08
4.272695164342366070e-08
9.490501384767924264e-09
4.218640314856969553e-08
8.357281422455287156e-09
3.786278857109692808e-08
8.722672029115585701e-09
1.721214815120220010e-08
3.507623158593986545e-08
7.429227566468910027e-09
2.067127291560666436e-08
8.732179868076173079e-09
1.972921592763299259e-08
7.872314800039248439e-09
2.536664811536581965e-08
5.762282317967049039e-09
2.064823012570826677e-08
4.823589860869503809e-09
2.834930890038833695e-08
4.577944023864688461e-09
8.195000567035037875e-09
1.122892701044264641e-08
3.932151715346776655e-09
1.136498750664571844e-08
3.905692214090095149e-09
1.754943745879700145e-08
3.176669149951294457e-09
7.405227764323285555e-09
9.027273817352465812e-09
3.606706822090188780e-09
1.188440290622594375e-08
3.100761869490042955e-09
9.012991464274477948e-09
3.339629350840311872e-09
1.020865947332083579e-08
2.334683224525235801e-09
8.519770888781863505e-09
1.959799988959787242e-09
1.056157261647427958e-08
1.863389442746665736e-09
4.178822399225623485e-09
1.870247290369775328e-09
5.764609345426663367e-09
1.716258690720451341e-09
3.259473246863819895e-09
6.024288956574253007e-09
1.360581203257993366e-09
3.058902908747995752e-09
3.414224236664153977e-09
1.476358368890373640e-09
5.617009524172544843e-09
1.248256498165289941e-09
3.110876334311285518e-09
1.440337626945620286e-09
4.533877495660476598e-09
9.190017635773983784e-10
3.633859768648051158e-09
7.924152445326626548e-10
1.774346336524956769e-09
4.659499786008325373e-09
7.150734449012929872e-10
1.847609287786156074e-09
8.480872670801886670e-10
3.926504898998928184e-09
6.470299851457639306e-10
1.070495581068087176e-09
3.197427989043433172e-09
5.406113334771589507e-10
2.918938424301131818e-09
5.278295578392544485e-10
1.026123408465196007e-09
9.030129977105616490e-10
1.338280153362347846e-09
4.615330340129730757e-10
4.615330340129730757e-10
2.574292030499414352e-05
5.207702162972616122e-04
3.448211224702513178e-04
7.477854969417663256e-05
2.548104258792704968e-05
2.854657693018847198e-05
5.096906846100424104e-04
5.993410143250166300e-04
1.193503805270057505e-03
2.825888384955232979e-04
1.165250428197817101e-04
4.650581072908055447e-04
2.387618465204965901e-04
6.390877947123341229e-04
1.481338436563062189e-04
7.288102292368758839e-05
3.006779832980255307e-04
1.133300873156217747e-04
1.732644065601807171e-04
7.277273934835903901e-05
2.162326360741761988e-04
5.633095911994345784e-05
1.562720610911449981e-04
5.561943817822267988e-05
9.205827291691726089e-06
1.746356195321263627e-04
2.732317700016029249e-05
7.270131661696321856e-05
3.801412576975859992e-05
3.638412365924992287e-05
6.144881868630491795e-05
2.723794189740669225e-05
8.379320625406805334e-05
1.607798552616390708e-05
4.141018629433279585e-05
1.856277427803032509e-05
7.304919148021227215e-06
5.196574204802129060e-05
1.125009204983040689e-05
3.153364171404327010e-05
1.298087577972228956e-05
2.730428945485474657e-05
1.377313353456699474e-05
2.752409109407771837e-05
1.296587931587378506e-05
2.003476079026622614e-05
8.925846171736750989e-06
2.719347343282940699e-05
6.892380039813517101e-06
1.477444889275147943e-05
7.144903756195475353e-06
1.806041965446425479e-05
5.811103481301316265e-06
1.640357068244391314e-05
6.314337755219945336e-06
1.440931972573888942e-05
5.093877223028009382e-06
2.235080638013364762e-05
3.318074050961961063e-06
8.187649193081014687e-06
3.799212990762690367e-06
1.501580360196985708e-05
2.651766094485807912e-06
1.082418856979128208e-05
3.508734706780813895e-06
6.070971618421516780e-06
8.648971522084991648e-06
2.948751022247009246e-06
6.637389228014711762e-06
2.802131405021945909e-06
9.236607548812614255e-06
2.456416260732119383e-06
5.969988934095837863e-06
2.344284387612027842e-06
7.453308760063670491e-06
1.465164744973712629e-06
5.265394162123904209e-06
1.649416956683857904e-06
5.958355413171467774e-06
1.337997926342815447e-06
4.188083196132730279e-06
1.366736123387113366e-06
2.617657244297078023e-06
4.506652590219317744e-06
1.020198409196204636e-06
2.695330140967122645e-06
1.247659181080607027e-06
2.377350489690677193e-06
1.115935980844362518e-06
3.021368485067732479e-06
1.059127874625254151e-06
3.695798506009317919e-06
6.862436146004569082e-07
2.263510240352317737e-06
6.267355495692683576e-07
3.217304352265415446e-06
5.210829818746987030e-07
1.134019760984372738e-06
2.321772154312284897e-06
5.076250684243888145e-07
1.376345401093992393e-06
5.212071331195389234e-07
1.570520539950770456e-06
4.887738305203725986e-07
1.386030685335271073e-06
4.829809397977058438e-07
1.721543695598626300e-06
3.774455638039242444e-07
7.371917183363052573e-07
3.628245791587048075e-07
1.255901154295635536e-06
2.479458015569591112e-07
4.515453400077973356e-07
1.025230049522818376e-06
2.065856710142810471e-07
1.091703803135501971e-06
1.947379041356001039e-07
3.726175525908814734e-07
8.791240683203582762e-07
1.945447789530874161e-07
7.753928022991019020e-07
1.843343505614214450e-07
6.950066755440076349e-07
1.304910797195191208e-07
3.050409068672266244e-07
6.839774741029813754e-07
1.633214824492412731e-07
3.416908848086208650e-07
1.406667733405697618e-07
3.945757061085686246e-07
1.044634890812190520e-07
3.910267922790922057e-07
8.213891589115007719e-08
3.942146130642143476e-07
7.644645116933190820e-08
2.083127166319087564e-07
9.196988370874237262e-08
1.742076800592684549e-07
8.191385780786930582e-08
1.907239782772407466e-07
7.507815746876644880e-08
1.976079928578400313e-07
6.135304642107541895e-08
2.280661562936714404e-07
4.775386552857696643e-08
2.156486864635098755e-07
4.065464354052750195e-08
1.208031594757130733e-07
4.179883072996659621e-08
6.367102245441458308e-08
1.506275186802241706e-07
3.273100213085911037e-08
1.258269828330327300e-07
3.214590638123127064e-08
1.572893937318298185e-07
2.893115769175835794e-08
5.745199871398654068e-08
8.499457526678355634e-08
2.709928226263258466e-08
5.853823470403085594e-08
2.708485469238297583e-08
8.771806381258073770e-08
1.930022308638257300e-08
5.446736950354136297e-08
1.880168376544588682e-08
8.000597240265250321e-08
1.611605571216756516e-08
2.776298879680894061e-08
6.398055152345705210e-08
1.260355064758300614e-08
5.430479144141742154e-08
1.177285757769652719e-08
2.806863763638034470e-08
1.329516174930489569e-08
2.338309301741503532e-08
4.167555589518201486e-08
1.151687567535475409e-08
2.795718523351808926e-08
1.062053911482507829e-08
3.034535633883450600e-08
8.153696939849908176e-09
3.819229665857903910e-08
7.250989919604933220e-09
1.535442351041638176e-08
7.182787031823067991e-09
2.563257606169599967e-08
5.241744149842020306e-09
2.530813436596446309e-08
4.963549016245849543e-09
1.013686334871977124e-08
2.293000822550794737e-08
4.499772332522411489e-09
2.265200160778135796e-08
4.072043924274737492e-09
9.301050374332930915e-09
4.389582808350667165e-09
1.243264113881537014e-08
3.543941695660635105e-09
6.425501131168687152e-09
1.372930147347517504e-08
2.854397163076782817e-09
6.004119090796677938e-09
2.799361853433879332e-09
9.648748022783593115e-09
2.103740848191648638e-09
1.007236749561712941e-08
1.942130123389063101e-09
4.045571544430970334e-09
8.731482759039010944e-09
1.731762178103224414e-09
9.098383380035102164e-09
1.538897786979021021e-09
3.572917184335722141e-09
1.672586291689981408e-09
4.944888276625647450e-09
1.576341501774436438e-09
2.368504614658206719e-09
5.264723323961106871e-09
1.110016079053366411e-09
2.379257679763213673e-09
1.118624193274797562e-09
3.128640901906010185e-09
9.028775505015573799e-10
2.175004287785498036e-09
8.962268704948428422e-10
2.990393710433636443e-09
7.098013288242555063e-10
3.268191162142386474e-09
6.569152999347238620e-10
2.451116976054379393e-09
6.758443804599778559e-10
1.653280623514774561e-09
7.220948283759298647e-10
1.047215647531629656e-09
1.213938061184194339e-09
5.134123126637746282e-10
1.288913309416273023e-09
4.704661105137120103e-10
1.466962884499878328e-09
3.748278354365197629e-10
1.517592385091859342e-09
3.700751927127043928e-10
1.315121456180179393e-09
2.917994734730200435e-10
7.725831085991785585e-10
3.317094376953377832e-10
1.027602891667811491e-09
2.895322870344330113e-10
7.325692275017559041e-10
3.038077567296681991e-10
5.942116798607344208e-10
2.341774552050424063e-10
6.091731563628854929e-10
2.086931738531916380e-10
6.256692941519759188e-10
1.936297788773799766e-10
6.422743448197820726e-10
1.535437332833566870e-10
6.853024814290620270e-10
1.487556744450557744e-10
3.280868909882883599e-10
1.547091343923057138e-10
6.186985368472619484e-10
1.173993124936600907e-10
5.316590501180940009e-10
1.192526077886668645e-10
2.564030099350134151e-10
1.184624620620411406e-10
4.766476102702199569e-10
9.008072066052363880e-11
4.783283769071999814e-10
7.732359197376581506e-11
1.575433117295688135e-10
6.997569190758667901e-11
2.958068234804045460e-10
6.089062587477656052e-11
3.439767359836309879e-10
5.714229089903710701e-11
2.374372920499467909e-10
6.413392039661403032e-11
1.902015211996399557e-10
5.197009489421589024e-11
1.410129790713199327e-10
5.603739694493015122e-11
8.434153375702635458e-11
1.403951399581160331e-10
3.796063463568088991e-11
1.076031486135775594e-10
3.756339683747000890e-11
1.302383756396352510e-10
3.171785056821363469e-11
1.343735123171541090e-10
2.729827475178581153e-11
7.154921100038791337e-11
2.972067036921544059e-11
6.843614563933897443e-11
2.796940457017171866e-11
8.502454296177575088e-11
2.447775315772560134e-11
7.744926922015338278e-11
2.461408854514957056e-11
7.235623211698793966e-11
2.266009602180929505e-11
6.419575981908565154e-11
1.562183715719811516e-11
4.395117603195330958e-11
1.711797370518297612e-11
5.914191358868947646e-11
1.259170545608867542e-11
3.452715890972513080e-11
1.360911383585516887e-11
3.321964925362408394e-11
1.266953209011489889e-11
4.853972779272908156e-11
1.096012169909954537e-11
3.937095094386222627e-11
1.040456609757711703e-11
3.040256935094021173e-11
1.104849545185970783e-11
3.028866046861367067e-11
1.002598004617993865e-11
1.948208261381978446e-11
7.847500427260456490e-12
2.698541390344644242e-11
6.378231276471524325e-12
1.665734217226599867e-11
6.147748976559341827e-12
1.546518468842350558e-11
5.700773186845253804e-12
2.151412381579120847e-11
5.146882919859763206e-12
1.553734918502414075e-11
4.815370324706691463e-12
2.091804507386996193e-11
4.306555112520982220e-12
1.472677535474531396e-11
4.573674772245794884e-12
1.273769978382688350e-11
4.515388063452974166e-12
8.055223155167823279e-12
3.688604977014620090e-12
3.688604977014620090e-12
2.033218508428191740e-04
3.986702164077149391e-04
1.585531406762541451e-04
4.470241594494162030e-04
7.080123587566156118e-05
9.550426549376211938e-05
1.755293918329625669e-04
4.464286821307394959e-04
1.217447161626306062e-03
1.857355066061661120e-04
1.813016238071396558e-04
2.839854344676151499e-04
1.373330580567433401e-04
6.639579417428986829e-04
6.653292715685932279e-05
9.318674355873746151e-05
3.016244266506040717e-04
8.579590326396324684e-05
7.840293165173317647e-05
1.109713749681828787e-04
