4.020624758319668590e-02
4.325346364548354750e-02
3.969253209814838090e-02
3.691786827134302396e-02
3.417958178944946468e-02
3.362846742754121987e-02
3.074370578609364468e-02
2.702040509890957232e-02
2.363637287629227757e-02
2.169036789490486061e-02
2.047098475237607573e-02
2.762016828929958479e-02
2.236839862823480907e-02
2.698781258675631012e-02
2.151804233557552681e-02
2.109169352792517049e-02
1.928709251768956356e-02
1.822776908954681918e-02
1.949805205899945992e-02
1.658089301924436931e-02
1.483704125706797328e-02
1.463446709464533146e-02
1.439179831947157151e-02
9.757120382630546374e-03
6.816468705565403852e-03
1.239502362896149901e-02
6.600726720396909997e-03
7.960881628691574008e-03
2.258300222950593295e-03
1.715163086978499507e-03
8.080689143661334839e-04
3.199244883545504514e-03
4.266872301443180859e-03
1.005587053448997459e-03
1.723356980363188740e-03
4.343729994459311072e-04
2.240992835321642396e-03
1.639167288216558660e-04
3.575835460297827062e-03
7.754272324356215051e-05
1.759229305841047974e-04
2.866891796937665049e-05
5.584888118996822470e-04
2.005787009717874270e-05
7.420459297380332941e-05
2.381456419309202488e-05
1.186462847920788377e-04
9.373004947854646218e-06
1.411439645893075578e-05
2.272122056834469106e-05
1.032121072830349817e-05
1.821546020985831404e-05
8.565548801353628505e-06
