4.785086816692400991e-01
4.608267784049590032e-01
4.786352932241518809e-01
4.609177712195939858e-01
4.415362783462952745e-01
4.206633622296828134e-01
4.201937812716933784e-01
3.973019922562699424e-01
3.493520615790729478e-01
2.843517551446294034e-01
2.556316647798871911e-01
1.680744624347412230e-01
6.531106723641355583e-02
1.815320256251085063e-02
9.608349578231090149e-03
1.777695506134913117e-01
2.047510976014622619e-01
2.637850113732120860e-02
4.954547300715417268e-02
1.161922625097711048e-02
1.652719440904326653e-02
1.982804664135562334e-02
2.119469683631525214e-02
2.067923453062658901e-02
4.935330798365056282e-03
1.415135356421648449e-02
2.235000448171409193e-02
1.615160377485769239e-02
5.531023186943984093e-03
1.233630656551443217e-02
5.159535488756139543e-03
1.305750096531355098e-02
7.377138112518721869e-05
1.892132981995420238e-04
5.679962475395483601e-03
2.518530906943539094e-03
2.790736347099809223e-03
1.250381573918213363e-03
1.404454658619713747e-03
6.014525297428630068e-04
7.259909131013264627e-04
2.732851400166769196e-04
3.904397472559439919e-04
1.082770912297359445e-04
3.686213875047084088e-04
4.874400957910474119e-05
8.323930730680384471e-05
3.528411521791507965e-05
1.583210073800023210e-04
1.595973312551457468e-05
2.921180949178037167e-05
8.035672271744509487e-05
6.320998952591416753e-06
1.971917884668883403e-05
7.430168745492515825e-06
2.971136275820018824e-05
4.546709421182626443e-06
5.626886073306636149e-06
1.650362822802620144e-05
6.136542816115309051e-07
1.720531558446758424e-06
6.869481299798252394e-06
1.692958637056207749e-06
2.774282353179557958e-06
5.861894227798813972e-07
2.889613178624905743e-06
5.478750206844296144e-07
5.634348219096807497e-07
1.701808508780544571e-06
1.405005001231529604e-08
4.024409838709885889e-08
5.975815163816733389e-07
2.615458480903498639e-07
3.111824220525249984e-07
1.183725173437011335e-07
1.679916158403571558e-07
4.678366827270963313e-08
9.639839770869684799e-08
1.098870061611023630e-08
2.774033047714397071e-08
1.471686461584909011e-08
1.927586434913308722e-08
7.211810260088213909e-09
3.169494400268035861e-08
2.071851579188432879e-09
8.761921743705158860e-09
2.720814129553161820e-09
1.176957253878896381e-08
2.477591687366498263e-09
2.508807606105278865e-09
1.450244369038955483e-09
3.365304590552398167e-09
1.120156634115687666e-09
4.674288289763239845e-09
3.852460572772997693e-10
7.822322789508007190e-10
2.255461928335478206e-09
2.762710060721929040e-10
6.075835390362271937e-10
2.876650029293159605e-10
9.575358284052981617e-10
4.800038144736618051e-11
7.718459205108274546e-11
3.899995881795348396e-10
1.100901592110403726e-10
2.230449158702185741e-10
2.690314637732171832e-11
3.290567818226008967e-11
1.202353772100650531e-10
5.916267475924996688e-12
3.600397757708151403e-11
2.596789450137748645e-11
2.314504143896556343e-11
5.214240150763771453e-11
7.215561481643817388e-12
1.134714544548387494e-11
7.845946115025981271e-12
9.399703237988887849e-12
4.816369525428854104e-12
1.083944045632279085e-11
3.648636948128114454e-12
1.450550790593752026e-11
7.843725668976730958e-13
2.220557071552775597e-12
6.479483616317338601e-12
1.124211834735433513e-12
2.231326234891639615e-12
9.563461134121098439e-13
2.836841872522199992e-12
1.538769112130466965e-13
2.307043445171075291e-13
1.235456181802874198e-12
2.741140647799511498e-13
7.362999099314038176e-13
2.187139358511558385e-14
2.434719093002968293e-13
1.767475055203249212e-13
6.283862319378386019e-14
2.179367797339182289e-13
6.838973831690964289e-14
1.207922650792170316e-13
2.109423746787797427e-14
8.215650382226158399e-15
5.440092820663267048e-14
8.260059303211164661e-14
6.439293542825907934e-15
7.915890165577366133e-14
2.664535259100375697e-14
8.881784197001252323e-15
1.865174681370262988e-14
6.439293542825907934e-15
1.087144512638404947e-02
5.169663828223924895e-03
4.603347760590681403e-03
8.695041537007286436e-03
1.246925712684365806e-03
6.546962313460635841e-03
2.081400362624608036e-03
3.496460510187371362e-03
7.531896444010754976e-04
1.947933486279307402e-03
4.271166883609289755e-04
1.202400255671864926e-03
2.729802618275378734e-04
6.940648629654155854e-04
1.442871487702390709e-04
4.203624422476348599e-04
1.008779176041585401e-04
2.444911863463961055e-04
4.677199290126221598e-05
1.481457312826339745e-04
3.883242835978073515e-05
8.552286502694350645e-05
1.364387432356561902e-05
5.257737449204658020e-05
1.602967952263334439e-05
2.967523400676519429e-05
4.615875834002025613e-06
1.821937057933098458e-05
5.657085959898111582e-06
1.027454601709720805e-05
1.668933090059887547e-06
6.302372932753819157e-06
1.895960795028628354e-06
3.563162487729698569e-06
5.335918293880581587e-07
2.193297857999709777e-06
6.983337487165286461e-07
1.232782591120695770e-06
2.142942078231513392e-07
7.525748273451426940e-07
2.146340425390746987e-07
4.284490419115272175e-07
5.450925466554679133e-08
2.663450904272224307e-07
9.278333401585570073e-08
1.475364233005649339e-07
3.236562573505352702e-08
8.814894170150466834e-08
1.954604944565119240e-08
5.177515172150037870e-08
1.108051017606470623e-08
3.109217050489831990e-08
7.182112238268700821e-09
1.812157890412890993e-08
3.631076217480710966e-09
1.100641811024871686e-08
2.770644824678925033e-09
6.311568823136326500e-09
1.064177190812642948e-09
3.922248525967120258e-09
1.162663298970301184e-09
2.183780933862067286e-09
3.423616945497087727e-10
1.294804707896446416e-09
4.176448076265160125e-10
7.618465858172385197e-10
1.085770362507787468e-10
4.915500229074609706e-10
1.573581265290613374e-10
2.595986758890944657e-10
5.898947996740844246e-11
1.421569528758936940e-10
3.219657873643200219e-11
9.325495931022942386e-11
2.549227495762806939e-11
4.858624613746087562e-11
6.313394251833415183e-12
3.433076045666894061e-11
1.330624499473742617e-11
1.660582782392339141e-11
6.522338225067869644e-12
8.435141474194551847e-12
2.955413691552166711e-12
1.056932319443149026e-12
1.310651587260736051e-11
3.472111487212714565e-12
9.663381206337362528e-13
2.289501921381997818e-12
4.122036045828281203e-12
1.819655537360631570e-12
1.385891401639582909e-12
3.016475957906550320e-13
1.291411422243982088e-12
4.893863092547690030e-13
6.388223283693150734e-13
2.284838984678572160e-13
2.384759056894836249e-13
2.455813330470846267e-13
1.560973572622970096e-13
4.396483177515619900e-14
1.512123759539463208e-13
7.116529587847253424e-14
8.193445921733655268e-14
3.530509218307997799e-14
8.970602038971264847e-14
1.298960938811433152e-14
4.174438572590588592e-14
1.287858708565181587e-14
2.542410726391608478e-14
1.665334536937734811e-15
1.665334536937734811e-15
1.105993414699790733e-02
4.812990974081388096e-03
5.024486516044035511e-03
1.507897531120683254e-03
5.698285087484045164e-03
1.946592423021642482e-03
3.310420336096520089e-03
5.725961176497040839e-04
2.159162248625001723e-03
6.213646592230226418e-04
1.212293979001688449e-03
1.705001168201825124e-04
7.343330602618269864e-04
2.424268894029024679e-04
4.110383434643427591e-04
7.820130659241808502e-05
2.501181056709933515e-04
6.591110421316770385e-05
1.439366073141545854e-04
2.255653744798191696e-05
8.872899793477273533e-05
2.736476577269719712e-05
4.995533468321600168e-05
8.063159274263043130e-06
3.056823879377112974e-05
9.247356799191308596e-06
1.731504620661183935e-05
2.599758476939939555e-06
1.069200279713022894e-05
3.389508982598599118e-06
5.988070542528589613e-06
1.048899247457768524e-06
3.636351258551329124e-06
1.033857957688510965e-06
2.084396489077100512e-06
2.681600428378061451e-07
1.297484607309939975e-06
4.481082397367330827e-07
7.175634109124473525e-07
1.559617845980909578e-07
4.280963556979600071e-07
9.616995955141760533e-08
2.519515256427240502e-07
5.336540764844244222e-08
1.509165287183478199e-07
3.523827363238751786e-08
8.827291675395088077e-08
1.756878664771477361e-08
5.335905350900560506e-08
1.346563371917852692e-08
3.080354393780737610e-08
5.259950919267453173e-09
1.896936085987732667e-08
5.535814251445003720e-09
1.068167798656816103e-08
1.526174076005304414e-09
6.486213788292616300e-09
2.170627233510913356e-09
3.702457229692868168e-09
6.641610594826374836e-10
2.300717283354458687e-09
6.331204449594451944e-10
1.278896988310407323e-09
1.525374271338364451e-10
8.277525331834567623e-10
2.955808930948933266e-10
4.348573723333970520e-10
1.198903198940115544e-10
2.331879134231940043e-10
3.572053763889471156e-11
1.571883734285961509e-10
5.659295254645257955e-11
8.194467326916310412e-11
2.345168503836703167e-11
3.802602677183131163e-11
7.205569474422190979e-12
2.970923507206180147e-11
1.213384948073326086e-11
1.444722119714469954e-11
5.982769835100043565e-12
3.620215238697710447e-12
1.764599577569470057e-11
6.152411913262767484e-12
2.271294263778145250e-12
4.164890654578812246e-12
5.718536755239256308e-12
3.213429522475053091e-12
1.727284981711818546e-12
3.495537193032305368e-12
8.468781231840694090e-13
1.629141266334954707e-12
1.211919453680820880e-12
4.671818487622658722e-13
1.226574397605872946e-12
3.805844528415036621e-13
5.677680547933050548e-13
6.150635556423367234e-14
4.598543767997398390e-13
2.136069099378801184e-13
2.049471703458038974e-13
8.759659664292485104e-14
1.214583988939921255e-13
3.452793606584236841e-14
2.079447725122918200e-13
3.996802888650563546e-15
5.950795411990839057e-14
7.549516567451064475e-15
3.974598428158060415e-14
3.996802888650563546e-15
2.997602166487922659e-14
1.065814103640150279e-14
1.620925615952728549e-14
5.329070518200751394e-15
2.886579864025407005e-14
1.376676550535194110e-14
