9.768975191690888460e-01
9.794764199262877558e-01
9.809209950746742290e-01
9.815174628584697469e-01
9.762653578183946301e-01
9.751227759009517548e-01
9.711896618310029705e-01
9.770573752046628480e-01
9.809959590070767010e-01
9.712070173599753886e-01
9.693950800616141228e-01
9.671962600917394237e-01
9.619009606962100056e-01
9.577069176602484024e-01
9.617957719497057800e-01
9.613868171970404441e-01
9.563647064677995857e-01
9.527835754418350067e-01
9.501867129394502287e-01
9.456163820494841721e-01
9.423818886540098472e-01
9.365245992823127974e-01
9.397210801754148912e-01
9.283656623954184006e-01
9.208271618227720223e-01
9.218416660222316095e-01
9.186068625110949126e-01
9.115325273843064569e-01
9.039219078235832816e-01
8.943199166445336967e-01
8.913658832581492497e-01
8.804792833379968542e-01
8.772974470632963762e-01
8.649065094955015187e-01
8.649077501750567221e-01
8.514233762751494128e-01
8.373443813716063833e-01
8.266440494932577598e-01
8.090150868446168708e-01
8.172400506958088506e-01
7.865107023254458429e-01
7.653110624503998149e-01
7.577069301584596905e-01
7.335452464231677627e-01
7.378783383571954069e-01
7.174390711347754523e-01
6.934248978237480543e-01
6.896514449223941634e-01
6.636363654177853677e-01
6.309559881461970221e-01
5.959520157281370523e-01
6.018415255168959588e-01
5.691129409337867262e-01
5.334233398359941036e-01
5.018008771884058250e-01
4.575831521684639025e-01
4.770941862271073086e-01
4.420092170448149949e-01
4.020476609424235015e-01
3.641098028028885158e-01
3.172197072938144347e-01
3.009024279022152193e-01
2.481547448294793012e-01
2.345238314558414361e-01
1.804973124931906758e-01
1.994734896350017772e-01
1.022567225283124159e-01
4.350273051410213920e-02
5.080444284942287059e-02
1.207312939626448145e-02
3.627563565517766264e-02
6.242173080126600659e-02
1.260877815146266290e-01
1.681314970051535074e-01
1.382389773841694591e-01
1.930055352182096229e-01
1.624072873963440244e-01
2.101686180009840754e-01
9.278236958345387198e-02
8.393993126996579512e-02
1.682889551514863413e-01
1.273132257296625269e-01
1.968951634551304730e-01
1.149504508050187557e-01
1.246734660963916275e-01
1.917779376000169345e-01
8.184439147233635303e-02
1.169489320340080241e-01
8.263113791953591303e-02
1.558039554803319904e-01
8.319897363716677319e-02
1.067206053625524564e-01
5.613778544892145117e-02
1.211145727665179361e-01
5.043765411314937719e-02
8.815617278650300648e-02
6.022710418479459982e-02
8.587497779167285739e-02
5.808833331773666231e-02
9.172437086940599116e-02
5.658007164753731111e-02
7.719084766384209928e-02
4.313505355824087673e-02
7.828305208442909446e-02
4.076998627547490095e-02
7.671388832459424822e-02
3.816769945194775637e-02
8.015095074587852420e-02
3.637652794684798074e-02
5.324265217678947337e-02
3.784782126566521576e-02
6.625201696036997490e-02
3.011217099068785874e-02
7.870795566138499844e-02
2.979193958387960084e-02
6.541099139370420978e-02
2.374924657975752140e-02
3.035154066233414216e-02
4.566156738811644189e-02
2.812391985408213557e-02
4.421769842630363101e-02
2.578037294004564828e-02
4.884463178399722771e-02
2.522905969838507012e-02
4.879571269802707167e-02
2.361168941513369646e-02
3.073657718324085408e-02
2.013627535108586386e-02
3.241608929022166130e-02
1.958522410069551967e-02
3.705554484427642237e-02
1.919675569193091125e-02
3.389687597421242593e-02
1.887579993319854488e-02
3.258977815706987080e-02
1.691282675260485924e-02
3.499643489093551274e-02
1.626973085247551687e-02
2.290301548235795792e-02
2.235954357966241091e-02
3.559957677356473393e-02
1.453698667523384280e-02
2.140645171797816992e-02
1.469466041505351761e-02
2.671467737259636266e-02
1.241906566888539842e-02
2.739000560257065509e-02
1.174010189714103092e-02
3.066661447562624154e-02
1.135021638051270099e-02
1.514648297495646556e-02
2.114626054161639068e-02
1.105265216029271969e-02
2.190273316413848814e-02
1.041006272603128835e-02
1.595917763904441955e-02
1.020192401518560388e-02
2.010546604060980957e-02
9.337876283532997590e-03
2.243509470417426321e-02
9.120917171202336249e-03
1.085095393746304815e-02
1.615264262288551578e-02
7.529122866623882970e-03
1.648445528434816509e-02
7.112493350844628637e-03
1.793071763307851896e-02
6.752166721740393562e-03
8.893942358049855557e-03
1.403897624511318831e-02
7.074507791250850275e-03
1.409237922539519072e-02
6.607778967879562870e-03
1.057860329842186253e-02
6.896446637706943328e-03
1.287779370158648184e-02
5.888785519984063299e-03
1.386407926207366970e-02
5.644632146974304376e-03
8.194558170580679146e-03
5.535922915149260604e-03
9.912168652101760458e-03
4.749629785953612959e-03
9.923056020584963832e-03
4.360837720262078498e-03
6.942287006550196260e-03
4.709494693434845836e-03
7.662345237145373744e-03
4.601877800549991626e-03
8.095405207088957056e-03
4.423017420617902928e-03
8.053778975799397166e-03
4.333301468267380940e-03
7.709165737462275736e-03
3.776162953207151673e-03
8.138936352227843507e-03
3.551603268689973447e-03
8.330723734681244608e-03
3.380137629702906210e-03
3.979049344337015626e-03
6.061159899477974733e-03
3.002529274835241679e-03
6.397767456629344096e-03
2.870947344851937366e-03
6.636946302067681103e-03
2.690445168472943571e-03
6.865264521422664856e-03
2.572438731423987157e-03
3.436310957441013336e-03
4.965128564882292928e-03
2.592840618989677992e-03
5.024560196064231654e-03
2.403813101949703324e-03
5.182106742599001947e-03
2.212200044833689816e-03
3.305286602744539337e-03
3.525073571475134671e-03
2.303193628460320497e-03
3.705824350176190052e-03
2.212894371900198109e-03
3.875848527452818715e-03
1.917739191789280540e-03
4.002428885091058319e-03
1.792185230903853288e-03
4.057418448728533633e-03
1.634144423223737874e-03
2.293692813563841248e-03
2.912633385337093372e-03
1.704132432888805226e-03
3.055108131387429538e-03
1.553120509890648648e-03
3.140007882958761876e-03
1.454363860629248606e-03
2.382056055947767703e-03
1.558720618540676561e-03
3.056961152806514370e-03
1.391153491180574520e-03
3.298088026196355216e-03
1.361489517691438778e-03
1.681065015886273883e-03
2.428182618461560693e-03
1.131049907845849134e-03
2.464957393528477425e-03
1.046727630675481358e-03
1.588328172031139296e-03
1.744475643025822365e-03
1.105308320271336520e-03
1.813308715051142883e-03
1.054492768864823127e-03
1.909751672061865690e-03
1.014564244065763177e-03
1.838618897182842105e-03
1.023974219571677224e-03
1.846579911933821094e-03
9.391527999900173285e-04
1.896881905456559991e-03
8.780511488777342777e-04
2.002715667221321993e-03
8.399273825365760615e-04
9.977281809236959731e-04
1.497331775440757795e-03
6.982701474288477428e-04
1.531980475663274888e-03
6.491474154509679906e-04
1.619040656402281897e-03
6.279731345575356727e-04
8.569543547454205878e-04
1.218191640132815223e-03
6.647467425506814465e-04
1.207154931778253726e-03
6.535063119543771393e-04
1.220026584805800063e-03
6.020652744209709084e-04
1.227774462842723402e-03
5.492501971351426704e-04
8.585762328983115310e-04
5.886321015857731709e-04
1.200934817409682331e-03
5.226024377864568748e-04
6.480013778096260779e-04
9.421267624607487789e-04
4.133783031073923198e-04
6.425704484966932029e-04
6.616390652622872182e-04
4.441027935023766915e-04
9.081128163078711069e-04
4.049802735739405080e-04
6.438250213702811919e-04
4.413322200267355555e-04
6.732360680758997518e-04
4.238038262707188863e-04
8.106899050118743233e-04
3.815206373485313662e-04
6.230116445413713677e-04
3.992354948686438476e-04
7.525645903719846430e-04
3.460508001487117014e-04
3.460508001487117014e-04
2.009395952168357979e-02
2.828958697878680706e-02
3.935687200398541030e-02
2.169212148155574837e-03
2.501576882966904947e-02
3.971655373011073742e-02
3.995154843875914352e-02
8.382162449061203446e-03
3.215456617795564576e-02
5.111711919921158032e-02
2.598314435583493065e-02
4.332310782797632598e-02
2.579971011068249442e-02
3.963222345899830579e-02
2.077952941352090299e-02
3.399669704049612662e-02
1.755282773054356316e-02
2.771431783349653788e-02
1.774664079429943975e-02
3.407349977429197097e-02
1.609771297263773437e-02
2.682744313779861223e-02
1.720604797194402735e-02
2.923475982677081753e-02
1.287634249039970591e-02
1.970072866294980685e-02
1.344209895018932954e-02
2.523719859749395944e-02
1.109212758554645184e-02
1.531684195145932570e-02
1.849135609547436498e-02
1.180469991594002011e-02
2.098812368523206295e-02
9.952258275858105740e-03
1.730640487237578018e-02
1.069267691828756917e-02
1.920843173971853446e-02
8.305518777235065819e-03
1.938718264621819287e-02
7.707920315342065010e-03
1.000966910073297633e-02
1.432570629391782813e-02
7.145086461275651502e-03
1.544909925413151530e-02
6.782701747445774032e-03
9.790590682026811820e-03
1.439611423107356458e-02
5.999880249527023146e-03
9.072985798566524096e-03
6.037953472591062187e-03
1.255974634485701458e-02
5.503272488421195874e-03
9.041424683712717680e-03
5.573027471137081967e-03
8.781073150679219452e-03
5.064151124654081570e-03
8.893760642937675875e-03
4.648532561955409648e-03
9.339662950350380299e-03
4.337950028719061990e-03
6.160914057304456293e-03
4.082376391473019339e-03
6.458900954235291536e-03
3.972308743371177897e-03
6.707788787260637875e-03
3.642675320532418048e-03
7.354194409868952675e-03
3.672211487878884739e-03
5.977629111790561112e-03
3.309268584738123131e-03
5.623423505514923981e-03
3.047707694577628246e-03
5.756859937256053605e-03
2.793441614354907898e-03
4.403083248501804547e-03
2.730510131387919870e-03
4.562623085633710218e-03
2.604392511437070290e-03
4.871955947030937040e-03
2.422607341006521864e-03
4.283127263874142443e-03
2.400639148286476399e-03
4.134451484551604494e-03
2.132683534337820319e-03
3.473570670695314000e-03
2.031128502370638245e-03
3.464645162371438047e-03
1.830856988525253470e-03
3.198476189924859270e-03
1.789433951466357087e-03
3.272262730697583777e-03
1.671355370360227965e-03
2.894655244345512024e-03
1.633612578980203622e-03
3.094785433150670784e-03
1.539925997155133786e-03
3.253394093640671336e-03
1.521946459034806409e-03
2.755660537272941468e-03
1.363567030444046146e-03
2.239477441351667153e-03
1.364770296302664221e-03
2.181207116266459245e-03
1.210895020948843381e-03
2.192352393275198708e-03
1.161492120602569678e-03
2.200054336806811506e-03
1.060563263465486017e-03
1.826763771260453417e-03
1.110006271304309067e-03
2.074902847947868167e-03
9.745473093930590025e-04
1.990734291817508606e-03
1.062562481032536255e-03
1.548167393329080710e-03
9.099537444645644513e-04
1.741507800124164618e-03
8.764171286879118838e-04
1.360389468990641504e-03
8.123426856847526523e-04
1.509085732061210550e-03
7.420386993630678774e-04
1.246762160694636634e-03
7.488956682999425851e-04
1.421658826774252482e-03
7.149591652515496776e-04
1.300354890440669209e-03
6.896661123301228713e-04
1.292821015559164621e-03
6.200951968562407046e-04
9.740939955628080682e-04
6.157149230960889952e-04
1.183276871653982099e-03
5.539718455654929485e-04
8.511912964426215922e-04
5.539819073432372676e-04
8.416161290711876575e-04
5.030831395804735706e-04
9.677597471999810352e-04
4.740220452345011992e-04
8.623445462405676665e-04
4.872154344535140069e-04
9.083517087740133888e-04
4.391875557304691924e-04
8.868281084102314082e-04
3.845608162906799521e-04
5.991039390370600515e-04
4.092023222764806789e-04
7.815482889698133206e-04
3.461896567429345595e-04
5.545062356913099677e-04
3.806610356666961792e-04
7.277973157292505491e-04
3.118869964540138540e-04
7.894721491262801649e-04
2.967680482630630223e-04
3.998301442260654426e-04
5.749211411760768442e-04
2.805718660767730910e-04
5.775906535161468014e-04
2.549811559173775777e-04
3.959510726010417869e-04
2.713862445211656649e-04
4.173605760162679701e-04
2.591970279510746877e-04
4.439865412269039524e-04
2.517874866213576368e-04
4.343039974228357636e-04
2.247204846179684523e-04
4.914513917294582868e-04
2.220733513307315832e-04
4.544282321966575111e-04
1.926322581944361900e-04
4.800610502364577314e-04
1.793278390174180004e-04
2.272824623654745579e-04
3.433680721851573026e-04
1.752985810903329167e-04
3.520864917296862018e-04
1.636374417377517432e-04
3.707752705646161218e-04
1.571789231663567321e-04
3.911457498659842713e-04
1.512819663436193451e-04
1.830894478316302809e-04
2.826182400560428576e-04
1.456507447972210656e-04
3.106213409841407369e-04
1.417786110975427505e-04
2.830401024925821574e-04
1.185082003405391049e-04
1.682422839492936362e-04
2.038523396357128092e-04
1.212428684131960921e-04
2.319914955695168146e-04
1.116444145790040920e-04
1.820876225662182435e-04
1.136520180378131073e-04
2.196491305388459381e-04
1.037348772253698925e-04
2.265700526133951342e-04
9.720921801636972504e-05
2.341633907303464213e-04
9.104105472668155841e-05
1.220950911189344623e-04
1.890945732516691180e-04
9.129586107414766616e-05
1.326854375947039699e-04
8.221757818915875760e-05
1.646847702706510930e-04
7.738183858485569999e-05
1.691867247928247053e-04
7.360639002929048047e-05
1.744754150190264141e-04
6.871164752531022657e-05
9.615666551443524668e-05
1.382763907940010029e-04
6.591718349913122665e-05
1.395815762277319294e-04
6.020926041694352193e-05
9.294366686329880167e-05
6.337931835898036326e-05
1.288654896208774048e-04
5.741436698514235104e-05
9.264773228512268588e-05
6.233837292424215804e-05
8.868997997302230374e-05
5.548733312088494074e-05
1.055184841425305109e-04
4.915824974149884952e-05
1.065376237461279629e-04
4.548240865931418853e-05
1.075075887675414066e-04
4.121329665074391357e-05
5.402905055240658783e-05
8.084008915942852980e-05
4.083997952641915674e-05
8.518922129097106222e-05
3.928606820391422616e-05
8.828517622094800288e-05
3.700458525879302130e-05
5.382794725561357296e-05
6.024298574169861809e-05
3.737129429004504289e-05
7.211712224552968564e-05
3.434863544327093621e-05
5.705974412228975723e-05
3.630166994039729644e-05
6.694638910054173664e-05
3.112464984433849224e-05
3.112464984433849224e-05
2.495121422751855889e-02
2.275264883359262580e-02
3.239775889401341757e-02
1.016928773956071730e-02
8.507468221403691189e-03
3.576977971133166179e-02
3.895683507658254108e-02
3.574064441121915792e-02
6.426863256516490708e-02
2.323020670065378823e-02
6.411317420014994717e-02
2.051622505150518805e-02
2.051587675184007864e-02
3.234182778032757000e-02
2.231907212873918134e-02
3.385983001658265934e-02
1.500100494526923622e-02
2.146001692594023957e-02
2.518204229719644971e-02
1.519676059289554182e-02
2.926872064338592594e-02
1.432380538719568719e-02
2.308634366953454808e-02
1.435345983423896854e-02
2.804343842841328094e-02
1.317675394055872751e-02
3.081081356924564307e-02
1.295452720721335105e-02
1.360770618017692613e-02
1.933293259647483886e-02
9.311200244604078691e-03
2.082106508804693057e-02
8.759416076539183749e-03
1.329401083995940258e-02
1.935606698955349980e-02
8.484712731693599963e-03
1.304063999267612850e-02
1.371834730425081084e-02
9.049458403461718703e-03
1.434802624012176953e-02
8.776581921218218341e-03
1.617687270596623872e-02
8.625528143054062014e-03
1.251473582655782124e-02
6.622291030707327941e-03
1.173866892372421589e-02
5.878980646040421476e-03
9.906552412162983323e-03
6.116775553350439765e-03
1.021337540430278246e-02
5.816647416807096960e-03
1.081742938570240398e-02
5.658560769380982514e-03
1.041057039548354268e-02
5.756301413067044237e-03
1.045033104648829259e-02
5.485953921869568539e-03
9.815328802987299817e-03
5.630825737038769319e-03
8.355015115035113737e-03
4.277012729531737278e-03
7.000664755704710807e-03
4.076409836041516854e-03
7.258907074875198262e-03
3.763985917673795534e-03
6.600987097445276675e-03
3.880437213149567910e-03
7.217875106957483133e-03
3.782525937585656806e-03
6.658809866760817542e-03
3.707758746916200998e-03
6.863681813506494755e-03
3.679390836119678099e-03
6.411094208492507107e-03
3.594992131013441394e-03
5.478852892362384708e-03
2.747134481123625349e-03
4.567936346994927455e-03
2.728029373656681855e-03
4.665636075149248718e-03
2.548616141412995972e-03
4.989628517476418779e-03
2.442171840342899358e-03
4.111099178636390405e-03
2.505519920117826871e-03
4.399843127294689182e-03
2.425010822030393420e-03
4.449500271537121243e-03
2.409219065631962309e-03
4.245133434081171941e-03
2.350961395611750326e-03
3.550337971999883990e-03
1.757840809538446791e-03
3.028211842252215291e-03
1.829374312500631206e-03
3.039190606856534416e-03
1.678755182832558646e-03
3.014915622332026146e-03
1.628965293940298764e-03
2.971387147764792402e-03
1.614534522256461102e-03
2.933813978937882538e-03
1.577147829549541136e-03
2.856846560732817508e-03
1.586873659470855458e-03
2.838261794781749003e-03
1.527989413531383178e-03
2.135940861897167586e-03
1.210568821557567176e-03
2.175497247024926750e-03
1.138287342431154592e-03
1.958998234558251283e-03
1.113565212970790697e-03
2.013610571943491578e-03
1.051861956285815580e-03
1.914514783291743072e-03
1.074950569678767565e-03
1.971859755087623789e-03
1.031817059467865505e-03
1.815774812570003505e-03
1.039275351167434636e-03
1.884275513238442556e-03
9.864418642385741620e-04
1.375464972117379503e-03
8.077998911675265958e-04
1.446206671714023173e-03
7.299820283804825394e-04
1.262084472647528877e-03
7.455630037893623552e-04
1.326348423335343973e-03
7.076473566154373174e-04
1.248128989231656050e-03
6.868634366050674345e-04
1.322102324814222740e-03
6.646146521707141375e-04
1.158150784097644603e-03
6.914876813453041393e-04
1.260706494558005986e-03
6.290981221689362357e-04
8.754112622756382578e-04
5.465892031972785503e-04
8.678386112026537091e-04
4.963339792318777199e-04
9.075873853818805514e-04
4.698124381379287229e-04
8.321342679787901986e-04
4.729681220150272480e-04
8.544761272201162328e-04
4.517011260629644198e-04
7.968632024808464109e-04
4.505918089156013551e-04
8.254679407142528902e-04
4.269542989923102994e-04
8.391883782541409431e-04
3.947920857058084820e-04
5.611898146963278933e-04
3.756036578459465147e-04
5.447180352429192851e-04
3.365182817782752522e-04
5.623779780177251553e-04
3.155346721803731214e-04
5.767925348392211049e-04
3.021854357423414683e-04
5.255488200447411273e-04
3.010729586918614586e-04
5.575206575121338659e-04
2.894234464295708520e-04
5.659327017817350480e-04
2.678037410051015144e-04
5.646337435019077589e-04
2.408725430180780336e-04
3.533881479335088116e-04
2.372255819123036957e-04
4.642171711796150291e-04
2.150815899049085544e-04
4.737145586758417792e-04
1.969726991002396232e-04
2.682623893566216111e-04
3.446091490532099400e-04
2.051535865141840276e-04
3.623325529702459136e-04
1.811735296820549124e-04
2.984226871237671830e-04
1.835884922769537297e-04
3.380232190159926375e-04
1.665185049702921916e-04
3.277362719811272029e-04
1.452913444548453725e-04
3.739487354414983145e-04
1.417255747289125623e-04
1.888660424743671129e-04
2.787067973991641523e-04
1.349111993922402775e-04
3.025012007412675175e-04
1.279151067588024659e-04
1.808215543253055557e-04
1.781060925974964348e-04
1.755936326739426789e-04
1.945793606629164785e-04
1.273988004575343780e-04
2.527134269327824256e-04
1.086796381581933701e-04
1.765729108051949936e-04
1.236393512775713077e-04
2.249462970211890678e-04
9.932548964897147670e-05
2.137348281863182820e-04
8.313482333277555369e-05
2.465346895808018246e-04
8.047454027948486299e-05
9.442620279376257031e-05
1.571791289208812614e-04
8.977264034859544495e-05
1.631488724157525994e-04
8.737307699013818763e-05
1.476326163470931263e-04
8.139918229344011991e-05
1.196601196218338714e-04
6.988585807155001106e-05
1.038951733574045022e-04
6.135243776006493732e-05
1.238136513956877849e-04
5.836275756521125402e-05
1.052453658091367927e-04
6.301934051000657178e-05
1.072466236445857035e-04
6.008526837808503274e-05
8.326910234890405604e-05
5.042857623649421583e-05
8.757019478988770089e-05
5.502453253858341498e-05
9.883485063988395325e-05
5.021469033295034023e-05
9.179890245292199324e-05
4.217420155172568741e-05
6.868966792872299720e-05
4.506431212680794829e-05
7.430993691315279648e-05
3.577623684281050487e-05
6.419912249211456867e-05
4.317777968454450388e-05
8.902980926084325120e-05
3.518325565077251582e-05
4.698936843761103432e-05
3.969959771632503021e-05
6.658419486149647071e-05
2.824368701148660676e-05
8.265681696428828218e-05
2.667490536201189144e-05
4.351704670046974144e-05
2.578189000446151624e-05
6.412630099006388917e-05
3.134911471058821064e-05
3.293808935467268384e-05
2.831547844395210234e-05
1.261506604666173814e-05
8.423408150992628407e-06
4.489383780237332644e-05
1.774062901582773577e-05
2.969780546657752041e-05
5.453557690293653337e-05
2.377923941287996001e-05
2.028993553135904904e-04
3.491078898587574031e-05
9.844489190724559080e-06
2.737637298522166418e-05
1.907105105991568905e-05
1.680093012057515267e-05
1.571420820145608133e-05
1.834931634403513812e-05
1.898896937024829867e-05
2.908888188013492027e-05
1.525490242737514990e-04
3.159991285373031644e-05
4.019846552516526117e-06
6.614107988189843468e-06
9.447634777171032283e-06
1.088883890265623933e-05
1.101228761779537990e-05
1.376994682955601235e-05
2.923038524205168187e-05
2.711966485846595276e-05
2.388672643216516178e-05
1.147606769855702424e-04
2.560584175470559387e-05
7.192621306040258844e-05
2.013005293655112382e-05
1.713199664976627901e-05
4.443662667441561354e-05
1.650058101509976893e-05
2.495533163071605998e-05
1.272640568283911477e-05
2.863710141864928005e-05
1.230306829147487235e-05
1.748585967731308699e-05
8.396355624107343374e-06
1.589847728811211169e-05
9.099301849779806162e-06
1.850490524979431228e-05
8.819044594154945571e-06
1.148698109787460453e-05
6.644918416509604242e-06
1.356297954457907906e-05
6.531489867067641342e-06
1.224699676516394220e-05
5.406093853688176409e-06
9.292132317484380621e-06
6.692521690609964935e-06
9.571212322923017268e-06
6.394364753692372005e-06
6.224320758663193232e-05
1.027722727253710389e-05
5.231533488192496861e-06
5.236540700614966681e-06
6.216954747340075471e-06
6.028238423105847232e-06
6.308936814747312383e-06
5.353696690857390195e-06
7.725111754841584855e-06
9.578289150491414716e-06
5.232478997974077117e-05
9.779329676051773390e-06
5.079093036819415374e-06
4.189707321522462280e-06
4.182173009681378062e-06
5.576918206795511423e-06
5.941872382786428375e-06
6.016792224117217813e-06
7.166876745734462872e-06
9.953750327307275825e-06
4.426519251632399232e-05
9.041556002564732353e-06
2.823135325136227891e-05
6.790922682631261864e-06
