1.347159337031844650e-02
1.897783029037047875e-02
1.358103942151167587e-02
1.354153723910789253e-02
1.350589004394908699e-02
1.349281980522820668e-02
1.343662661563427285e-02
1.345677473366935217e-02
1.344208955615777690e-02
1.643157207885082016e-02
6.761522631183236598e-03
4.928976796690243134e-03
8.103647373969513623e-03
1.050302299618044444e-02
9.820827567309509121e-03
8.967673584429514122e-03
7.865121857044243825e-03
6.481072282151556507e-03
4.706739096552947643e-03
3.569965930004581622e-03
2.163218365250907382e-03
6.580243928884232929e-04
1.238091860265799760e-03
3.260751518352478229e-06
1.347743502316700592e-03
1.586127999821607126e-03
3.131021357277607997e-03
4.835998730534529777e-03
7.807031403419872895e-03
5.080423944083478638e-03
8.934973063067896959e-03
4.433730157986870424e-03
5.355050958977258801e-03
3.340236126792017757e-03
6.633579384553667246e-03
3.336485889145368589e-03
5.085663310849142249e-03
3.188458369192348485e-03
5.932615611548008872e-03
2.989694951980537141e-03
5.042222222598757853e-03
2.350421589895290708e-03
3.274095465752635548e-03
3.428464082269044866e-03
2.363993843247369497e-03
3.585862279397278307e-03
2.288338537110412574e-03
4.043785214005835016e-03
2.012854916935591376e-03
4.209543305160767801e-03
1.936245525189783656e-03
2.904098802367527377e-03
1.957649771940239702e-03
3.224806744986374873e-03
1.550945912396572979e-03
3.406908546001008453e-03
1.513947477564725475e-03
3.528280627324797969e-03
1.443448939819180765e-03
1.643075084134526520e-03
2.357030047845931620e-03
1.273655298077214226e-03
2.472621462984880836e-03
1.236618592832416930e-03
1.703893906618958454e-03
1.146578032142686610e-03
2.114134349957996761e-03
1.002378685775573430e-03
1.570455413900662123e-03
1.087000333627408111e-03
1.631644762918549318e-03
1.046475525701362486e-03
1.649916891061864455e-03
9.834676447750823058e-04
1.573926420316285046e-03
8.278322188383091529e-04
1.626028161353376689e-03
7.894242680263063860e-04
1.719190350156774016e-03
7.733500707682861020e-04
1.070971402565179531e-03
1.500567091907822892e-03
7.004714461755767729e-04
1.061061994955148080e-03
7.413572338559326624e-04
1.126363162198051882e-03
7.207648504534702738e-04
1.300438580716711812e-03
6.434465547450196610e-04
1.041103932239773044e-03
6.795747309180644180e-04
1.105958825500907849e-03
5.274244063175892450e-04
1.124827100305703098e-03
4.920125116616436145e-04
1.169921184018818394e-03
4.714200036252114145e-04
6.040721433281381891e-04
8.820794917844265726e-04
4.792780171021249203e-04
9.117773360168834884e-04
4.575850973884687534e-04
9.409991275084461648e-04
4.354402738027118858e-04
9.702660843453614348e-04
4.128671634671121637e-04
5.721242903842238547e-04
7.915427168181388140e-04
3.882648522256504364e-04
5.953717061221164286e-04
3.955902648298259550e-04
7.080936498717882444e-04
3.366379032662125681e-04
7.071165321883565724e-04
3.068588185490828124e-04
4.356853657800918711e-04
5.220991170462596642e-04
3.183191252402739480e-04
5.800805766720262824e-04
3.004824349321921773e-04
4.778569432863921662e-04
2.950080990157255556e-04
5.566343170596566026e-04
2.851761906417227266e-04
5.627736227005186720e-04
2.651316723438768008e-04
5.744580749790229035e-04
2.486400039041214427e-04
3.528922022919545043e-04
2.403908328350023993e-04
4.291307452388704036e-04
2.188639969161743082e-04
4.328800080690697882e-04
2.028000805422980335e-04
4.442789807312941264e-04
1.913222153621108035e-04
2.710656347952866696e-04
3.294198419101501685e-04
1.990926914504642653e-04
3.586481033803767815e-04
1.873699969225928186e-04
2.998545984216338667e-04
1.834032259224738226e-04
3.364541362620432352e-04
1.737436921962487446e-04
3.364425962762984668e-04
1.597103176909087097e-04
3.461981002970127008e-04
1.512272578541029588e-04
1.961407340267395938e-04
2.684420415113297764e-04
1.305023272804017864e-04
2.799043352554875241e-04
1.256073033787385995e-04
1.864419221792035231e-04
2.019868588376549923e-04
1.310054764562806895e-04
2.476197473252339520e-04
1.211691167728456975e-04
1.947370173547291472e-04
1.280064683862880415e-04
2.039667640736375631e-04
1.240214483845258897e-04
2.195113981654506219e-04
1.138919000740479248e-04
2.155416539376675544e-04
1.025703923198673095e-04
2.178663800830316077e-04
9.501808883127793592e-05
1.149262219339863833e-04
1.688241887602970337e-04
8.464589520762455521e-05
1.759180474691923735e-04
8.144267672960392446e-05
1.833133050959112609e-04
7.828168674250957082e-05
1.918515705590095877e-04
7.563027193202565002e-05
9.684044793001334028e-05
1.377417783493539716e-04
7.641619976705982253e-05
1.451428480840899482e-04
7.443014082619825444e-05
1.399848865381025931e-04
6.559986284426777559e-05
9.563098609621789592e-05
6.628285399057354255e-05
1.026130787304957437e-04
6.487895130957710421e-05
1.102609146554911490e-04
5.481235541304751990e-05
1.129628550000649767e-04
5.168537526878402844e-05
1.157160944655899470e-04
4.859026394854470965e-05
6.667810219551650874e-05
8.733655335979584322e-05
5.069670112700652709e-05
9.057556218261542114e-05
4.926588001996634603e-05
7.634739497741627190e-05
4.479578412142082300e-05
8.131143848322253120e-05
4.376669483963091523e-05
8.548785148509985277e-05
4.255022060495328162e-05
8.973566389103293517e-05
4.129051058709976019e-05
5.136946516959284281e-05
7.111601454301563763e-05
3.289946313533853584e-05
5.063667409566097177e-05
5.145131684791692805e-05
3.507604509622730404e-05
5.483331393985046986e-05
3.450544694660884204e-05
6.371056348963843874e-05
3.202850795069878131e-05
5.208794970279484460e-05
3.319340755458810577e-05
5.086852830404886561e-05
3.016490387397485762e-05
5.412918506642050431e-05
2.882656074376654942e-05
5.596303745247777073e-05
2.751515012189287290e-05
5.776457685235936168e-05
2.617194156906421654e-05
3.224256483713716648e-05
4.648465631951204102e-05
2.212009936120029607e-05
4.763505598281980724e-05
2.083371406591538744e-05
5.001275826410633840e-05
2.021966434351263331e-05
2.675921652783852522e-05
3.963519026362050113e-05
2.109142065265245947e-05
3.395969864317116560e-05
2.035973159864035154e-05
3.596466976407697302e-05
1.893648145534498894e-05
3.655862330331771659e-05
1.773404149973956123e-05
2.761332570333507874e-05
1.844713288057242551e-05
3.524228144691221587e-05
1.679627905049052572e-05
2.170621075103795761e-05
1.501528867509094312e-05
2.286476220358935052e-05
1.438259816310960559e-05
2.688978823162102572e-05
1.353707370177481550e-05
2.792797098760679830e-05
1.297621830664841269e-05
2.939336428808836388e-05
1.263297667553064940e-05
1.677226644680729351e-05
2.098378681547607982e-05
1.241782913230515817e-05
2.190597409368333359e-05
1.168474490720328163e-05
2.210332650798285670e-05
1.085959583502216219e-05
1.761269353517391778e-05
1.151465556070707663e-05
2.005992425413438696e-05
9.658257439815187695e-06
2.049660522784879646e-05
9.060027106544410458e-06
1.245127913374055595e-05
1.753113378888393470e-05
8.308713017379787402e-06
1.814502389851924136e-05
7.923537786447276687e-06
1.145306395211598272e-05
1.363160412704012003e-05
8.434698351433844721e-06
1.494674674551443871e-05
7.620370326311132203e-06
1.251654472511631866e-05
7.841845097056321379e-06
1.324605992603089533e-05
7.675594810518937550e-06
1.318634071301172384e-05
7.189905704585441981e-06
1.252057890610558388e-05
6.270583958301045868e-06
1.255720470771937158e-05
5.761643947055361537e-06
8.100505575647787282e-06
1.161237091329425652e-05
5.261070507245335648e-06
7.757446608303020241e-06
8.298058522315798768e-06
5.442041186132229313e-06
8.760855619627250235e-06
5.304910485337543946e-06
9.214239506283306014e-06
5.162458099783329146e-06
9.687441169248245387e-06
5.020110028008950565e-06
8.419546623894547110e-06
5.172971548228488814e-06
8.436892750984803513e-06
4.805380869221664852e-06
7.834220592695118057e-06
4.116342777971127020e-06
7.701263531445512456e-06
3.707877573644324798e-06
5.538527148463145977e-06
3.762188683364975361e-06
5.752544610215792886e-06
3.615376298893302476e-06
6.065756181339310160e-06
3.528354153514712266e-06
6.301954233234319247e-06
3.421991454644057740e-06
5.941871767722872733e-06
3.464104496697650859e-06
6.143052345697341821e-06
3.312326016802202844e-06
5.486454090930514838e-06
3.235228777542786816e-06
4.987371292064501915e-06
2.726228826022136786e-06
4.328665261343900283e-06
2.524361801259367155e-06
4.529716084777923868e-06
2.451793180258121652e-06
4.150282275183769798e-06
2.428630855311197934e-06
4.301155974939518956e-06
2.330342253720196766e-06
4.489953630448795252e-06
2.247409790712140421e-06
3.657867590045604800e-06
2.342204857175289590e-06
4.332654642835720438e-06
2.142487645517832107e-06
3.772236241594839612e-06
2.265954764713029590e-06
3.644052152473875594e-06
2.185313039859693163e-06
3.252427268285451589e-06
1.813191810695613526e-06
2.960068089308265371e-06
1.685641618842659284e-06
2.936926266405848196e-06
1.629630816069038701e-06
2.849209470578983883e-06
1.622144486401744246e-06
2.804870009698312572e-06
1.556524729995345524e-06
2.730545092921587980e-06
1.556297389737615333e-06
2.865237509919182912e-06
1.518159810309782642e-06
2.629603514492373506e-06
1.501923989732922848e-06
2.622990827094717758e-06
1.451193674562034630e-06
2.503442359413909912e-06
1.432241515164633938e-06
2.172350755502705510e-06
1.204462102499803677e-06
1.967859242668623665e-06
1.127098934627923654e-06
1.960586572868905364e-06
1.081610342179573081e-06
1.893732025637362426e-06
1.084936721684748306e-06
1.872868030328156408e-06
1.032867946948456961e-06
1.815001765104184983e-06
1.040896797976920141e-06
1.895048075684080402e-06
1.012769828001580663e-06
1.748116568389690428e-06
1.005197109882338680e-06
1.751071481481680792e-06
9.621909711210463456e-07
1.664500903553189914e-06
9.589164422507678864e-07
1.452438811333500723e-06
7.986272514415304613e-07
1.306684553892267786e-06
7.551054526100386965e-07
1.338400208883427922e-06
7.146840007576926723e-07
1.228147563425707744e-06
7.289443424429720153e-07
1.287978804942468969e-06
6.849683242826642982e-07
1.167522055922631807e-06
6.968180177313598733e-07
1.247518890301613226e-06
6.745957787934742100e-07
1.172271445248895816e-06
6.724325727347491011e-07
1.158451073290933664e-06
6.383151673894360556e-07
1.117626651447878317e-06
6.415679127957929495e-07
9.597183312504142805e-07
5.300283880682599147e-07
8.794366650466400870e-07
5.053098669494104911e-07
8.789767956818295147e-07
4.833801121595371342e-07
8.312108816799224087e-07
4.784954654724060674e-07
8.416203770567065590e-07
4.618234332731674385e-07
7.949548328500810612e-07
4.588137925143342954e-07
8.297539088042427124e-07
4.479414752456278848e-07
7.789087752563261802e-07
4.506524456937555101e-07
7.904779848466603198e-07
4.227398604506049651e-07
7.252587617134764741e-07
4.300475766605416084e-07
6.390357742969143828e-07
3.514386368586031040e-07
5.866207384297439376e-07
3.384541292783538324e-07
5.847316091323051523e-07
3.202354899034531854e-07
5.547810770778482947e-07
3.206297677360581133e-07
5.594767910066522631e-07
3.058095028318774666e-07
5.310573223393788567e-07
3.075617152070719840e-07
5.546243113663251734e-07
2.970313744965480396e-07
5.153017849091057201e-07
3.021755721199781419e-07
2.970313744965480396e-07
4.750023261459457302e-03
1.832644437163022388e-04
4.956809635425774019e-04
3.377703451397096046e-04
4.762568284855106526e-06
7.443992172084801240e-05
2.148497781506719662e-04
9.805486177194566721e-05
9.128960017733778187e-03
1.246962239595006405e-02
6.439820864476697437e-03
8.573264792264612133e-03
4.439801330202053364e-03
5.262128445770786200e-03
3.085272812001993437e-03
5.608954362713802766e-03
3.036726181028459592e-03
3.557018918125542939e-03
2.011364426345974010e-03
3.698906844811222783e-03
2.067233163182136124e-03
2.610719815232975805e-03
1.381240088285551337e-03
2.235544260162036778e-03
1.338536622752295457e-03
1.717646168967856823e-03
9.204224266894378559e-04
1.509312721014177683e-03
8.926742537916920739e-04
1.132423529249360072e-03
6.123424988846437600e-04
1.016980239144649190e-03
5.960806422664610693e-04
7.473050501035638504e-04
4.070560316393745381e-04
6.846463131413571546e-04
3.982374966504664826e-04
6.104699944419200719e-04
3.298702401510755777e-04
5.310560408149367362e-04
2.648979371533410898e-04
4.224899010252247677e-04
2.719489048509382556e-04
3.717034983612421684e-04
2.273575287077278517e-04
4.177282529370662800e-04
2.171015090111083623e-04
2.967927012083038107e-04
1.846258746541762363e-04
3.402635902141071256e-04
1.729287746816687843e-04
2.390880241038839671e-04
1.551953140395134767e-04
2.872539737261980974e-04
1.407049770125734511e-04
3.031078227193617636e-04
1.367275981789539685e-04
1.711337355194686438e-04
2.375271741348328192e-04
1.162146869488900336e-04
1.724257662506500921e-04
1.195011283952052139e-04
2.355376857260393919e-04
1.092336044981045973e-04
1.490048827510470630e-04
1.028783429370960789e-04
1.549490628646177370e-04
9.578477071836566381e-05
1.607037107540509879e-04
9.167326469738945605e-05
1.435827327276317789e-04
7.920540736172654306e-05
1.435936169367213466e-04
7.526460849061056280e-05
1.181167347608091944e-04
7.458248459424332566e-05
1.185225853624904957e-04
6.924361839000248153e-05
1.190247272913058652e-04
6.457596506437290884e-05
1.096951382717481494e-04
6.451345300284572204e-05
1.118804579154364376e-04
6.075200947153192033e-05
9.063983386914387097e-05
5.321503696420482044e-05
8.924392759590560331e-05
4.953727189149770282e-05
8.595871670979970958e-05
5.009744041029051687e-05
8.938674153968761971e-05
4.905263133159198929e-05
7.949559517794746455e-05
4.660463412342608081e-05
7.878707648267813113e-05
4.253488498928703621e-05
7.375687403321506963e-05
4.344211591633673208e-05
7.393911193409596905e-05
4.024782462730414068e-05
6.100838009648335003e-05
3.574372100101363969e-05
6.138247942344410291e-05
3.308594315321045087e-05
5.550627945893893411e-05
3.320928994265948120e-05
5.898666090087267833e-05
3.238471098343520538e-05
5.373126857721732819e-05
3.131393899646894852e-05
5.321821352399780380e-05
2.870040618163649526e-05
4.844115913327229350e-05
2.857638960818142948e-05
4.952512328360025862e-05
2.656304947623588930e-05
4.039044440706796024e-05
2.410138877984024930e-05
3.935685132594457514e-05
2.198945752496239692e-05
3.868661901218484189e-05
2.213225895775217111e-05
3.863259960446008279e-05
2.146114914036711951e-05
3.657163405690333491e-05
2.096046706023813044e-05
3.565376425529453996e-05
1.887988527937700667e-05
3.209850600249808394e-05
1.927922451572250395e-05
3.317124467705490076e-05
1.744969692119013871e-05
2.675146830188879221e-05
1.632589427891240064e-05
2.802911722765699665e-05
1.447488715178302243e-05
2.393883539819618989e-05
1.490628149691808346e-05
2.499032884628604734e-05
1.433015329954656636e-05
2.517245682664981388e-05
1.392119917520417971e-05
2.242313858458189202e-05
1.289445809138367594e-05
2.276330242956259298e-05
1.252274989793633608e-05
2.243119821554451221e-05
1.136231922349573153e-05
1.750213171458625538e-05
1.115357778014303136e-05
1.679126193443458703e-05
1.003018749390349740e-05
1.791959451113989132e-05
9.530298610060938813e-06
1.613604128758439060e-05
9.659069346801274492e-06
1.730855159132183019e-05
9.154717804493728295e-06
1.439671150671451016e-05
8.718063082224780658e-06
1.572495573387566736e-05
8.210013964449203172e-06
1.526503080695462700e-05
7.297000248929208510e-06
1.134925208212678172e-05
7.712616379329517713e-06
1.067714346469905706e-05
6.848681578852655605e-06
1.096768330333119934e-05
6.499453729769122390e-06
1.176441540229333782e-05
6.280280729242804227e-06
1.202630836327767128e-05
5.921608026815405879e-06
9.094731082237572650e-06
5.992742189153688059e-06
1.098196998305933647e-05
5.279867149710071317e-06
7.825942765826710001e-06
5.336344717665753024e-06
9.989038823543516799e-06
4.657812046726661492e-06
6.677782228514672624e-06
4.621330891074748592e-06
8.816605811645672475e-06
4.153829023190169778e-06
6.275921360598957222e-06
4.353596653738911471e-06
6.357542507995361802e-06
4.101168540771027438e-06
7.785257566061964951e-06
3.832280294879808480e-06
5.509621910260165123e-06
3.674641815942791823e-06
7.096107294435327617e-06
3.393465342282908637e-06
4.570944238002638826e-06
4.672774656433453799e-06
3.234559155629312954e-06
4.965436993686900280e-06
3.163768598879457272e-06
5.399653391968683991e-06
3.094863347152809752e-06
5.347660233523399143e-06
2.865911780225438577e-06
5.449733100792997220e-06
2.685010735525850123e-06
5.714066626749669808e-06
2.600626435311781393e-06
3.652537877485428908e-06
3.858743434559386287e-06
2.521780155806396806e-06
4.088544176106267969e-06
2.468182647930028395e-06
4.262281656175481714e-06
2.225973527947289199e-06
4.326368486906595479e-06
2.081185466407120543e-06
4.500781972671674680e-06
1.995570016788406065e-06
4.752900955029559782e-06
1.916602779594711592e-06
2.343989880859709274e-06
3.286232630905772112e-06
1.771582529452864208e-06
3.386054327148002585e-06
1.684887975361704093e-06
3.492023530560217637e-06
1.601676883122848949e-06
3.634180916645135540e-06
1.535364517302184595e-06
2.048030751877760736e-06
2.874927559015638678e-06
1.447885989769304160e-06
2.870344950389736027e-06
1.325736974422397907e-06
2.002624080565951203e-06
1.386166400996202697e-06
2.174012077693632250e-06
1.360268366168426724e-06
2.244584517696601722e-06
1.288600507187709354e-06
2.151844244124845318e-06
1.171436800895264696e-06
2.179334442020675056e-06
1.093841760724245660e-06
2.208461069352907202e-06
1.018804441477172418e-06
2.259512485336401255e-06
9.554652072862879209e-07
1.261202419389206852e-06
1.788485466946987401e-06
9.022319535922918021e-07
1.863607270946587846e-06
8.685824164356148458e-07
1.931856614789673188e-06
8.291398894133550357e-07
2.007090522448962133e-06
7.885481343450351233e-07
1.008532795276906313e-06
1.404745125332951261e-06
7.773514205666742782e-07
1.397572555239534609e-06
7.127521037819661842e-07
1.390309472881767761e-06
6.502540892405761497e-07
1.007782434725434939e-06
6.987635903232813916e-07
1.017055524465959593e-06
6.540760182360827457e-07
1.188980224942071118e-06
5.833581133707355093e-07
1.217768812344921514e-06
5.501997768497801644e-07
1.241438402632688565e-06
5.134146603413825005e-07
1.267017175843321297e-06
4.762714074235674389e-07
5.823253927950133857e-07
8.046218544777161696e-07
4.801784996288915863e-07
8.410681247017492979e-07
4.632321738418099244e-07
8.394186699067773816e-07
4.257849014477343985e-07
8.825715553939517122e-07
4.152754536912439676e-07
5.718474538340956315e-07
8.266649368371403739e-07
3.674118738139497964e-07
5.354742271812540366e-07
5.889259955260683910e-07
3.764611689049957022e-07
6.105302208236906836e-07
3.609046674846183578e-07
6.227663925661985900e-07
3.404169106602239481e-07
5.536782836657039297e-07
3.217872066585414359e-07
5.830042258958556545e-07
3.155370726926065572e-07
5.335087815971917280e-07
3.108341081192733668e-07
5.215861784702013892e-07
2.809303223383352588e-07
5.393417275012524215e-07
2.689452917037371549e-07
3.947141894444783361e-07
2.588458147823047284e-07
4.095268435477805724e-07
2.488443591186495496e-07
4.288865487200865800e-07
2.405944024008732640e-07
4.307766048317063223e-07
2.229772748663094717e-07
3.527560528127082762e-07
2.184318399489626472e-07
4.046964509063499804e-07
2.061330073299671994e-07
3.388244036450771546e-07
2.115126177537618446e-07
3.097127285744960545e-07
1.961943406625366038e-07
3.451471273230310999e-07
1.852194281282137922e-07
3.510478809864991945e-07
1.739973342074208063e-07
2.724063381531749428e-07
1.777750147091694544e-07
2.780593766349426232e-07
1.684009005575859419e-07
2.863118754303783930e-07
1.602560568692013021e-07
2.826992377968906567e-07
1.458904113071923803e-07
2.398100731326735513e-07
1.482942282304833270e-07
2.473623637033739442e-07
1.413838746078255326e-07
2.485800866258713882e-07
1.369367330639192915e-07
2.134784600205108518e-07
1.299797176557149214e-07
2.293307186373994000e-07
1.218548564274613000e-07
2.002866049677365368e-07
1.200537396162104642e-07
2.165192807268567776e-07
1.142255044994655577e-07
1.883422675597046236e-07
1.139222640667014730e-07
1.907088655883626416e-07
1.067096966345104647e-07
1.745916813344905449e-07
9.891407437567778516e-08
1.741248591979882576e-07
9.707799253355631208e-08
1.664174724691491747e-07
9.434865611002152264e-08
1.637495644635222902e-07
9.111392018645858570e-08
1.459029215222784615e-07
8.621584468571086290e-08
1.521727130970873532e-07
7.997420303773594696e-08
1.342018552952239929e-07
8.122734995730240826e-08
1.433729042155107436e-07
7.482025166094530277e-08
1.265587094012587954e-07
7.719229988545350807e-08
1.260055921825653513e-07
7.118922140669781129e-08
1.174591781616385333e-07
6.583484168931619251e-08
1.147891584007965093e-07
6.474313085647054322e-08
1.121089416855625132e-07
6.280208308950818719e-08
6.280208308950818719e-08
2.068667513377642209e-03
1.260451094703962660e-03
2.282664624733143910e-04
1.047843984341989554e-04
7.701753202549177502e-05
3.185795140692171401e-05
5.941300655742942638e-05
1.317500347930433691e-06
9.721791177359939695e-03
1.185090512256925521e-02
7.052752360327430026e-03
7.942632695760898365e-03
5.063213047121539745e-03
5.355056150519454938e-03
3.616588949573396050e-03
3.619930660261005961e-03
2.580855790007108297e-03
2.445044461108936140e-03
1.643732828470856333e-03
2.762135749136640506e-03
1.363687749427855422e-03
1.689668653669373910e-03
1.119790495477612779e-03
1.873552886276885765e-03
8.840596460744087892e-04
1.221256214305466159e-03
8.577336873987206900e-04
1.541753923161470752e-03
7.034093657802831245e-04
7.934791141861463615e-04
1.152826476529145161e-03
5.592559551841347343e-04
8.171486586598941670e-04
5.434117896108148216e-04
7.660173705223982665e-04
4.758974732016474363e-04
7.306389200950613727e-04
3.659980092058923162e-04
5.812364213821918923e-04
3.696383922676682587e-04
5.392352074287121155e-04
3.193941190265947583e-04
4.455754263223976608e-04
2.440819252446102539e-04
4.284294439784730457e-04
2.462482386045294902e-04
3.863619741781842976e-04
2.108971846905838277e-04
2.812991817867649402e-04
1.663939030316363699e-04
3.012732841829457442e-04
1.602971688717813592e-04
2.641005558525755248e-04
1.550604077835693317e-04
2.632737964343156989e-04
1.381537709076452458e-04
1.819143135498579866e-04
1.135184505478559203e-04
2.060267734116383309e-04
1.041033468771601633e-04
1.701074809159486279e-04
1.063485616550341462e-04
1.807703827807483066e-04
8.929192268036789670e-05
1.160839123244272741e-04
7.859782333463627424e-05
1.164283358296991366e-04
7.278043365088748828e-05
1.316113779787908555e-04
6.762270991422791866e-05
1.427132567759503701e-04
6.626380049090663249e-05
1.332411938324007394e-04
5.522077552455595395e-05
6.441092545905746647e-05
9.732623845426502385e-05
5.117907054863479743e-05
9.572207789310116510e-05
4.728666323150498840e-05
6.907627323871068370e-05
4.623194885300385693e-05
7.393152983214967833e-05
4.477747579123558808e-05
7.641866798002716621e-05
4.282547052392171594e-05
7.075623391206153912e-05
3.974117083171968545e-05
6.573514231966726129e-05
3.671408399474884732e-05
6.158930643318516474e-05
3.430441626472990890e-05
5.962656260283250020e-05
3.106503901628698827e-05
5.054539608950747720e-05
3.121622427848524950e-05
5.290695242776699558e-05
2.982283534913587886e-05
5.383250923673976729e-05
2.802628581954902387e-05
4.408013213652584028e-05
2.703307316087588674e-05
4.688011781528444999e-05
2.392920033500445243e-05
3.769542608367260073e-05
2.346238729611371809e-05
4.785455736755483969e-05
2.235822627993933054e-05
3.762611099511481427e-05
2.061804117237109324e-05
3.596741638389744367e-05
2.086010181945319175e-05
3.628408146183481620e-05
1.971244716825193422e-05
3.628405878730589507e-05
1.817887775112936311e-05
2.904106366286018925e-05
1.853882596880573885e-05
3.161729719547423656e-05
1.543461151698455325e-05
2.485083092318429721e-05
1.619098043148525790e-05
3.029330021242504500e-05
1.563718566344185490e-05
2.464535342083795655e-05
1.391859139077133989e-05
2.442677481795385575e-05
1.370696675817573151e-05
2.493433608874440210e-05
1.288205722860258362e-05
2.049495508993359749e-05
1.263027968367858023e-05
2.319277314177803362e-05
1.183492444234435226e-05
1.764158546879723843e-05
1.109997090020797827e-05
2.063181013878256920e-05
1.076710574965389355e-05
1.889401519572508903e-05
1.016987692636917018e-05
1.575922256824568990e-05
9.391156009286305562e-06
1.696945299567431675e-05
9.006918001541741603e-06
1.700592550535340308e-05
8.303150060617880968e-06
1.329783657422201060e-05
8.713973747465075803e-06
1.581434995667763133e-05
7.586871132780892424e-06
1.142604865611573928e-05
7.717209965063531740e-06
1.305419655117656674e-05
7.485716187138891087e-06
1.316892759373189392e-05
6.583818487837511668e-06
9.895735356701962360e-06
6.453083539081916342e-06
1.192656204640485385e-05
5.797946429519917899e-06
9.127503233896661072e-06
6.023973972757445949e-06
1.114511309086019253e-05
5.314662185007534845e-06
7.885757683290250952e-06
5.376794713241039858e-06
1.036526110964608449e-05
4.818416583063367398e-06
8.188396817376819570e-06
5.291381325989163997e-06
9.245882365060964503e-06
4.145322679449670034e-06
6.112250872769564580e-06
4.181417233795059474e-06
8.053325580736903078e-06
3.907962256466390727e-06
5.995734796648832798e-06
3.979618252936134581e-06
7.359048301625037425e-06
3.470511632963635407e-06
5.338101735086198119e-06
3.662119258840412783e-06
7.694917784184518439e-06
3.434143603930905897e-06
4.619556685181436251e-06
3.211192659557937645e-06
5.759062896792954689e-06
2.662228361094420848e-06
5.908372490592839199e-06
2.574930851317880354e-06
6.097831308782275528e-06
2.417339232896331680e-06
3.277484497243854378e-06
4.361556872556349163e-06
2.391467079254638861e-06
4.163115314481657947e-06
2.368002175456851433e-06
4.634503911304932444e-06
2.325914148837426865e-06
3.696710145772996725e-06
2.181474929474624957e-06
3.877652033246192786e-06
2.130727726257219956e-06
3.046212201596176783e-06
1.784222972922577810e-06
2.986680511352091116e-06
1.684816087865748102e-06
3.021753669507631912e-06
1.554877876674964909e-06
3.178792818969711220e-06
1.509743117633632892e-06
2.489597941135457404e-06
1.666243854669957614e-06
2.730010404627947196e-06
1.623941338513290589e-06
2.876886066482953197e-06
1.401271558232330960e-06
2.190605090657271603e-06
1.470608087528191277e-06
2.417633842011213119e-06
1.135130577867293766e-06
2.350381177462779192e-06
1.040341233493613515e-06
1.589791397971218601e-06
2.374179477016014062e-06
1.063362735642670032e-06
1.541333048082904611e-06
2.177461452479434456e-06
9.591805256725649542e-07
1.469337019277539014e-06
1.532999901909803953e-06
1.008212490272164530e-06
1.867174392322645815e-06
9.647741041618473901e-07
1.543081166843762730e-06
9.885793399444509078e-07
1.649663673886081483e-06
9.351138655633306485e-07
7.830084825966032724e-06
1.393136266569783288e-06
7.913860080588364099e-07
8.337150795290071414e-07
8.911919706644511052e-07
8.206769440688432837e-07
8.752949860468817178e-07
9.084135341730359414e-07
9.616328158212894550e-07
9.864500916112461937e-07
1.643768855696947639e-06
6.830813559011161828e-06
1.513079491255453490e-06
4.371759501409222537e-06
1.175389238161628214e-06
2.911208160649714216e-06
8.217834570611870504e-07
7.461661197805113943e-07
1.270319386570406550e-06
6.260846692196508911e-07
9.364420026081177184e-07
6.203639969504237683e-07
1.179248722782411107e-06
5.761160231099182738e-07
9.054808010056092371e-07
6.010386944810264254e-07
9.065635682148354135e-07
5.636208441073264908e-07
1.556255610601908757e-06
5.800285722834530588e-07
7.711986200753528919e-07
1.151096930218642456e-06
4.813095233480169099e-07
7.489511298919282467e-07
4.901093854092763991e-07
8.972704749199422736e-07
4.965730242556531948e-07
8.047939199506970454e-07
4.086190712460080476e-07
6.693988412465046167e-07
4.220135069177288756e-07
6.939846572961982929e-07
4.029172875341657800e-07
9.723729217370191691e-07
4.059146538892832723e-07
7.616610303573523311e-07
3.742563592368242098e-07
5.950264239107383446e-07
3.862093418405265766e-07
6.645904649937861564e-07
3.203150089614581475e-07
4.426723729800130513e-07
6.715794600431479466e-07
2.976992561354308009e-07
4.477820334525262069e-07
3.210144485787935764e-07
6.389866942235755687e-07
2.596159757173310823e-07
3.401133845670756273e-07
6.833143073592395922e-07
2.821727564938925070e-07
4.433741562781534640e-07
2.719376526183481246e-07
4.539230382683001608e-07
2.566884557131388078e-07
4.658579046967759041e-07
2.515141459547010072e-07
4.023978168454789284e-07
2.266042482546026804e-07
3.997909661102028167e-07
2.155161042960429540e-07
4.203631535082408277e-07
2.110881283101662120e-07
3.049421632983495556e-07
2.005232833113268498e-07
4.578624702711309169e-07
1.917843595045098937e-07
2.845384154959162970e-07
1.853753482938813590e-07
2.897895288178631290e-07
1.744595751196342803e-07
3.046794896377491568e-07
1.696546376717122939e-07
3.088131872441834957e-07
1.698708589348285614e-07
2.728081271996529722e-07
1.501529311997984450e-07
2.542344587075362483e-07
1.447556183808984542e-07
2.738754292241907251e-07
1.401513602949933102e-07
2.100088642986719378e-07
1.339888847651238279e-07
2.941160081038063367e-07
1.304619796638206708e-07
1.990750151392717271e-07
1.251242932598373159e-07
1.997826915012268501e-07
1.159947577988873491e-07
2.149817484031757431e-07
1.139279715012264660e-07
1.929097053210426793e-07
1.128016521301233865e-07
1.858405243027050346e-07
9.840063619481753676e-08
1.617543302634416591e-07
9.801056832792198747e-08
1.772294135893304201e-07
9.426317304495057670e-08
1.455278340056764819e-07
8.831125264396888497e-08
1.887850993309569958e-07
8.952176888676888211e-08
1.399709792515579920e-07
8.315288269056253512e-08
1.385014543053841862e-07
7.579702065996229976e-08
1.380162535369322541e-07
7.773436294655766687e-08
1.343315207957829216e-07
7.362663667631608178e-08
1.283305381960531122e-07
6.309059685793982908e-08
1.014999087001200451e-07
6.760844817321753908e-08
1.126737521062182168e-07
6.484031911391241465e-08
1.251184456041443127e-07
6.157259391237346335e-08
9.441184056768747723e-08
5.775451594747238460e-08
9.958614710647850643e-08
5.382140910725752292e-08
9.255315613909687045e-08
5.353950083275549332e-08
9.107961940202358164e-08
4.888646321088430113e-08
9.433235548250706870e-08
4.659976615695171631e-08
6.793408502403508464e-08
4.717940660370345540e-08
7.560935499917320612e-08
4.518256657704000645e-08
7.954401803900168488e-08
4.032816014465367971e-08
2.835475815254895338e-07
9.042073645382231462e-09
7.930876766426564473e-08
4.238501416509166120e-08
6.634798555005261278e-08
3.752773281018306761e-08
6.830501075860695437e-08
3.449020302692673567e-08
5.944328607121462937e-08
3.711377893900191793e-08
6.279955577781493048e-08
3.119319202937731461e-08
4.852361046303599323e-08
3.265052295198245247e-08
6.067642299711906162e-08
2.960682055075380958e-08
4.842336631671884106e-08
3.162094919240132640e-08
5.166938099598894496e-08
2.957943556758380055e-08
5.111185386041938727e-08
2.593472014922326707e-08
4.837464695484072763e-08
2.340883842322227792e-08
3.858457575667273431e-08
2.623049422112444518e-08
4.641922335402171029e-08
2.145733901670610067e-08
3.077166255138763518e-08
4.588743951483564842e-08
2.049161151873590825e-08
2.791164122051270624e-08
4.375770012998714265e-08
1.934813509407717902e-08
4.046266766088990607e-08
1.782858882748428186e-08
3.240393320336210081e-08
2.187260794705991884e-08
2.778902441491482023e-08
1.860871801095953515e-08
3.635935119650213210e-08
1.737467303364326199e-08
2.550985067628630532e-08
1.830477813768993656e-08
2.910062191219253691e-08
1.402082483448197081e-08
2.278117983145477865e-08
1.602813881618203595e-08
2.804029630709692356e-08
1.276622929591297861e-08
2.092674200593336309e-08
1.515196745849323179e-08
3.051884922555814228e-08
1.171495600527094894e-08
2.795810849498536754e-08
1.069126054353830568e-08
1.277497274632111157e-08
2.179608027397250680e-08
1.099509716606661414e-08
1.968260943119304329e-08
1.244934977329137382e-08
1.863365839405162205e-08
1.131701177214949894e-08
1.847284436529150753e-08
1.053955345220458639e-08
1.425474138727622631e-08
8.753066604860748612e-09
1.656042813991120966e-08
8.015391905757951463e-09
1.543254923852543925e-08
7.681541736026531453e-09
1.335953303538417458e-08
9.035214354469189857e-09
1.730775145425411665e-08
7.222156206410090817e-09
1.150907924518662639e-08
8.277551311053343852e-09
1.397697380056683869e-08
6.492181237049976517e-09
1.459495635458551988e-08
6.170059574372999123e-09
9.738222117583461568e-09
6.156933962664368210e-09
1.004673989557502978e-07
3.562501404985596309e-09
1.344034417094519540e-08
5.901227284610399693e-09
6.032640165187785897e-09
1.064600219091715871e-08
5.841796602013005213e-09
8.579152055432359703e-09
5.011569714774566364e-09
7.109856037246231608e-09
1.165356833254804769e-08
3.912919432913497531e-09
6.859535273129324651e-09
3.912396184801991694e-09
7.452937378360502407e-09
3.619289867806685379e-09
7.628429443684581202e-09
3.338221810089692099e-09
1.079661249292485081e-08
3.478408117096876140e-09
4.987351309715393199e-09
6.797274965109068035e-09
4.281339727185695665e-09
6.729172219444023995e-09
4.142669984830149588e-09
6.116248618681652260e-09
3.090531497385029525e-09
5.272438263759227084e-09
2.917246777478510467e-09
4.417070487150454028e-09
3.153960204116401655e-09
4.302269984712836504e-09
2.998439052603885102e-09
5.526393787036454341e-09
2.387531727876535115e-09
