5.286366563617694858e-03
5.661047362654825221e-03
7.639122173160206586e-03
3.668570912422897123e-03
2.237723103277966530e-03
2.010561037883218383e-03
9.016700254185217034e-04
3.372035457194222374e-05
8.399230373172805741e-04
1.671546981025784362e-04
1.354732684784698549e-03
1.784689652005733151e-04
4.182174959896922672e-04
3.004613973467407106e-05
4.950739505569234922e-04
2.396269498883274451e-05
4.887178088830435030e-05
1.369513249127596310e-05
4.062147535188742609e-05
1.210570269039035196e-05
7.737102880223112322e-05
8.666771529663996887e-06
1.431535016716001252e-05
9.729533647084842585e-06
