5.936875247790299737e-01
5.790004018072326675e-01
5.487669274055816393e-01
5.307978961136399221e-01
4.933750372430776299e-01
4.540929858307158895e-01
3.780109392758401743e-01
3.074240371681632444e-01
1.740054944825626393e-01
6.153903997809884174e-02
6.470229495966939304e-02
5.730496559011033497e-02
4.498093897779953387e-02
2.696953277399494198e-02
3.628331892980795059e-01
4.648106430249656640e-01
7.278357675150481931e-02
1.368530019893610117e-02
7.630351678977298491e-02
2.360927461506963088e-01
5.941430316053031291e-02
1.089683566944459336e-01
3.248852328173579274e-02
5.328035901646499539e-02
1.477935739737690213e-02
4.580580417230106782e-02
5.243081154322259962e-03
6.466408174777282802e-03
2.763525162531199619e-02
4.207198904050857280e-03
5.364091253011515903e-03
2.480011925731995248e-03
1.151093894354104918e-02
8.960281296077621249e-04
2.680040597926702794e-03
9.308694822378615896e-04
4.372638136405981868e-03
7.916361562654294914e-04
8.252418883207823797e-04
2.496542526393863426e-03
4.166945183714521050e-05
7.612258201428190318e-05
9.133334491282507628e-04
3.669453894261653915e-04
4.855410347514022007e-04
1.542115910997399197e-04
2.720318236738572537e-04
4.774767669002422110e-05
8.169207399166822370e-05
3.645499524163042793e-05
1.258509250254835621e-04
4.372754745185503111e-06
9.366250875553205901e-06
5.026470245339531573e-05
1.476888861207115156e-05
2.859096038565489550e-05
3.927380802237756541e-06
9.106866062258411887e-06
4.411674862092596072e-06
4.824902336109104795e-06
2.083301399169457113e-06
1.039060502838751177e-05
6.905140392809983041e-07
