2.146784277073126024e-01
2.351377566539720743e-01
1.979807442666190465e-01
1.455001290197892594e-01
5.353381202803619843e-02
2.675839534122048669e-02
1.152225115256682031e-01
2.106387514309376874e-01
1.342692627685777573e-01
7.663232043053636033e-02
1.534434600397982518e-02
4.537822985388939578e-02
1.893774585193463977e-02
6.444152061180796753e-02
5.446770509191400933e-03
8.689385732217225211e-03
2.895822084696009213e-02
3.887311153840999900e-03
7.802091789969489710e-03
3.330219499272701889e-03
1.280948334532228117e-02
1.020782458873492615e-03
8.980914801053341279e-04
2.252418571566883188e-03
5.375001497324838340e-03
1.119023366946247933e-03
3.233699032126224893e-03
2.211293816134496382e-05
5.204314953531907761e-04
1.230172840047893956e-03
3.682167363039390295e-04
4.609994310029730258e-04
3.916542554125435061e-04
1.002447191834621165e-04
4.447893651522427660e-04
1.805138521386862038e-04
2.259706286150686694e-04
8.278109197412675258e-05
1.586337291525907744e-05
1.906769771388150403e-04
2.957796114869681858e-04
7.118814989315325192e-05
1.177699327912229421e-04
4.473177095487557153e-05
4.970698545236906796e-05
2.632045959205520091e-05
2.089388296200311856e-05
2.780055959850091796e-05
6.332579395973425562e-06
