1.634339397448826281e-01
1.634349148581109024e-01
1.634387738903999576e-01
1.634354430647124712e-01
1.634362223699907801e-01
1.634348638593097203e-01
1.634342989356569742e-01
1.634351195227325970e-01
1.634352063034550939e-01
1.634376089563441825e-01
1.634356339525184776e-01
1.634339397448826281e-01
1.634346813860548808e-01
1.634408706595857907e-01
1.634377426999498173e-01
1.634348051837368754e-01
1.634346737833720642e-01
1.634356052020218275e-01
1.634343329652040433e-01
1.634342244778563824e-01
1.634382894071761960e-01
1.634357701976180133e-01
1.634339397448826281e-01
1.634342495971734532e-01
1.634394847581461807e-01
1.634370047281905602e-01
1.634348213978045194e-01
1.634353517757521912e-01
1.634346592270330412e-01
1.634344890537036132e-01
1.634345541061092977e-01
1.634407685695004053e-01
1.634364922383527707e-01
1.634339397448826281e-01
1.634340980471896687e-01
1.634383341511753684e-01
1.634392155131545454e-01
1.634348785138790561e-01
1.634342247511677559e-01
1.634347831804074946e-01
1.634352174612290209e-01
1.634345724892186658e-01
1.634398114941102431e-01
1.634364296795542959e-01
1.634339397448826281e-01
1.634344510606160483e-01
1.634382608120822367e-01
1.634373221825293765e-01
1.634349619441620716e-01
1.634350027168370856e-01
1.634342845568956815e-01
1.634356485627093125e-01
1.634362288209095793e-01
1.634410873142957410e-01
1.634357643045505348e-01
