5.936875247790299737e-01
5.509806308155859034e-01
5.743498371354713861e-01
5.274022692854161143e-01
4.876699300517920443e-01
4.578362082405458278e-01
3.880659988399456362e-01
3.075103283487330419e-01
1.725039962581345065e-01
7.495014486901763195e-02
5.547949535613994065e-02
6.366876469463256250e-02
1.467076125826521915e-01
1.867893824962885141e-02
7.577739186737919574e-02
6.982726741299360995e-02
7.391147710324208475e-02
4.496432622076373953e-02
5.355609161113927819e-02
5.446876491522756325e-03
4.333120463094086716e-02
1.668594590418848167e-02
4.578590883502342557e-02
4.524194755837207538e-03
1.453494607941574479e-02
7.249953382719276362e-03
8.370636998082159330e-03
3.474276266248743639e-03
1.292441424085066792e-02
6.588565439068494456e-04
1.746208024080098120e-03
6.005329491437727540e-03
1.152680893889090896e-03
2.218915154357681274e-03
7.452770366480621078e-04
2.576291734234792408e-03
2.278264056063683540e-04
3.131448350279786297e-04
1.195092376250928012e-03
1.935186779579156635e-04
2.795908776589417499e-04
1.310222820604112215e-04
5.531539577348087988e-04
3.290307771752765120e-05
9.517809603942772867e-05
2.589600755593668424e-04
3.344621749679088651e-05
9.590316155527744968e-05
4.748401703214000236e-05
4.805661994422560923e-05
2.361791612259800388e-05
