7.669690350411814128e-01
7.676481601233953178e-01
7.673601608783836570e-01
7.681423698809269895e-01
7.668441775873978683e-01
7.679956171282287247e-01
7.664734524830300044e-01
7.676944953596172017e-01
7.665190647722187611e-01
7.657789458980795994e-01
7.653577405094365016e-01
7.655010215062421075e-01
7.655094006198013279e-01
7.646451300449538246e-01
7.641657277805904425e-01
7.642783678152077487e-01
7.641626067606568373e-01
7.637802380657676693e-01
7.629430986835532558e-01
7.622762951341639504e-01
7.627530399941304662e-01
7.611316593654422480e-01
7.602268254225075239e-01
7.613455565766218403e-01
7.602748956298324146e-01
7.589486675447597586e-01
7.579810353738463125e-01
7.585607683847701566e-01
7.572081403963687452e-01
7.561737510370378779e-01
7.549219516026296484e-01
7.534486049008037867e-01
7.539085429511871439e-01
7.526923989487461775e-01
7.512807804107353160e-01
7.510038783647215999e-01
7.494602485316910201e-01
7.493223121462779801e-01
7.476772539193793365e-01
7.457710773417084438e-01
7.435598261315193858e-01
7.437298358938038145e-01
7.400165189441878510e-01
7.371776983199198607e-01
7.371948428612783433e-01
7.361212940182781939e-01
7.335141582904568525e-01
7.310583917515456331e-01
7.277289281324931247e-01
7.269810657056936520e-01
7.232993760934349758e-01
7.220424566250722709e-01
7.178929624420834488e-01
7.161112157652262944e-01
7.113486937167221580e-01
7.124042580793803481e-01
7.031657522341362432e-01
6.969976670770232641e-01
7.014402031114985725e-01
6.910642473598710422e-01
6.842869093524270863e-01
6.815316884448918699e-01
6.737927473188716210e-01
6.744559999339209133e-01
6.669564420876421540e-01
6.588753389249755177e-01
6.576765290476690451e-01
6.490959608832730376e-01
6.473200437738011459e-01
6.381371268807433106e-01
6.281006880339750076e-01
6.162797243803460612e-01
6.177681620454651412e-01
6.022503062070497792e-01
5.893967830043027600e-01
5.918262474900326531e-01
5.828544414361379600e-01
5.710317522222183584e-01
5.555393986470560375e-01
5.401943808474223285e-01
5.424086885745252884e-01
5.283075089514207567e-01
5.203129973870780356e-01
5.144735127578279332e-01
5.064936837845954720e-01
5.107213682393693110e-01
4.917503264421687614e-01
4.722282252885662279e-01
4.790502150683036975e-01
4.469734799930757951e-01
4.251637738296650815e-01
4.217706392732853971e-01
4.020648966050099915e-01
3.960500177759358476e-01
3.773107784594889047e-01
3.722541332190917318e-01
3.566244393001687385e-01
3.662303579609450521e-01
3.526520068187706247e-01
3.478912752344944792e-01
3.461773224555724227e-01
3.449752191513283384e-01
3.336247285700086884e-01
3.320137657514441454e-01
3.432287860018969905e-01
3.391918097453496816e-01
3.534857006087609443e-01
3.513582515924431604e-01
3.525925749673687326e-01
3.521439534165612395e-01
3.354353136370145094e-01
3.432552519628289112e-01
4.032105908396982352e-01
3.477472827552762213e-01
3.436746013417106838e-01
3.357894820453426465e-01
3.610026498155065600e-01
3.442290020178142562e-01
3.291234502919294647e-01
3.278859348060930712e-01
3.314450709383539584e-01
3.411229485496928282e-01
3.380351547160634906e-01
3.274753450386345133e-01
3.269467694491068332e-01
3.315694486212817926e-01
3.222830996878540688e-01
3.208062573223634528e-01
3.405319026775214253e-01
3.330063146834282284e-01
3.236955334171414123e-01
3.190517918181372536e-01
3.173525126696224996e-01
3.352308492772598791e-01
3.293168427930767139e-01
3.188822315832715582e-01
3.210988174634538117e-01
3.236062366556633485e-01
3.158023331733031958e-01
3.138801602091211285e-01
3.149992620202364257e-01
3.126384493137279730e-01
3.138054304920404602e-01
3.163338339070971283e-01
3.255994088960900701e-01
3.202212120964552655e-01
3.121261664077558118e-01
3.114527352143890981e-01
3.106850942812632299e-01
3.097921621888763966e-01
3.153377053993896562e-01
3.090857591644304847e-01
3.088590480492890977e-01
3.080707188612206160e-01
3.080749153459518830e-01
3.315999874219851540e-01
3.135665415381959642e-01
3.154406708972274931e-01
3.109568793828467737e-01
3.063936447236611516e-01
3.057373906148415088e-01
3.061866221846741842e-01
3.166720319797164951e-01
3.111487358189372054e-01
3.057608694655163939e-01
3.071111003931532579e-01
3.071477180013424402e-01
3.071366882865607106e-01
3.055702596491678413e-01
3.056812997407267751e-01
3.049659541449323275e-01
3.052731206751886361e-01
3.039109115739564437e-01
3.044401936957067401e-01
3.082393785721899704e-01
3.054826542887570939e-01
3.082200233983736215e-01
3.059527099007940398e-01
3.030661939113589165e-01
3.035489666698147904e-01
3.033932691352926314e-01
3.061214760033978965e-01
3.050637008071279688e-01
3.064744193989853427e-01
3.047397384678829368e-01
3.044136935020106405e-01
3.044720225621350140e-01
3.045265608098510768e-01
3.027597348662086629e-01
3.029392604365351849e-01
3.034989532683366464e-01
3.043643489162096705e-01
3.073808107553239743e-01
3.033782888700908842e-01
3.049288583168687783e-01
3.036516234469043285e-01
3.039836866061026432e-01
3.046384031318192243e-01
3.037014239735706944e-01
3.044218745403718396e-01
3.032443684214163326e-01
3.029602667236787061e-01
3.036603238447920239e-01
3.032257612023833149e-01
3.025535548803501840e-01
3.026722951200051526e-01
3.030117607471968233e-01
3.020156981415068609e-01
3.022133985937726086e-01
3.038732497368958896e-01
3.028357265736152382e-01
3.027942591350599733e-01
3.025531759884123595e-01
3.041792403728881267e-01
3.024669337525698332e-01
3.026774716874025550e-01
3.027856044464013463e-01
3.037752981861200352e-01
3.024527057298052046e-01
3.035802798786600976e-01
3.023220152361105750e-01
3.028095282341740635e-01
3.024361185022954590e-01
3.015100983293801384e-01
3.015123640616290679e-01
3.031726744722179623e-01
3.023124372099338375e-01
3.020491821912222319e-01
3.022236353917485685e-01
3.015860012540731994e-01
3.016363243214084111e-01
3.022333403839857491e-01
3.016563441975740334e-01
3.026905780908656363e-01
3.019402839553568807e-01
3.022539764400324902e-01
3.017781259998529864e-01
3.014765572248527814e-01
3.016524030815064261e-01
3.017936474263922531e-01
3.018240214819410960e-01
3.011396953372181828e-01
3.013200944259439851e-01
3.021268171393906021e-01
3.014547672592414740e-01
3.019438013547729449e-01
3.014835374866159379e-01
3.017662434041350483e-01
3.014834685935170455e-01
3.016445322151733999e-01
3.014333556826084282e-01
3.012570735681561196e-01
3.019329115165059196e-01
3.012882033268234894e-01
3.018476964234231286e-01
3.013172670755946969e-01
3.016728621488954376e-01
3.012520529469729924e-01
3.011728882857103162e-01
3.015211064968026378e-01
3.012901170658367489e-01
3.012445559019846231e-01
3.011396953372181828e-01
3.021971121802070614e-01
3.012993927993836696e-01
3.018839749526343041e-01
3.015705948308047279e-01
3.015021113882527803e-01
3.012691822442001843e-01
3.019686410002910826e-01
3.011808353055094312e-01
3.010883872057118493e-01
3.012475086061142671e-01
3.012604671488484653e-01
3.010026593826051755e-01
3.010594037905208742e-01
3.007628405176813180e-01
3.008214990447075632e-01
3.011910919673140841e-01
3.012625438741179940e-01
3.013120805305693484e-01
3.009866348443293038e-01
3.013237795850605139e-01
3.009608297852459646e-01
3.011662719051448889e-01
3.015906688630223265e-01
3.009357184009594510e-01
3.006726925422080754e-01
3.006778193230695839e-01
3.009563291081784886e-01
3.007286026110994603e-01
3.011297388401295017e-01
3.007821104709532678e-01
3.012764008395543147e-01
3.008123728033881283e-01
3.006706179859104378e-01
3.007155963687507816e-01
3.006706179859104378e-01
3.006628024345547878e-01
3.010951709974788448e-01
3.019465814517050539e-01
3.003200112574389014e-01
3.005386553089813839e-01
3.008136642498170366e-01
3.017290066296828277e-01
3.007368588204861748e-01
3.005049315174316282e-01
2.998099231161992506e-01
2.998380764505914620e-01
3.008080182695366256e-01
3.007163564755034324e-01
3.011593053015149124e-01
3.004907567396869483e-01
3.000069017507321911e-01
3.006276948242165847e-01
3.002995098247015493e-01
3.009570121480988902e-01
3.002712067951381902e-01
3.006708632319314844e-01
3.003763103103245236e-01
3.002487557719812905e-01
3.000365535993457788e-01
3.000119980215648630e-01
3.002533927473924891e-01
2.997859047010855704e-01
2.998818709788125814e-01
3.000415753821066289e-01
2.999546936005911268e-01
2.996439194837021702e-01
2.997380660054956847e-01
3.000453329816979986e-01
2.998686010190079188e-01
3.001567132835636365e-01
2.998429880974403661e-01
2.998951111386765067e-01
2.996910043405207613e-01
3.001013659601967642e-01
2.998153682828514910e-01
3.001312184876033795e-01
2.998296260692083770e-01
