2.630894619623558306e-02
2.627351395030463888e-02
2.647555755950226075e-02
2.634478765253178700e-02
2.637373811389709388e-02
2.623203927840822569e-02
2.631215090063365736e-02
2.628985282106810484e-02
2.632361682331230135e-02
2.613966269078504823e-02
2.609783952831157272e-02
2.617205744117001576e-02
2.615779299312204209e-02
2.613750871018671873e-02
2.610537182239314191e-02
2.605781854157496191e-02
2.602652755284395880e-02
2.601113475420391286e-02
2.597641428890029580e-02
2.595331420162427793e-02
2.591344445481724712e-02
2.591508182490975809e-02
2.591060465177030814e-02
2.587801777770726286e-02
2.585507316010116075e-02
2.581737066452982621e-02
2.579545051651210841e-02
2.575287074446430680e-02
2.573951671800833729e-02
2.569398612128215298e-02
2.564654972176716452e-02
2.559046858129243596e-02
2.560852891370557494e-02
2.556659430686714085e-02
2.551561552616310458e-02
2.552791625472305981e-02
2.543367575035326844e-02
2.537405852813523488e-02
2.534339297073162633e-02
2.527700959696832506e-02
2.526897669747496522e-02
2.520090397381236080e-02
2.519544642869675499e-02
2.512626194791578449e-02
2.511249537535420462e-02
2.504035446797281406e-02
2.505558444438027443e-02
2.494048401376003365e-02
2.485987152867807914e-02
2.483639374726509530e-02
2.475071812829576778e-02
2.465901380890300754e-02
2.455313693375338335e-02
2.459428397422691592e-02
2.452031917446695353e-02
2.442664693581864110e-02
2.440314951062949600e-02
2.430446880363401618e-02
2.427273674002639048e-02
2.416724261150449138e-02
2.412196496754781538e-02
2.400668719253251648e-02
2.388149194742661408e-02
2.373882531952176134e-02
2.378051265840352979e-02
2.364730268587988959e-02
2.351143384096154865e-02
2.353191630033557580e-02
2.332033232029839809e-02
2.316877586029164604e-02
2.313300251196115376e-02
2.297414815683174183e-02
2.292368475835204755e-02
2.275437226657339718e-02
2.270863847901050114e-02
2.253002205957255200e-02
2.249449821263826976e-02
2.224301981090692770e-02
2.234817147957701700e-02
2.187463038766757073e-02
2.160124525685580554e-02
2.155263693194597874e-02
2.130899789264728561e-02
2.098313656721018106e-02
2.056247944187505894e-02
2.079574098240499769e-02
2.034589221727378661e-02
1.994775168566131907e-02
1.990465027106547158e-02
1.950238749528554472e-02
1.949312662794155937e-02
1.922596284622024587e-02
1.905751739122119037e-02
1.875400383665282167e-02
1.854224839783147338e-02
1.832643986681992132e-02
1.830467635894550416e-02
1.812583249328092450e-02
1.797314778890446441e-02
1.780510554929970457e-02
1.788279432020911663e-02
1.777189160148162639e-02
1.758441491642859233e-02
1.736222852774083059e-02
1.704835408676663722e-02
1.695494102963479577e-02
1.675434256791596965e-02
1.658599743505739799e-02
1.633558849775740285e-02
1.662003347090468264e-02
1.629515552197136063e-02
1.604380954234263523e-02
1.581847828090576780e-02
1.557362247207283446e-02
1.529308015346309002e-02
1.505076085599399427e-02
1.497343110070159522e-02
1.476404669505892997e-02
1.488644116875326162e-02
1.464756559871782660e-02
1.444302921360274272e-02
1.489230125730667265e-02
1.415201993787795764e-02
1.402004033043602327e-02
1.449467879022203753e-02
1.424668737067591451e-02
1.401931491693197973e-02
1.389534525893432182e-02
1.436519581670037127e-02
1.392325478676370576e-02
1.379872084384725639e-02
1.367071427341937095e-02
1.378149047929499993e-02
1.360420963434638697e-02
1.350874345772090646e-02
1.359879291001220292e-02
1.347594696347820253e-02
1.342548170446911104e-02
1.334477387220167621e-02
1.328538706988124929e-02
1.344935471153174689e-02
1.364032544635640498e-02
1.330597407544897859e-02
1.315169131077620346e-02
1.308689397805840038e-02
1.329890919331522259e-02
1.317270492949473848e-02
1.306955807222387467e-02
1.304825182456104127e-02
1.309213183225654831e-02
1.302718726211282707e-02
1.299615337959714179e-02
1.288992957796641914e-02
1.285583472400764204e-02
1.285383771495451910e-02
1.278554983472479645e-02
1.271576768735072083e-02
1.264766056068988842e-02
1.260386116018274993e-02
1.252335122902481501e-02
1.269968724509773494e-02
1.256845910967319124e-02
1.253142418946118219e-02
1.237034465689457186e-02
1.228992426843411589e-02
1.220158815518213036e-02
1.209745611053603120e-02
1.280516990139368705e-02
1.267820269851549497e-02
1.201922167594760005e-02
1.189433291030506101e-02
1.222946691972759403e-02
1.230865744344356028e-02
1.194574128789893663e-02
1.179508441867183066e-02
1.167566620743865080e-02
1.176803968244433118e-02
1.150153089918215521e-02
1.140733810353922184e-02
1.162318844742493695e-02
1.142820812454248269e-02
1.148135881463685504e-02
1.135029592215719418e-02
1.133105730838213088e-02
1.127005898601407541e-02
1.122203759911843957e-02
1.112639509444257602e-02
1.104059975686799699e-02
1.102185060363447544e-02
1.096624902216358777e-02
1.110143424161547099e-02
1.111428394994229407e-02
1.110026596043944824e-02
1.098831668604871581e-02
1.090238675010857250e-02
1.090979410113401826e-02
1.065329787602908862e-02
1.058227505021958059e-02
1.055172138949367344e-02
1.047668583020966437e-02
1.089798608787473366e-02
1.062196245708635356e-02
1.049937235494236010e-02
1.055811797822125975e-02
1.043313190516059752e-02
1.041860995589460881e-02
1.033536662665990313e-02
1.029029366722133965e-02
1.011680745333931597e-02
1.005033288379530987e-02
1.023318837352804600e-02
1.011707490768598561e-02
1.017438661447211956e-02
1.002252927104019253e-02
9.978494775612745116e-03
9.856557735522741837e-03
9.822179697793864683e-03
9.752638246028455526e-03
9.696278556852400143e-03
9.969484880437806673e-03
9.692882129742286246e-03
9.623981826703653653e-03
9.638666201513990117e-03
9.638401208116542662e-03
9.475859294091115714e-03
9.455532673680155931e-03
9.471558455743656069e-03
9.333269586570103193e-03
9.307841996451626798e-03
9.559436485233496761e-03
9.372323087603384728e-03
9.280987017152741991e-03
9.247525983419158102e-03
9.370950380214959630e-03
9.329168120333131142e-03
9.224600831343465757e-03
9.196766762561536801e-03
9.322217246714892269e-03
9.257923433840797856e-03
9.069207767603337800e-03
9.025964303239208952e-03
9.273946792993315036e-03
9.099212878407203497e-03
9.053161288251843075e-03
9.498500488981487244e-03
9.256922386964183680e-03
8.912037930256411222e-03
8.836708753619082479e-03
9.021421608971902373e-03
9.045760480654418956e-03
8.935060156745500137e-03
8.787377648137195685e-03
8.730737741585059553e-03
8.723676625669529727e-03
8.668187504034308155e-03
8.765268826364414068e-03
8.640494335543702498e-03
8.585647844365884573e-03
8.651442847260937263e-03
8.406812286190112893e-03
8.360229803938135085e-03
8.365636898153283596e-03
8.405180047427740497e-03
8.308349493159172816e-03
8.272406131533571738e-03
8.294367324575890876e-03
8.189238552184674447e-03
8.145439107075658214e-03
8.196351491788100851e-03
8.074847345130642395e-03
8.027180075693474137e-03
7.986498241126072095e-03
7.926846121383279709e-03
8.049688600612503464e-03
7.999426174269630430e-03
7.830607286836710479e-03
7.766698142069095034e-03
7.806263395640944402e-03
7.801455584800387477e-03
7.679623276804936616e-03
7.629005731312976657e-03
7.598203152369475966e-03
7.583012869561200908e-03
7.639584073712568646e-03
7.518938622338322553e-03
7.501959905158672726e-03
7.394741752492772768e-03
7.359397330372274837e-03
7.464388890210837957e-03
7.429573550384760416e-03
7.219827631616881902e-03
7.170530864749946609e-03
7.382100617058573455e-03
7.336934683829121617e-03
7.294112959449594591e-03
7.139118962444235272e-03
7.093600540938882482e-03
7.080889781904686764e-03
7.041456817125868461e-03
7.188227304555039332e-03
7.031534856287380286e-03
7.040408628002592373e-03
7.131098255747758685e-03
6.990740241822557266e-03
6.980931877897722515e-03
6.861507982490522295e-03
6.839278697146067287e-03
7.053809613578931881e-03
6.785378606069980556e-03
6.759115177557117882e-03
6.953495265803910641e-03
6.831242091238087788e-03
6.950376697610671783e-03
6.933759903610114961e-03
6.884220747919056471e-03
6.768951653595922657e-03
6.644218476586805089e-03
6.606310672569670750e-03
6.655247616170090197e-03
6.765708895292266156e-03
6.713667976781856339e-03
6.786716150274707537e-03
6.608245655591593604e-03
6.420753471806484036e-03
6.402621125179974726e-03
6.672155628995479759e-03
6.847232832528415969e-03
6.678307516877479699e-03
6.706023419730589019e-03
6.504925009316986362e-03
6.553052696214645145e-03
6.667609120014850177e-03
6.535151403078143240e-03
6.786172540994006575e-03
6.581196876621508984e-03
6.579567308115708002e-03
6.358602578929395399e-03
6.362041951955776931e-03
6.586479161236891144e-03
6.414322102590186425e-03
6.532825285301968599e-03
6.356811747207258279e-03
6.356811747207258279e-03
6.532995746373115864e-03
6.401221528226197499e-03
6.385660027524386884e-03
6.564453473231979252e-03
6.428554686015108821e-03
6.376662150794465411e-03
6.390794010922684620e-03
6.401428447172619052e-03
6.364845880865832584e-03
6.356811747207258279e-03
6.413145835814537676e-03
6.362625582669312330e-03
6.377684701723840277e-03
6.474117307018412149e-03
6.356811747207258279e-03
6.356811747207258279e-03
6.418933148055971927e-03
6.356811747207258279e-03
6.411737323624322471e-03
6.356811747207258279e-03
6.356811747207258279e-03
6.356811747207258279e-03
6.356811747207258279e-03
6.360071140181999816e-03
6.356811747207258279e-03
6.356811747207258279e-03
6.356811747207258279e-03
6.356811747207258279e-03
6.358231525268709383e-03
6.356811747207258279e-03
6.356811747207258279e-03
6.356811747207258279e-03
6.356811747207258279e-03
6.356811747207258279e-03
6.356811747207258279e-03
6.356811747207258279e-03
6.365871727299854399e-03
6.356811747207258279e-03
6.356811747207258279e-03
6.356811747207258279e-03
6.356811747207258279e-03
6.356811747207258279e-03
