8.514471577626414600e-03
9.359231374468590658e-03
1.010191710351249217e-02
7.213745186946285415e-03
6.873303792909180032e-03
6.106419978248012193e-03
5.495134349275176966e-03
4.666116975358458596e-03
4.332702377661146187e-03
3.976186432256390013e-03
4.028583987887413009e-03
4.478432448948521660e-03
6.484218442764366763e-03
4.001760294413569952e-03
5.294890992503908933e-03
4.012905452222770286e-03
3.898397200415959496e-03
4.026736311247613997e-03
4.825063300936793809e-03
3.857154466113454916e-03
4.023778706871761202e-03
3.914563865925368980e-03
3.740603680054355173e-03
3.687087344444006654e-03
3.763195361864646316e-03
3.730445413900884688e-03
3.645532470449186491e-03
3.689575520029908517e-03
3.508243554461443203e-03
3.428750049233375563e-03
3.721078927826360072e-03
3.619802405121719246e-03
3.473947182482173268e-03
3.351587662048016725e-03
3.285337504249530305e-03
3.162232679322252160e-03
3.058372161491851315e-03
3.073754306273546177e-03
2.781260013133057818e-03
2.589811856364088172e-03
2.617709611080210053e-03
2.467148052865297814e-03
2.367800394959096444e-03
1.921051175419519197e-03
1.609087848017831668e-03
1.762110801428073970e-03
1.440822717609813175e-03
1.340376561705491909e-03
7.605021196896988300e-04
4.544957132950333545e-04
5.363870057749631215e-04
4.972082397468602366e-04
7.606953223993073721e-06
1.200614187192305948e-04
1.477408450960560060e-04
5.380379915362887289e-04
2.245486323985135257e-04
3.634685575832907745e-04
1.612900672273154257e-04
2.397838857579603911e-04
1.152141061763201080e-04
1.521644655532172763e-04
8.736986059609819222e-05
9.300899133501960847e-05
8.723265288168580156e-05
1.051822842801364288e-04
5.301464689355661619e-05
7.969845553501553326e-05
2.905049193235864635e-05
9.687158266757922576e-05
3.596396943583712869e-05
2.118357998548425769e-05
4.322392476097114411e-05
1.649107630052881746e-05
1.960500970954459632e-05
3.782275453634298401e-05
9.338921785118081687e-06
2.516113638806327657e-05
9.372970693699578248e-06
1.712432172062960944e-05
8.418646713970190376e-06
8.576613251265463589e-06
1.893143575570910286e-05
5.326434237229449309e-06
8.206491971751717074e-06
8.425395342293029444e-06
5.600445158515654498e-06
7.407820301619238990e-06
1.607832883598891982e-05
4.621026700735164638e-06
8.312583374747717357e-06
5.087254128732787706e-06
5.603654954611236860e-06
4.525617640860346569e-06
7.750340360157537134e-06
4.263692987560574466e-06
4.515711874208960808e-06
7.426889654049695366e-06
3.951219399667138532e-06
3.651865895903938508e-06
3.813403077312926825e-06
