6.360197177307645999e-01
5.970412007669334553e-01
6.292268791920729853e-01
5.875218639656136776e-01
5.570047923620093933e-01
5.121152097064625153e-01
4.349400314078682994e-01
3.767883611786233544e-01
2.435150698167362071e-01
1.067354469699689501e-01
5.003252464474616801e-02
7.160944429093518693e-02
1.623196392697889845e-01
2.176317176251729713e-02
7.667123489121840940e-02
7.359296738464315979e-02
7.509748595812215655e-02
5.338169768799660986e-02
4.082211666970902986e-02
9.797394303415241090e-02
2.755944441815549872e-02
6.487830576700859275e-02
5.187744562979546004e-03
1.244497272354183615e-02
4.499271509271729474e-02
7.241595131033617960e-03
1.371668972781936446e-02
5.529565295691374338e-03
1.886334656921095920e-02
1.057599467794156922e-03
1.385450384152164816e-03
7.400188165917365168e-03
1.954120692795102698e-03
4.340476487355138246e-03
3.587704766148114288e-04
6.920855297871675305e-04
2.121571809816202858e-03
2.682107323566107482e-04
5.975166256344532911e-04
2.769423720643260367e-04
9.018982526503016572e-04
4.267766083210222661e-05
5.203169828194020852e-05
3.630928961158019774e-04
1.106160153288016090e-04
2.050358431967547190e-04
3.176084545808421922e-05
4.029375678227253843e-05
1.151374491727974458e-04
3.209424100369950850e-06
1.259655783669710871e-05
4.713285794277766172e-05
1.204103191043692789e-05
2.055736194850332765e-05
3.938187027707762411e-06
1.908367243708131156e-05
4.285980494733721002e-06
1.127636935494003012e-05
4.019243455832821610e-07
8.359587515549549153e-07
4.617630118275428686e-06
1.251027165971585475e-06
2.662499906769255631e-06
2.722370555652275925e-07
1.041935783652192526e-06
5.100477840080941405e-07
4.289187787165360533e-07
1.582900829300015744e-07
8.595718077319958184e-07
1.096797770383517445e-07
1.083493230691345843e-07
1.243239180492849982e-07
3.954551903717629102e-07
1.407236227546349028e-08
6.142677166920407217e-08
1.531523213804675265e-07
4.441911194419390085e-08
3.420950123178556623e-08
