2.146784277073126024e-01
2.385007270715422401e-01
2.101622569617511704e-01
1.642664045597987954e-01
9.270910814140931322e-02
8.953524036515569939e-02
1.990008601390647058e-03
2.107666108304897534e-01
1.454213000516595411e-01
7.299686371672586827e-02
1.857214379835284701e-01
3.241807638900184863e-02
9.098111564428523756e-02
2.695370627023396803e-02
6.382012624816235657e-02
9.832589265624358532e-03
3.253378266140538599e-02
1.100346133604801491e-02
1.876876318714959524e-02
3.288880209532329957e-03
1.597591801426134772e-02
3.826465320577510099e-03
9.094103869043079769e-03
7.068508128671435742e-04
1.662662494144262482e-03
4.590664000679645085e-03
3.177699726394367374e-04
1.749480988403329107e-03
1.030473523835784277e-03
6.750364840472089512e-04
1.670503182831906130e-03
1.501918178090644318e-04
3.613763720866636220e-04
1.819488885974607228e-04
6.353622756580801223e-04
5.168730357418827026e-05
1.364330569109117874e-04
2.971177186690265870e-04
4.534723395432926907e-05
4.392080397752629040e-05
3.098154300429367680e-05
2.240881712731734865e-04
2.087586694110576957e-05
3.494205872495159682e-04
7.681667268877312438e-05
2.112743531346161774e-05
4.943495163156619299e-05
8.111730357840407635e-05
4.938554943634265726e-05
1.596228132760835194e-05
8.111730357840407635e-05
8.711438001629545624e-06
3.810187251540586573e-05
5.412250364633663935e-05
1.026274557958117839e-05
2.565986757274707486e-05
2.051700461969119260e-06
