9.339224284804854559e-01
9.405316893315812665e-01
9.351332188315932825e-01
9.279724754246599927e-01
9.212328988843356825e-01
9.199505216564412002e-01
9.120340329186702455e-01
8.984267929866722735e-01
8.795548508135621057e-01
8.696694088453966742e-01
8.431014401369366640e-01
8.107541595303776605e-01
7.661601235958030998e-01
7.406913326618813631e-01
7.076314848256226586e-01
7.072880887480770262e-01
7.665186538537518413e-01
7.516977480019236824e-01
7.169021478936408176e-01
7.189334994015743607e-01
7.067305441352300655e-01
