2.630894619623558306e-02
2.613966303010162306e-02
2.562045501896392796e-02
2.605268684368233778e-02
2.637535659995438042e-02
2.656025187555255407e-02
2.633034047020266222e-02
2.630498041631212924e-02
2.612826317464278514e-02
2.575737947107481496e-02
2.578556606446802402e-02
2.569526879848249568e-02
2.556413864995799035e-02
2.547189829178686526e-02
2.536176784331367617e-02
2.524526470616150764e-02
2.530196722032640455e-02
2.510883202409919246e-02
2.498301206061892543e-02
2.491817341372104533e-02
2.477835892389068650e-02
2.492965516937684090e-02
2.475255352724614610e-02
2.462850700449936703e-02
2.454966233451127966e-02
2.440853343911031370e-02
2.432312765444677449e-02
2.416355887373977662e-02
2.414500392652985106e-02
2.398199165895609219e-02
2.398433073363193113e-02
2.372921821739137904e-02
2.354343395958047314e-02
2.362811651663232482e-02
2.335987319698040743e-02
2.316766163381811516e-02
2.311044955812524559e-02
2.290669323996874507e-02
2.283209605125591235e-02
2.261311139211152899e-02
2.260245238471958462e-02
2.238237837773271455e-02
2.239830615128213243e-02
2.218366335924248922e-02
2.196428746057177417e-02
2.169479235559723662e-02
2.141826681736858085e-02
2.148935404715912600e-02
2.107267484668928770e-02
2.077507040117498871e-02
2.084398977395018893e-02
2.058887677156495677e-02
2.030932733657586642e-02
2.030406391052619330e-02
2.002556580831482691e-02
1.992970916159653161e-02
1.963283837033713564e-02
1.928431670873553827e-02
1.891603913473716148e-02
1.893533459268115227e-02
1.875968861527332887e-02
1.843419953776548326e-02
1.811142988318636959e-02
1.772142507177665305e-02
1.788186509511080491e-02
1.726204759320815185e-02
1.685046996124484053e-02
1.685605825315927842e-02
1.636414088162863045e-02
1.593798823774672524e-02
1.583848759154515839e-02
1.539888275042600174e-02
1.561645159443814102e-02
1.486989397763638365e-02
1.440671416869898636e-02
1.434269268541010778e-02
1.387569804259836115e-02
1.388634456738391254e-02
1.314929986015567209e-02
1.263845818550390909e-02
1.289618496011213367e-02
1.201750466917650417e-02
1.146954952634959835e-02
1.173781208065938220e-02
1.111762638376412315e-02
1.059814460168018169e-02
1.019996665296241112e-02
9.646504319077431333e-03
9.914039719094880354e-03
9.448534458915580636e-03
9.001404359658016219e-03
8.598334331321955126e-03
8.153085347942456984e-03
8.341647100776450330e-03
7.802753879782353685e-03
7.452058063013078382e-03
7.374412306829225550e-03
7.049137774741809359e-03
6.918016870083865122e-03
6.711733517001050586e-03
6.671718895128075921e-03
6.448070539272654500e-03
6.537937701260543299e-03
6.160930954853927055e-03
6.047989945613063689e-03
6.095663742338497393e-03
6.141231286587611748e-03
5.988355608194995128e-03
5.873222869651084643e-03
5.879457315699720965e-03
5.767863191269650969e-03
5.658959261561680165e-03
5.766600728347004434e-03
5.551462737711232442e-03
5.496469968584216659e-03
5.485440189612500461e-03
5.430596066667625621e-03
5.458047902553442299e-03
5.534688522562114521e-03
5.291237983770957776e-03
5.220839653903186495e-03
5.372651061581468213e-03
5.276450494296480720e-03
5.275313310252882637e-03
5.254716825845884287e-03
5.159916553857057941e-03
5.113708430502628133e-03
5.078916927912291435e-03
5.026457964454777994e-03
5.056757357069785463e-03
4.996601635424480214e-03
4.964115714976458094e-03
4.949672609078414887e-03
4.917284433854196557e-03
4.909969051812512753e-03
4.867412349243260827e-03
4.841043379079645881e-03
4.806025798902657797e-03
4.726633919004408213e-03
4.664553587512387800e-03
4.755734463462113482e-03
4.789791066261206431e-03
4.670215185311965556e-03
4.675099684344319328e-03
4.599798345599981353e-03
4.572610421325729035e-03
4.601486604417059922e-03
4.564647462017346058e-03
4.540269313622835590e-03
4.538989907027168869e-03
4.526891375859820599e-03
4.475558103251842113e-03
4.443496162391036286e-03
4.457327798153665199e-03
4.445239522672395083e-03
4.416066572036081439e-03
4.396108360567474449e-03
4.398834575872867525e-03
4.349918269561658946e-03
4.329651767856934619e-03
4.363825705077206685e-03
4.332119760017905108e-03
4.287363438330915599e-03
4.264844770785147787e-03
4.282336867871383568e-03
4.279729684519728572e-03
4.252454523157256361e-03
4.240561231641848394e-03
4.219291081513532049e-03
4.203781771394576872e-03
4.208370525062954393e-03
4.171176649205299292e-03
4.150948305816859474e-03
4.153345390395357661e-03
4.124045376812324193e-03
4.111600430127371197e-03
4.124721162995337309e-03
4.094214514888228074e-03
4.080876160677981979e-03
4.114288273244448568e-03
4.048198029456440139e-03
4.029293078098072911e-03
4.045993309355844225e-03
4.039002865598551040e-03
4.039109469561763532e-03
4.031225371836422156e-03
4.007569597344495804e-03
3.996943261570184980e-03
4.036955225090732569e-03
3.975224658931297839e-03
3.966938568646827257e-03
3.965904895154692689e-03
3.958043134013156106e-03
3.972943999281830507e-03
3.953753630326017898e-03
3.946508278329319275e-03
3.984076520456181214e-03
3.962652166405566945e-03
3.965390529509726925e-03
3.927974718369031670e-03
3.924352109045292636e-03
3.936393482231625995e-03
3.932318399645473583e-03
3.921667094405889564e-03
3.918551709759632296e-03
3.916617149129941744e-03
3.913946819730784732e-03
3.926743790367837050e-03
3.926750174474080701e-03
3.902908569139218464e-03
3.900345629648249712e-03
3.907831974182762735e-03
3.904357311636741379e-03
3.911107289946591514e-03
3.904175287404609840e-03
3.918983024338795751e-03
3.896062666944644093e-03
3.894739080278264431e-03
3.912431553515394178e-03
3.893370271801033233e-03
3.892688592173620954e-03
3.896968612542517363e-03
3.905396350756262791e-03
3.895682959441204574e-03
3.889972616799797223e-03
3.889831585690339821e-03
3.913028029158827081e-03
3.900284935206776993e-03
3.895983688486981400e-03
3.902474831688262924e-03
3.898325722419992978e-03
3.895149496395577948e-03
3.891426428648259161e-03
3.895353200867646137e-03
3.888929766621584960e-03
3.888700366785347029e-03
3.896887729238684983e-03
3.893178517505369030e-03
3.886420167969806272e-03
3.885377875374795842e-03
3.891227129529717388e-03
3.887727829905873733e-03
3.890885783412123544e-03
3.890906340631494764e-03
3.882530592476007847e-03
3.881116693032149456e-03
3.882501220561884736e-03
3.904069412884347834e-03
3.886982984646403239e-03
3.885251218576524224e-03
3.884502722323546209e-03
3.879726362081115099e-03
3.879543610183167068e-03
3.881700653393216349e-03
3.879330790269919227e-03
3.879199703546776234e-03
3.875550323126253360e-03
3.875002731191790062e-03
3.872650348741180082e-03
3.871288609383127799e-03
3.872203062372236992e-03
3.873786047956961909e-03
3.871391230619525281e-03
3.872183783326432760e-03
3.884952172003686144e-03
3.877720976644072337e-03
3.868105742523941792e-03
3.866966091669143957e-03
3.873495156166195663e-03
3.872334318646641904e-03
3.864071728342355350e-03
3.862675809803595151e-03
3.866171286614372704e-03
3.869892878853531393e-03
3.873331109099265035e-03
3.868895194545141081e-03
3.864954213105398217e-03
3.875750949467349216e-03
3.869912264915842393e-03
3.861481097649610561e-03
3.860900685869750326e-03
3.860565143027017143e-03
3.860406188261555904e-03
3.867587656484872127e-03
3.872096579682460238e-03
3.865564621723938110e-03
3.857612434395307766e-03
3.856822232684242735e-03
3.867652470901927764e-03
3.865683878272463403e-03
3.859238374537055094e-03
3.855817904368064042e-03
3.855091909445218512e-03
3.860761314580574144e-03
3.853233274540901476e-03
3.852671343268276871e-03
3.854369434689086660e-03
3.852666265256821099e-03
3.853482755511450364e-03
3.850957601929327900e-03
3.850700382405980449e-03
3.859917263508094720e-03
3.845679010459512881e-03
3.844444046387618386e-03
3.857874050503085073e-03
3.850376890427553711e-03
3.850210247965613064e-03
3.845110409805174712e-03
3.847411042510406887e-03
3.846571926725328439e-03
3.843278163749297427e-03
3.842525388414785859e-03
3.840859344276470466e-03
3.840677534736047782e-03
3.846074857376202694e-03
3.864502054860441405e-03
3.848111817853716587e-03
3.841064340136202127e-03
3.850376903495877912e-03
3.846236910105771400e-03
3.841462495755010309e-03
3.841475736711785771e-03
3.841689449737395456e-03
3.845246865269991154e-03
3.842746879584191255e-03
3.842191794306337727e-03
3.840677534736047782e-03
3.840658960943987843e-03
3.840080756532526784e-03
3.840846021913701946e-03
3.841200703688207874e-03
3.840170738292458807e-03
3.840442644998387500e-03
3.841084960282126204e-03
3.840722584438793774e-03
3.839985701298620491e-03
3.839872597912630248e-03
3.839872597912630248e-03
3.839690540730189561e-03
3.840157438431468506e-03
3.840273295082297089e-03
3.839662308838587279e-03
3.840184540320312756e-03
3.839681105929360072e-03
3.839673292071910105e-03
3.839984290119891064e-03
3.839591589539170791e-03
3.839575006740925112e-03
