9.753328061254639136e-01
9.753767852224430879e-01
9.753638454699253835e-01
9.753406133684305868e-01
9.753273079503631537e-01
9.753332795808944411e-01
9.753292885675032275e-01
9.753119724060470563e-01
9.753332128576633897e-01
9.752912608749462198e-01
9.752805593481330693e-01
9.752805593481330693e-01
9.752669415871035863e-01
9.754573253957344869e-01
9.752834266151391152e-01
9.752721484261790419e-01
9.752910631333291391e-01
9.752871404566231250e-01
9.752657725763669294e-01
9.753329947570267278e-01
9.751120556673051887e-01
9.750687184610529190e-01
9.750687184610529190e-01
9.750592723244465576e-01
9.750533081779261257e-01
9.750729951096863690e-01
9.750709011765382739e-01
9.750785188967786565e-01
9.750646349300261528e-01
9.750766620526795103e-01
9.751110757519144689e-01
9.750251384713624070e-01
9.750143851673505058e-01
