5.936875247790295296e-01
5.464081686727186860e-01
5.871506059598775584e-01
5.381220822661771930e-01
5.053263846315689811e-01
4.526292249973808968e-01
3.694659538758692241e-01
3.160460758837043693e-01
1.878074298585121760e-01
5.510528919061530306e-02
6.899672417060909169e-02
5.242505614395986946e-02
5.516535716798931510e-02
7.656366567537475909e-02
6.187124976648772368e-02
7.842611911784347356e-02
3.958576186534012997e-02
7.664039993850768617e-02
3.396036763599230568e-03
1.682976033910532632e-02
6.750952620090666656e-02
1.862783145844182364e-02
3.530291684123065821e-02
6.581146702993034836e-03
2.424810207316796529e-02
5.606786580363620764e-03
9.021321407789550939e-03
2.809350134621801942e-03
1.138637348420701301e-02
1.199323817741682063e-03
1.802340914388800286e-03
5.914978067120268967e-03
6.677013963096722904e-04
1.261676307044101719e-03
5.009442533203678494e-04
2.350191269075097011e-03
3.052099680922459868e-04
4.733204073705810089e-04
1.283751883659034476e-03
5.645074320681509050e-05
2.236831486202017771e-04
5.844236796455071214e-04
8.238095820134461178e-05
2.502541506017585959e-04
1.054620711022913326e-04
1.315066176076351567e-04
4.628570831499700944e-05
1.850060001493680772e-04
1.548157245689907313e-05
2.574222592244268526e-05
8.751560889341813976e-05
1.284854196348383937e-05
2.303239040046811681e-05
1.086931201443874784e-05
3.920479745311844511e-05
1.808247382717453888e-06
