9.736910538037644169e-01
9.737345453132041362e-01
9.735256998623066371e-01
9.737526404954738313e-01
9.736585214635519181e-01
9.736532071847157077e-01
9.737773329633101493e-01
9.736842458527947830e-01
9.737346096504281290e-01
9.735811789353985279e-01
9.735256998623066371e-01
9.729662098856070029e-01
9.726971205898723438e-01
9.723795218937080209e-01
9.731689209069440682e-01
9.731321867435673845e-01
9.743044869472788916e-01
9.749485791816789870e-01
9.726511158348054575e-01
9.711892150173123683e-01
9.706981490598149964e-01
9.709549256756327962e-01
9.711233131483041348e-01
9.709743776205069787e-01
9.704590177023679765e-01
9.701148166139734741e-01
9.699030237913991437e-01
9.695072036431831020e-01
9.693672384198723790e-01
9.689354849878433207e-01
9.684562283340911737e-01
9.679083889345367897e-01
9.675890205235950781e-01
9.669601136850540790e-01
9.678762174044676092e-01
9.672340892447350846e-01
9.662862399918741296e-01
9.656754780330477628e-01
9.652582250712739009e-01
9.645421968527395640e-01
9.644472657103388968e-01
9.637004900579105859e-01
9.636017746935982009e-01
9.628227696486091336e-01
9.626421140870674575e-01
9.618115695731174197e-01
9.621848675260294970e-01
9.607199467180106423e-01
9.597704434035413401e-01
9.594777947775289251e-01
9.584456258361109260e-01
9.575287977553289531e-01
9.562600483037025922e-01
9.565111093606210035e-01
9.556650684336822632e-01
9.544808370195094760e-01
9.541866201372328771e-01
9.529148795323532095e-01
9.525685457046910720e-01
9.511950451627495529e-01
9.503747488311217184e-01
9.487806027499305905e-01
9.472974399914535493e-01
9.453105055880998142e-01
9.458479286204469760e-01
9.440005331292905533e-01
9.420386138686904776e-01
9.424055066255411228e-01
9.389375748316118875e-01
9.365662918374042523e-01
9.362365169724767844e-01
9.337387260710880987e-01
9.329290079694921856e-01
9.301823214324391742e-01
9.293030476703362242e-01
9.262820471016169899e-01
9.261380841709527800e-01
9.230197883472738285e-01
9.235180014702133455e-01
9.181846303376092200e-01
9.144264434193245528e-01
9.141244469639272507e-01
9.102106441888191402e-01
9.057917692915087304e-01
9.006834859036449981e-01
9.028570241476293612e-01
8.978159259620698274e-01
8.928242959717588301e-01
8.920218559950530146e-01
8.867491359206148838e-01
8.861611394502073580e-01
8.807561144137704412e-01
8.781362466878875894e-01
8.721414807483593989e-01
8.653245320444815647e-01
8.586350990690173601e-01
8.604641349789473592e-01
8.552381968620487163e-01
8.501657467704024640e-01
8.502835797020492636e-01
8.422275430664769580e-01
8.377256084503368339e-01
8.377998074987307309e-01
8.330004231733295628e-01
8.294681001428690914e-01
8.271046386879833401e-01
8.238135094561304106e-01
8.237709156947362610e-01
8.209554652453205925e-01
8.231317880435553569e-01
8.198630774720028214e-01
8.180530301565622775e-01
8.174893783667521729e-01
8.157765837557352517e-01
8.132269032117857011e-01
8.118669590175122686e-01
8.135405996946900586e-01
8.116346236881745169e-01
8.109309763111661740e-01
8.113053126900019452e-01
8.109248622298448339e-01
8.106482001310756358e-01
8.102463458835903465e-01
8.101120598307505194e-01
8.101664003998763075e-01
8.097331037744412985e-01
8.095465984066699816e-01
8.096897475308322267e-01
8.094760339654379910e-01
8.093763800785227502e-01
8.096254928611940072e-01
8.092727747805467109e-01
8.091683334222254942e-01
8.091972425266821256e-01
8.091076001568731080e-01
8.090935058346502284e-01
8.090968755920295852e-01
8.090660517420074083e-01
8.090484561197950342e-01
8.090484561197950342e-01
8.090510446194190131e-01
8.090357732123513168e-01
8.090336435687586203e-01
8.090372686828849469e-01
8.090342159883423534e-01
8.090554526102364807e-01
8.090389905580095409e-01
8.090572946684683187e-01
8.090264188209095320e-01
8.090225601999215810e-01
