9.753328061254639136e-01
9.753304238830281525e-01
9.753360789638710893e-01
9.753329239175593246e-01
9.753615735526516284e-01
9.753242010944548346e-01
9.753239300957436964e-01
9.753174244433568951e-01
9.753244071174418384e-01
9.752939507843219058e-01
9.752854908653214583e-01
9.752854908653214583e-01
9.755203278345659923e-01
9.752025434337545651e-01
9.753519936119877665e-01
9.752486681898102638e-01
9.752281157358145824e-01
9.752993298283659795e-01
9.750840922351335927e-01
9.751760993416318524e-01
9.749470842761688294e-01
9.748749304178506714e-01
9.748749304178506714e-01
9.748854714984714898e-01
9.748726156591523972e-01
9.748729971602004829e-01
9.748888057943763119e-01
9.748677048454287286e-01
9.748774632244541216e-01
9.749223817092744770e-01
9.749076818963040569e-01
9.748395048420921416e-01
9.748291357294643911e-01
