9.984479141965245663e-01
9.999561948524492427e-01
9.913485526783023527e-01
9.868729898885332252e-01
9.978833146177341629e-01
9.867600487769780937e-01
9.996445471291277585e-01
9.978732653253805651e-01
9.891692757188982332e-01
9.928651711089460097e-01
9.768981400300790208e-01
9.713812840932112280e-01
9.738940349708754551e-01
9.717968437068927878e-01
9.645599797404895703e-01
9.584602717482315626e-01
9.504333616802617124e-01
9.415409919271764405e-01
9.520097715418117668e-01
9.430172318553707855e-01
9.338811125795684065e-01
9.251679070487720535e-01
9.206732119858112018e-01
9.102962984149819414e-01
8.971798534784350965e-01
8.828066496505495575e-01
9.000034973633351809e-01
8.831308986370327574e-01
8.570399492065413627e-01
8.399883694303472703e-01
8.500300305392126665e-01
8.321922481239968361e-01
8.154806818629631859e-01
8.137761183526743825e-01
7.961847707248697059e-01
7.774397177864840192e-01
7.550676283707711267e-01
7.598863233313430943e-01
7.424382245573561967e-01
7.206605731165115492e-01
7.115379043770397871e-01
6.873171334187118120e-01
6.864610663814383340e-01
6.617077725504316721e-01
6.320834859742991974e-01
6.008037957679873697e-01
6.153901983642247053e-01
5.774446814745406442e-01
5.471791445439516677e-01
5.424277793530575265e-01
5.109401632032866125e-01
5.015626145925138335e-01
4.693677222064283061e-01
4.735736785207940169e-01
4.164267664824953252e-01
3.803629431062117705e-01
3.813679700624136304e-01
3.494113561241285471e-01
3.161403416448534953e-01
3.024379181807115291e-01
2.685454782020898490e-01
2.736276595281191826e-01
2.325878402430514580e-01
2.037898830798628991e-01
1.957986896707856195e-01
1.656549212562569151e-01
1.709592149990203369e-01
1.562922905051518097e-01
1.388520712402205870e-01
8.803882285214048586e-02
6.476159854615615163e-02
8.784557446702234706e-02
6.944281035163202276e-02
5.814509301402603914e-02
5.052073253047995038e-02
5.526441827652495142e-02
5.615642493330119667e-02
3.355744368266422306e-02
3.480772822974897984e-02
4.086203827141554612e-02
1.042880536140449177e-01
4.809242428286630844e-02
9.420534129735880224e-02
6.469614126735823145e-02
5.477075543824094783e-02
3.506664154593630567e-02
9.815749891421210460e-02
4.532033938241253335e-02
1.171021164663332836e-01
4.350934262671313224e-02
1.606382543705808796e-02
1.315841557716257437e-02
2.172064143980512174e-02
2.839868011127411052e-02
1.565240950830759648e-02
4.968038268305297045e-02
3.426327466285139511e-02
4.623509736348385690e-02
3.223695876863608145e-02
5.377512004058826456e-02
3.044854133799645979e-02
1.315841557716257437e-02
1.582252529964955912e-02
3.656795195771000984e-03
6.039259402216057282e-03
2.245918816107306260e-02
1.689392307003545479e-02
1.391106551756426946e-02
1.017929982769272268e-02
1.460545603681195903e-02
1.403825978956785292e-02
9.314900274861148688e-03
1.591879820089092679e-02
1.270649015541425175e-02
5.032711165045999913e-03
4.474556313850630573e-03
4.195700504123545116e-03
2.524072639016328168e-03
2.207526864976938619e-03
4.576487521091077149e-03
1.729438406389505190e-03
2.016148842807874431e-03
3.271982654248217770e-03
1.698334137746559946e-03
2.308817261867934789e-03
5.438780109384921957e-03
3.690053417081951004e-03
4.067838716479088568e-03
1.479284537351133189e-03
1.687182496020733780e-03
2.275577479870949382e-03
3.072985202582256825e-03
2.687153573482703450e-03
3.057889905226485183e-03
4.305078214869695330e-03
2.332943154211175596e-03
4.880642991440642398e-03
2.060124580527622484e-03
4.053041619948127838e-03
2.018273532011005678e-03
3.177998433164685999e-03
2.092735629225739302e-03
2.168156648954866483e-03
2.806181889674963514e-03
1.687836587454527582e-03
2.836340231963774272e-03
1.652234045421918651e-03
2.373521946601897525e-03
1.650288856652193381e-03
2.839009697896299755e-03
1.593034312392438423e-03
2.618581424003174618e-03
1.566374479736620806e-03
2.110552457426639883e-03
1.589823514214105948e-03
1.892133217332947481e-03
1.498267251964446878e-03
1.758820888228429524e-03
1.426458181049472529e-03
2.173781263101082217e-03
1.373141261279964276e-03
1.368389896093558100e-03
1.528326154528691916e-03
2.131893965315101447e-03
1.335964350235530063e-03
1.590007634642343071e-03
2.312356017053707191e-03
1.287352451487033811e-03
1.620774985145123637e-03
1.345331349360767703e-03
1.992891387424977623e-03
1.312020981294792499e-03
1.257029751573268683e-03
1.372156758577713909e-03
2.037253367991764819e-03
1.244714339821983984e-03
1.863814430823396151e-03
1.249152569986811123e-03
1.450410830052262234e-03
1.255474266283918006e-03
1.241242540668929806e-03
1.332000423935331135e-03
1.416712307782064251e-03
1.218412583114281134e-03
1.728932891765899704e-03
1.179819884248978212e-03
1.230298858210798763e-03
1.057504594065727943e-03
1.086934286767426983e-03
1.413625328427481342e-03
1.156140988389897650e-03
1.483118734857957755e-03
1.133527619405660936e-03
1.028947124464107965e-03
1.051196614196059365e-03
1.233499437370499940e-03
1.405774333595122272e-03
1.121476648165198320e-03
1.214769333092835524e-03
1.378602389676020223e-03
1.116667709757157567e-03
1.028947124464107965e-03
3.188337680141484221e-03
2.829685657224301210e-03
6.425331703343362122e-03
3.315139417139345568e-03
3.283707398810453704e-03
2.585380987210394998e-03
3.496983499353567559e-03
2.161720698207969527e-03
1.346357275069265391e-03
4.734232048617226241e-03
2.644835920783905614e-03
4.624034397833098886e-03
2.122288509300962467e-03
4.078430943530886310e-03
2.065524454273548471e-03
4.107659123824047853e-03
2.041550212046439050e-03
3.689744809512007784e-03
2.019525547463763004e-03
3.709527401837164895e-03
1.817081377334717196e-03
3.527099335135286395e-03
1.721573001123410940e-03
3.298416069283716112e-03
1.710605586066282768e-03
2.955988907699214074e-03
1.504709317338259744e-03
2.580204319872159147e-03
1.518130030121356278e-03
2.481517859307058593e-03
1.494422219503244165e-03
2.456769437360062369e-03
1.481973687814885920e-03
2.173827715058473942e-03
1.492312687243146918e-03
2.254352664105674364e-03
1.371497206652638745e-03
2.170861280017311046e-03
1.323283648200668239e-03
2.071943652238394940e-03
1.326961897802791945e-03
1.660728759702134738e-03
1.255266581712821683e-03
1.920082114747589941e-03
1.225113836351821028e-03
1.741941235419153244e-03
1.236412811955966973e-03
1.544446969310442341e-03
1.251314283209903344e-03
1.688975009566218155e-03
1.232857668227560488e-03
1.608624394798252588e-03
1.177992131186522684e-03
8.526969373897630433e-04
8.398596167368266308e-04
1.369294742802451559e-03
1.144430981976363171e-03
1.615240733730094469e-03
1.121171170306856091e-03
1.066593837138141154e-03
1.129273808523012512e-03
1.025598710636232980e-03
1.220109719152984162e-03
9.058297628148359593e-04
1.368721412231654888e-03
1.040894625350730074e-03
1.069082827006795355e-03
8.311051291629567572e-04
8.526511815817316986e-04
1.098088938397578929e-03
8.901987008899103770e-04
9.012649371044068047e-04
1.033943160910433257e-03
9.234752883041652538e-04
9.052314145110429422e-04
9.468013277876830003e-04
5.495105885087170350e-04
5.164768121852514327e-04
6.583479191063501546e-04
1.089691029458883520e-03
7.968939602773783548e-04
9.453584906615741801e-04
7.961139284204943323e-04
6.977408685430175339e-04
7.926493280818736054e-04
9.259072765996911869e-04
7.679320813240853028e-04
6.898788440292680235e-04
6.640272889467668804e-04
6.296871073799836793e-04
5.313356324317952684e-04
5.851741401144971988e-04
7.912061228169120497e-04
6.621886228793671947e-04
3.505126185922025073e-04
3.224738452172193348e-04
9.253330649524604823e-04
5.734698177173314093e-04
3.790197991049293336e-04
3.224738452172193348e-04
1.745705528361507497e-03
3.123652565077073007e-03
2.927225665509847197e-03
5.141038462118219243e-03
7.089286972029151812e-03
1.175134964619517497e-03
4.750881855397626197e-04
1.602300623661401247e-03
9.825360619354350789e-04
5.227623696551497723e-03
2.567560219596920490e-03
7.060884792787991415e-03
2.550442464882896054e-03
2.059917771589314661e-03
3.731390351812913231e-03
1.508602936469150002e-03
2.927858857773135703e-03
1.380036082491042926e-03
4.192992556838581741e-03
1.270485080509753395e-03
2.583322368026941263e-03
1.130900512517740708e-03
1.901127694365789544e-03
1.001874845254158153e-03
1.865707545166239711e-03
9.209515428967307571e-04
2.063379814141730328e-03
8.510753613409915985e-04
1.673417570419832856e-03
8.143451942921320352e-04
1.916616654375369322e-03
7.341670405114353315e-04
1.779781340341735074e-03
6.909866949509346767e-04
1.268763942664064004e-03
7.125690395765049701e-04
1.087734345414537174e-03
6.517359047176762843e-04
1.111431909447735400e-03
6.363835042352272708e-04
9.677267225469687872e-04
6.140507594285526949e-04
1.112814167033016055e-03
5.619072932432356282e-04
8.500731017077045593e-04
5.641067736291693890e-04
1.112303658334146128e-03
4.971957410077054718e-04
7.028505289423669922e-04
5.122399565359314622e-04
1.163760867119001396e-03
4.675253981694105221e-04
4.736431001653995665e-04
5.359019149431265561e-04
6.255140545098347715e-04
4.569227891622062998e-04
4.195208093012992023e-04
4.787233349697883611e-04
1.010524989562111564e-03
3.699195063999738409e-04
6.393398222058754854e-04
3.887037786611813317e-04
4.408931446230335283e-04
4.776022929424694752e-04
3.802258313262418810e-04
4.299870343426048791e-04
5.334548898000557315e-04
3.707330001235797923e-04
4.518195628038235157e-04
4.359057499179197492e-04
5.076921886181251509e-04
3.586624755833600631e-04
8.447033321700159192e-04
3.243266442479741940e-04
4.231584945558752864e-04
5.328265286675959445e-04
3.461287131155676988e-04
4.184075762913019858e-04
5.177715631702328736e-04
3.414761898944407292e-04
4.383334363905477815e-04
3.476558558237474728e-04
2.433061164013317068e-04
2.458634551277816271e-04
2.646472104727015662e-04
4.136140846249247716e-04
3.090579629163592301e-04
4.412477706405848465e-04
3.064209596711497952e-04
3.968639298213005873e-04
3.038807237980556408e-04
3.414081805753754750e-04
3.278155009666106068e-04
4.534744726724104780e-04
2.883401964485221569e-04
2.831600265402745009e-04
3.667556882155365017e-04
2.850924955467570854e-04
