8.514471577626636645e-03
9.195561205970759211e-03
1.000669322508596082e-02
7.884154062126502716e-03
7.106258384594998923e-03
6.553029531848109102e-03
5.670493615389959885e-03
5.444394456856294084e-03
5.875112001226701075e-03
5.029387808497487455e-03
5.781025141513129739e-03
5.997473787876517193e-03
5.258512506355672578e-03
4.699907167887373838e-03
4.428784832462229204e-03
5.057395729625158154e-03
4.781025678739503348e-03
4.221820769873652068e-03
3.959881329217762591e-03
3.514690361213546055e-03
2.978950578356509560e-03
2.841056878790881868e-03
2.691227877487434306e-03
1.711968518449680232e-03
1.342757365025537553e-03
3.223015963713327103e-03
2.098814449967845164e-03
9.913327978783303962e-04
1.028199020042808165e-03
1.328424962992014180e-03
1.231997160868858465e-03
1.172185664682467987e-03
2.041250393713611722e-03
9.684196151638069239e-04
1.060998150899883363e-03
9.455951155580288869e-04
1.119956667404720108e-03
9.285326351774481068e-04
1.080853347754984206e-03
9.255248906128166198e-04
9.473801540925697040e-04
9.266772340139617370e-04
