5.936875247790295296e-01
5.620401301285837814e-01
6.213877837461350140e-01
5.229144173399928874e-01
4.568311023971555196e-01
4.101256973934888084e-01
2.949155203859925578e-01
1.640156370371841366e-01
8.201271132204368541e-03
7.255438617486520414e-02
3.809882399440134293e-02
5.459787961133910628e-02
6.763598748894783519e-02
7.504965009551378685e-02
4.957394049932162261e-02
1.250508508366189320e-01
6.920561254219848024e-02
3.578448779445886352e-02
1.035496414193436410e-01
2.257430553868289280e-02
5.238624311860107241e-02
8.430488929348722849e-03
2.573803677029562476e-02
1.176423538242743483e-02
1.242904415299184162e-02
6.030887169882426235e-03
2.125593929860292164e-02
4.830961167598957218e-04
2.772761642603538412e-03
9.621856555467767080e-03
2.246870702567349554e-03
4.469510372736129611e-03
9.331065948721128933e-04
3.712844959413041934e-03
7.757787037285801546e-04
1.221065761371598057e-03
3.919537306901199614e-04
1.659153037783189788e-03
1.701809488781069746e-04
