9.674566088432686728e-01
9.682137597110601623e-01
9.692386622625317472e-01
9.567275561120170968e-01
9.642938964050348227e-01
9.630555380618726069e-01
9.686709222064188163e-01
9.687342519934861729e-01
9.683497434956945815e-01
9.655877303766290387e-01
9.608563801469272025e-01
9.505646093462986057e-01
9.452465757888381948e-01
9.508804966197502706e-01
9.439365316278991447e-01
9.384392818150140148e-01
9.373921046938987756e-01
9.310603221421859255e-01
9.327933527390122048e-01
9.234586366344108566e-01
9.155214350513423138e-01
9.097312615619661536e-01
8.993791508568667048e-01
8.946558356963750791e-01
8.820984828617819407e-01
8.818713421401387365e-01
8.686023826870492570e-01
8.667274427387232638e-01
8.519882222234169689e-01
8.489592777199457263e-01
8.325344245464524340e-01
8.290943374953382294e-01
8.109150470488796225e-01
8.044317896343543550e-01
7.841647218232240535e-01
7.568238745412165791e-01
7.279677577382805964e-01
7.306895479172067498e-01
7.075269334582980907e-01
6.787381153603302408e-01
6.775596341319036764e-01
6.483607416800908352e-01
6.312559109900057752e-01
5.969256195549561550e-01
5.867674067993728926e-01
5.505474103996499391e-01
5.425236248264048156e-01
5.064996225590654433e-01
4.897211089052089239e-01
4.517889610794815214e-01
4.269732142390546548e-01
3.833536173471414621e-01
4.062447933207399275e-01
3.504544666961966204e-01
3.175658098431068943e-01
3.059041460962085290e-01
2.737560686998189441e-01
2.470009575874096974e-01
2.144525908882158882e-01
2.497954388672489756e-01
2.212957990078815440e-01
1.771850678030058024e-01
1.640344358557198623e-01
1.607857180385212637e-01
1.537913884165736933e-01
1.867892549828275017e-01
2.696511654962032711e-01
1.981996280863713711e-01
2.434485801992841703e-01
1.833341336231315566e-01
1.446415200893771402e-01
1.481814579353598615e-01
2.429190430454807315e-01
1.982660945358026838e-01
1.063987436398374786e-01
9.811185142006750848e-02
1.805023108025024525e-01
2.399786709589568634e-01
1.635996346338789431e-01
1.365741688917847529e-01
9.072087363460368259e-02
8.376626485493654517e-02
1.678974058795118518e-01
1.628357722052534706e-01
2.445612441392274183e-01
1.375390776897623679e-01
7.364158114576146996e-02
6.438506833055235301e-02
8.316067015999295542e-02
1.609491865919373543e-01
1.302115784180826186e-01
5.229584921244945228e-02
4.498119919838150516e-02
4.930428905758565961e-02
4.568134205525342662e-02
6.758315705173190135e-02
4.558349649349036081e-02
1.766158167431997050e-02
1.546636589173389087e-02
2.450149411509006114e-02
1.703730662573077481e-02
1.066986276276661316e-01
4.245049821726276651e-02
4.077276774437255114e-03
4.173079293252168753e-03
4.843939410987929683e-03
1.621328940043131883e-02
4.984351010396970150e-02
2.602006364487963186e-02
1.189313253595192243e-02
3.272813655101436403e-02
1.732364206409620078e-02
1.440575898304996549e-02
3.786358409353962617e-02
1.223908155225994498e-02
1.888853500317322354e-02
9.888118979784810136e-03
1.816739435267411551e-02
9.710293144597037518e-03
2.763279377143246229e-02
8.573826953251928451e-03
1.719353530861100765e-02
9.013772891312443747e-03
2.270971522770526274e-02
7.816222067171141319e-03
1.976802867482296833e-02
6.980042189788426832e-03
1.261464164818071332e-02
7.441632856898583448e-03
1.034249622610927677e-02
6.468845838415560046e-03
9.498911606938165164e-03
6.292542735108042073e-03
1.458508326938079414e-02
5.608231574637190242e-03
8.661066070500766934e-03
5.871748964993983577e-03
8.180072109235769773e-03
5.448487065590423839e-03
1.077556854270333986e-02
5.048433332247803662e-03
7.440539381325494972e-03
5.065636496402459166e-03
9.829499713433276220e-03
4.578499572395977602e-03
5.997160547453361801e-03
4.609434394605149699e-03
7.700600080990827045e-03
4.430155883085151736e-03
5.773368379123233751e-03
4.442760511726207007e-03
7.282919455894321104e-03
4.215068788239406672e-03
5.900843539936695414e-03
4.133778155531842025e-03
5.583033279565219331e-03
4.154210361589916189e-03
6.417848434786876943e-03
3.969416816856363717e-03
4.314851926575546948e-03
5.610760991936469821e-03
3.878784182072547715e-03
5.406364127572116374e-03
3.827006464054316659e-03
4.368542186233725921e-03
3.863883178441551713e-03
5.098292821947514319e-03
3.779514761036550929e-03
4.974735573025523827e-03
3.735036342907172013e-03
4.187209661850932463e-03
3.770986300372869415e-03
4.629711079252030181e-03
3.720640414179632316e-03
3.898485625955516731e-03
4.459851722435792531e-03
3.635066411661336261e-03
4.146396943199182061e-03
3.624933535163687992e-03
3.998031224509035475e-03
3.625581123879673129e-03
4.071112084580885693e-03
3.610726319829393738e-03
4.254723595566112238e-03
3.576661437060368876e-03
3.779750223701250356e-03
3.590731480851983015e-03
3.873457590647277904e-03
3.577011711962341245e-03
3.686227850434820041e-03
3.788097123577860437e-03
3.553017759521881480e-03
3.746938828179890990e-03
3.537411597102746441e-03
3.927157784705315180e-03
3.493823866827838742e-03
3.645441120494696818e-03
3.513071056559624594e-03
3.903897631365005338e-03
3.491298150598010075e-03
3.597177941846885219e-03
3.500394405947071519e-03
3.664945152502041559e-03
3.491920917130686419e-03
3.708117683542955234e-03
3.481004974367651883e-03
3.634631380674768764e-03
3.487089064031279051e-03
3.480253019044532437e-03
3.529894288334167740e-03
3.634992130129188759e-03
3.461285028773519734e-03
3.564837130233700080e-03
3.453813855439080704e-03
3.528337363119415926e-03
3.449872970504475056e-03
3.585319725947777592e-03
3.441523705558169333e-03
3.499405775367669946e-03
3.447945581662503756e-03
3.546832829143364840e-03
3.443488368752634088e-03
3.510594836262592722e-03
3.444292036258844725e-03
3.444738337047059673e-03
3.586105055433552735e-03
3.432163335322258035e-03
3.519978546861923796e-03
3.427703019742489587e-03
3.525334968587090501e-03
3.423423924458712797e-03
3.415581480442186901e-03
3.426197199595693021e-03
3.417576948282929905e-03
3.516276281572805473e-03
3.415728280140917228e-03
3.416712932718057871e-03
3.429525746317496626e-03
3.491216806568719910e-03
3.413957181107485361e-03
3.439096890427650877e-03
3.413274485253303681e-03
3.436842846228360671e-03
3.411951199934759593e-03
3.406926747875349548e-03
3.416210372695904773e-03
3.385279814507757834e-03
3.386875412921486195e-03
3.449591978969768213e-03
3.400825027455756100e-03
3.385279814507757834e-03
4.154916651012641182e-03
6.145812580233389610e-03
4.900629394820055218e-03
8.162500694732455209e-03
5.693925785330899991e-03
6.291196000678400679e-03
3.964808086002413745e-03
3.607883695692426507e-03
9.859760143503648600e-03
5.481327426874016417e-03
8.058270750814111594e-03
4.588905081789440565e-03
7.643468466308811493e-03
4.545620904104152871e-03
6.330457591507854254e-03
4.410098276369400772e-03
6.327664367156593528e-03
4.293033832586834464e-03
5.584969753718582730e-03
4.032848941274980170e-03
5.423028964593457069e-03
3.874402418593492214e-03
5.270836855542193611e-03
3.864999023442172721e-03
4.608033338350248087e-03
3.847161902882811901e-03
4.588660697215307671e-03
3.783305084105292870e-03
4.238528059555379812e-03
3.736389886800473015e-03
4.346469641280825691e-03
3.656867763579541020e-03
4.420922027742024696e-03
3.614071668876062127e-03
4.242425492444801272e-03
3.579964094084786552e-03
4.268070067176998883e-03
3.573699897499893474e-03
3.847339174918085192e-03
3.599838234449648233e-03
3.865775102657620366e-03
3.562086348889770271e-03
3.692147880409168970e-03
3.518390886275590823e-03
3.815503762216398975e-03
3.492207315683559798e-03
3.655681900075813395e-03
3.482348483535013806e-03
3.637679376148228449e-03
3.479291655273053507e-03
3.716901866995803161e-03
3.468257447150957518e-03
3.525077894651618138e-03
3.585443451486591826e-03
3.461371913349720053e-03
3.669465587563314202e-03
3.447809184070615984e-03
3.617500370056148107e-03
3.431782828378082684e-03
3.656221520378366563e-03
3.424940766731054964e-03
3.502713581827854306e-03
3.423812914865376200e-03
3.555092898701928128e-03
3.413769498677110548e-03
3.547253981257325606e-03
3.412838050443123272e-03
3.511599831939160588e-03
3.409888734703825364e-03
3.458885934948141561e-03
3.408728657955606423e-03
3.464027073538655799e-03
3.402135983986975809e-03
3.510237547531436242e-03
3.389371471226421129e-03
3.514844354253865433e-03
3.385600212275630128e-03
3.491343249515277414e-03
3.387434789037357952e-03
3.483641640906642856e-03
3.382910231895519537e-03
3.390516915166341683e-03
3.393222252747296608e-03
3.480892726920203906e-03
3.378446867532525211e-03
3.435704077812462565e-03
3.378860725553156641e-03
3.397401748265527210e-03
3.377220069204156516e-03
3.378184701910758037e-03
3.412011852754859298e-03
3.373113006649441914e-03
3.375159523946069662e-03
3.422466779885224852e-03
3.369538288616746868e-03
3.362341156972759038e-03
3.367210818668753269e-03
3.371913538502191443e-03
3.372534129277293680e-03
3.360221481917835540e-03
3.365524378445949871e-03
3.350405226945296633e-03
3.353070430382798506e-03
3.372585751414192146e-03
3.368405098908344719e-03
3.389800014261035166e-03
3.359782529796184747e-03
3.398148584432991726e-03
3.358865265118082810e-03
3.354975570166174315e-03
3.410021018143583049e-03
3.356593254267625781e-03
3.348859343362153851e-03
3.352486870989879186e-03
3.365095369305848294e-03
3.355045701258885238e-03
3.381060546992609162e-03
3.352467282097482126e-03
3.366619702270368109e-03
3.352567727222255378e-03
3.336522282001319617e-03
3.335079111532412988e-03
3.364550926957199373e-03
3.350462249018471006e-03
3.347382636344709006e-03
3.355774977138348270e-03
3.348525654950140762e-03
3.346995935451957394e-03
3.336854454067172959e-03
3.335495461015969276e-03
3.340982707671025231e-03
3.333973590131766862e-03
3.335223641916851278e-03
3.344195136295580184e-03
3.329359827396238813e-03
3.329841804239896952e-03
3.334574001090495621e-03
3.327860538762772435e-03
3.329494011033662382e-03
3.336014748051008283e-03
3.346346243150999378e-03
3.333817247662462790e-03
3.321345396465891220e-03
3.320311030583389389e-03
3.336856170343516226e-03
3.330836959751670712e-03
3.321723742835125393e-03
3.317984632705051062e-03
3.317337633693684396e-03
3.333352855857452113e-03
3.325260577589861377e-03
3.308644526705650790e-03
3.306061159249695791e-03
3.319528572522378873e-03
3.308276091139150665e-03
3.322379549025589185e-03
3.301401529015035585e-03
3.299474132887891820e-03
3.324470740253882006e-03
3.316835074559709717e-03
3.327908354534447888e-03
3.315441533825902454e-03
3.304086314363963162e-03
3.299494547048698045e-03
3.298098433057061740e-03
3.297732945792386516e-03
3.292151701642764827e-03
3.290629277251433393e-03
3.296163023974396644e-03
3.290174099570664090e-03
3.290629890687402082e-03
3.287179115977090227e-03
3.286721519309865336e-03
3.276975475068111265e-03
3.273727069223020258e-03
3.279670105765686294e-03
3.289981640902328586e-03
3.269975456686613491e-03
3.267030755421451715e-03
3.268026607186169663e-03
3.265744555442040564e-03
3.264556343090641022e-03
3.273703183086729140e-03
3.259004949311194999e-03
3.257323419457613944e-03
3.254749221464514619e-03
3.253631672486601012e-03
3.254791643688692560e-03
3.242227799258867726e-03
3.238905605739805793e-03
3.235496820071959156e-03
3.231150111656644341e-03
3.246074480557692432e-03
3.228317742887121256e-03
3.224630879902656844e-03
3.225763045719975963e-03
3.217957946079486042e-03
3.215106402582157408e-03
3.223188314586900027e-03
3.225931846275398307e-03
3.197800642056880527e-03
3.192524436241295227e-03
3.201244378329026752e-03
3.190332391175165760e-03
3.186220656252514161e-03
3.190194582510796906e-03
3.198083377115357173e-03
3.183709187253747075e-03
3.182346015840664677e-03
3.162011661632324611e-03
3.155218846360274831e-03
3.179897562069822214e-03
3.150377476967447521e-03
3.144560007667052126e-03
3.151024680688507829e-03
3.158363115557394352e-03
3.137153340928455769e-03
3.132281132684822111e-03
3.127724604523263174e-03
3.122767993050112878e-03
3.127634348456420632e-03
3.108928727241777601e-03
3.103528182019421600e-03
3.115032282911323058e-03
3.119173885417936276e-03
3.087693131363367094e-03
3.080822719003672994e-03
3.077282833514827232e-03
3.070458478381055123e-03
3.065125830033488263e-03
3.057685065691706505e-03
3.074651931336824795e-03
3.086310436513861610e-03
3.058575156303033893e-03
3.048777047329309653e-03
3.046274321266251306e-03
3.037521557486821955e-03
3.034886606074427284e-03
3.014261334058132569e-03
3.006122797145849290e-03
3.053167046888183300e-03
3.009091509684536092e-03
3.017311216728324474e-03
2.994116413019720646e-03
2.988627047494141209e-03
3.035928648454588874e-03
2.996307176980295139e-03
2.983850325574022300e-03
2.981909437316021538e-03
2.981909437316021538e-03
4.493251486181848442e-03
4.988237809707252168e-03
6.315796971710918584e-03
5.828059572129173915e-03
7.751813572664412177e-03
3.393474012911901205e-03
5.435930606555561262e-03
3.663371161073625260e-03
5.836357153545024268e-03
8.148046477029491363e-03
4.368603480920829618e-03
7.287291211263702273e-03
4.183694477480681684e-03
6.450335812517860035e-03
4.255310372269005548e-03
7.245717327121314888e-03
3.976376332683662085e-03
5.757721156446571342e-03
3.856384629497000560e-03
5.427344975681092087e-03
3.599818623139849905e-03
5.379645703385449451e-03
3.541039996590944483e-03
4.313250886932684658e-03
3.572490630223579267e-03
4.835665808245681596e-03
3.484912673002105166e-03
5.183001203923565114e-03
3.347751406825749676e-03
4.110697074656166627e-03
3.374266906086109685e-03
3.492230746851898715e-03
3.721890826485441117e-03
3.251883868815474976e-03
4.001019149839635247e-03
3.214271829154347060e-03
3.960464454664247569e-03
3.200942398846162718e-03
3.614351249763059215e-03
3.204241091605219971e-03
3.554204212411926633e-03
3.203807609222675268e-03
3.649482085038013857e-03
3.145109442765137153e-03
3.784296579012691453e-03
3.124844717311892062e-03
3.367253864189456714e-03
3.145516855890040375e-03
3.271816642700708933e-03
3.098998314218337491e-03
3.425296888453277511e-03
3.065487685331991230e-03
3.234125328841264135e-03
3.076253864473410538e-03
3.245922866911166160e-03
3.074347590098835958e-03
3.367316033363709771e-03
3.062339608875030983e-03
3.196709563784705388e-03
3.046639928554140120e-03
3.235961017571509224e-03
3.042879945607035452e-03
3.291698518372854210e-03
3.027536105955852541e-03
3.094107283422853349e-03
3.026750692012414312e-03
3.166595951312078938e-03
3.010967183600166130e-03
3.196772770852174261e-03
3.007751160308602678e-03
3.077264898075138255e-03
3.013225063630553535e-03
3.075760774416957943e-03
3.011332623034101985e-03
3.147257590296770324e-03
2.996798174419779137e-03
3.061993456602962738e-03
3.002120648363582056e-03
3.020072266771034464e-03
3.075900840929346458e-03
2.991672550034629730e-03
3.016970147670217095e-03
2.990806308954097048e-03
3.027189812542796510e-03
2.988016352579614399e-03
3.023897247281803757e-03
2.987180830762103945e-03
3.046929588042313064e-03
2.985074465369108587e-03
3.051678770286558873e-03
2.983041471153136115e-03
3.013689480801384768e-03
2.983252317152240707e-03
3.036912554809090281e-03
2.978439894085416206e-03
2.983917377052502928e-03
3.011457794435234980e-03
2.976975429613948343e-03
3.005053295813575609e-03
2.976040441900362765e-03
3.011271549206662179e-03
2.975130369434864086e-03
2.994047175353897750e-03
2.975501656444667908e-03
2.984290241833664759e-03
2.975663152499530284e-03
2.994512114947389669e-03
2.974426074099589812e-03
2.986457559171817877e-03
2.974993294994621174e-03
2.962744469436118244e-03
2.963130569015093307e-03
2.979063161837158802e-03
2.971923392861786084e-03
2.983366018824318289e-03
2.970736397505113757e-03
2.981967387015838078e-03
2.970346973895199305e-03
2.973587767652663416e-03
2.978098676366780495e-03
2.970253202874806320e-03
2.970567712274552186e-03
2.975106409814909370e-03
2.969933650107781098e-03
2.971750330320155342e-03
2.979632712984070508e-03
2.968614324565521656e-03
2.966702993729586346e-03
2.978202367912574644e-03
2.967429895427531328e-03
2.967653820954763155e-03
2.972834053654782593e-03
2.967058655064969130e-03
2.970727628719527225e-03
2.967101853570186520e-03
2.964783778275692505e-03
2.966208046550899979e-03
2.963684568575430944e-03
2.970076083692818614e-03
2.964827939543557278e-03
2.969760641488461417e-03
2.964733477757719449e-03
2.961767063763609542e-03
2.962236548273211589e-03
2.964714484055774868e-03
2.965801878621610044e-03
2.969036064883523451e-03
2.963617322143119459e-03
2.966086343946905401e-03
2.963639645082394303e-03
2.963528177942320596e-03
2.967417105090630614e-03
2.962886164372457998e-03
2.962638313316445782e-03
2.961767063763609542e-03
3.001874594951936537e-03
4.967706205280530973e-03
5.467372685723059789e-03
5.216794313059436305e-03
4.460074971097571783e-03
7.614126640547169700e-03
5.623294598384842580e-03
3.630815220730831960e-03
1.191100214989193606e-02
4.796998426812359995e-03
8.561032045991345818e-03
4.007930456791930496e-03
4.571688792451178429e-03
5.193320105282284160e-03
4.011380419238319561e-03
6.088547794143583936e-03
3.805589867642011903e-03
4.907928120243543191e-03
3.813176793559969191e-03
5.550009426233071252e-03
3.639334209756928118e-03
5.675033797210904396e-03
3.571081696499667224e-03
3.941251824310043617e-03
5.179740291695766885e-03
3.357087914545697771e-03
3.819173009511178662e-03
3.352023511057122818e-03
4.070209051031059566e-03
3.335720708380618404e-03
4.197881113045087709e-03
3.319043879619454351e-03
3.943313124062930441e-03
3.251988440746367282e-03
4.115501677362076727e-03
3.232166919493351109e-03
4.023308715165097027e-03
3.209861612444520063e-03
3.338569550677461528e-03
3.818588691704261073e-03
3.105025018426132988e-03
3.284074770300238200e-03
3.403267576846280562e-03
3.128620477989674242e-03
3.500358848984364002e-03
3.110444404423096110e-03
3.389210149262522620e-03
3.101134317644360650e-03
3.366307181403738191e-03
3.085232779810098691e-03
3.407961419199412312e-03
3.070649896781518784e-03
3.375832896904684688e-03
3.061819443602065149e-03
3.131539454141019085e-03
3.037043220086022011e-03
3.196249688647179177e-03
3.021157908616678434e-03
3.130604003595771623e-03
3.023820146886291305e-03
3.147341353758492666e-03
3.020033525441223610e-03
3.125144171624905098e-03
3.012962163785770642e-03
3.139968714195418009e-03
3.003628620053655496e-03
3.130375850807443072e-03
2.999809195329050659e-03
3.036661077386759722e-03
2.993607512276175164e-03
3.097771878342148177e-03
2.981386328385515760e-03
3.040118784092715742e-03
2.984866398241470264e-03
3.110367690997373202e-03
2.978554561231527842e-03
3.050330612020313303e-03
2.979971487036769950e-03
2.992200990749593892e-03
3.064734106487443377e-03
2.972027730240300869e-03
2.991938369876434578e-03
3.052882433674630747e-03
2.968475451458063574e-03
2.982205258634684775e-03
2.998142067821896184e-03
2.971620431920896088e-03
3.018036975321436444e-03
2.966127874816648635e-03
2.987080817483112050e-03
2.967320549308705147e-03
2.988574406944333184e-03
2.966727235596988699e-03
2.976737876174695430e-03
2.978474495611505013e-03
2.965703218954507392e-03
2.985867016529475393e-03
2.964088536860254308e-03
2.986272063065675830e-03
2.961441353103611007e-03
2.995668499040982091e-03
2.960506776586879774e-03
2.966986184698927609e-03
2.980723347076996710e-03
2.959401959771512658e-03
2.968269148371005528e-03
2.960307410268758765e-03
2.969828803194740630e-03
2.960009710812228079e-03
2.968436325076484472e-03
2.959781386163262695e-03
2.975594777213985687e-03
2.958936442665982547e-03
2.968092898393615009e-03
2.958702371782195861e-03
2.949904844301798335e-03
2.949501005513166518e-03
2.970582653226583325e-03
2.956257599533662628e-03
2.961015115601095538e-03
2.956566245654990155e-03
2.958632054160248437e-03
2.966284122367657261e-03
2.955749756352377133e-03
2.957372603251462451e-03
2.956740470510199614e-03
2.952712932010603808e-03
2.956107596765900070e-03
2.962819376633785140e-03
2.954483805809537955e-03
2.954966636986466888e-03
2.956509942671492475e-03
2.952358223156426043e-03
2.957766881764412048e-03
2.953307734503862747e-03
2.950358836408262242e-03
2.959554234538086526e-03
2.952596130911366856e-03
2.951533941126460725e-03
2.957222227763622868e-03
2.951917449412366778e-03
2.950991872680996941e-03
2.950988024245093655e-03
2.951970727419372942e-03
2.950926435605905063e-03
