4.785086816692400991e-01
4.629041227510929390e-01
4.707071691300256377e-01
4.541908262937268681e-01
4.406798444666525372e-01
4.320779004109943644e-01
4.106777547027548048e-01
3.835611584370357541e-01
3.370477093166178717e-01
3.015023636170066634e-01
2.245224718540516085e-01
1.446002480549836156e-01
3.465909143474388276e-02
1.429882827769279885e-02
2.628200529033763999e-02
2.701015233189651976e-02
1.083055360412599200e-01
1.400209660592666161e-02
1.182973352124881972e-01
1.686133357130192856e-02
3.402751157987504715e-02
2.147611440808305794e-02
1.415384976979416898e-02
2.141221531897086194e-02
4.764508416676638269e-03
3.414804888096545366e-02
4.959944062718935065e-03
3.427145918463470053e-02
5.961266596253400607e-03
1.832737854019439450e-02
8.898752471377946449e-04
1.069633871274122683e-03
6.046980702139714836e-03
1.808052568143647676e-03
3.599844550755015860e-03
3.925341706815244081e-04
5.792809451078406724e-04
1.901756494003925546e-03
2.078133099780998805e-04
3.889218815431583209e-04
9.808021232586838778e-04
4.523474475148780982e-05
2.312800669592718350e-04
7.399114780459736807e-05
3.283156138997878060e-04
7.456688049489734738e-05
1.934978083103500168e-04
7.747144519898441217e-06
3.515980416635144934e-05
8.882704369828076096e-05
1.167015460812326211e-05
4.057212489438910552e-05
1.687822145401973728e-05
2.098682036522081518e-05
7.574868627679975930e-06
2.681487925659808980e-05
1.918830677016813979e-06
2.669665779664320837e-06
1.208065849744865972e-05
2.693479293158773658e-06
7.134287713372877704e-06
2.446604385752948474e-07
5.967279730345609323e-07
2.924323495800962291e-06
7.060101563372001010e-07
1.715566985360794661e-06
1.001078722140391619e-07
8.060381885277578817e-07
3.932815666463085336e-07
3.081681873018382589e-07
9.600695793920976939e-08
4.565526945388143076e-07
8.697885878206079724e-08
