3.052110921356108175e-01
3.030990434671277933e-01
3.042394495810624155e-01
3.047868839577942968e-01
3.060762542004838993e-01
3.057294937955030711e-01
3.058983141753408574e-01
3.051132295972094344e-01
3.055906446678795518e-01
3.038791241555561795e-01
3.034691189861370431e-01
3.033440355244807485e-01
3.029330640673892905e-01
3.026600004020241208e-01
3.025691740536853303e-01
3.023063656064987059e-01
3.022741191239921577e-01
3.020174925368301899e-01
3.018822159484733092e-01
3.016410126956085014e-01
3.014119503707720638e-01
3.011379606788737728e-01
3.014193657946371285e-01
3.011026086410117930e-01
3.009041946815576019e-01
3.011848278802821133e-01
3.007599382497051499e-01
3.006270417327103761e-01
2.998554601170541067e-01
2.995209944241022937e-01
3.004626990159412481e-01
3.003389054966297822e-01
3.003244487643597083e-01
3.001322165043390777e-01
2.998859276871717050e-01
2.993751960189200423e-01
2.991913108176808000e-01
3.003171699569195940e-01
3.001357052327263686e-01
2.996731074464893396e-01
2.994302217461578541e-01
2.992812253550218848e-01
2.988494501520942981e-01
2.986804849712878518e-01
2.986026738255672663e-01
2.984320345178190781e-01
2.986968854381855110e-01
2.977274028715978238e-01
2.974002466495971886e-01
2.974411227298667804e-01
2.976468852095993656e-01
2.982837859779705614e-01
2.970423530957921887e-01
2.967897658442916198e-01
2.968149292908586201e-01
2.958309867766877321e-01
2.953894849141851520e-01
2.961023614440569940e-01
2.955007032965391023e-01
2.947263210366728448e-01
2.942649641379511127e-01
2.955641371599362355e-01
2.943799826409949638e-01
2.937411617342974290e-01
2.932941399609457767e-01
2.928767572511238315e-01
2.923415144992634884e-01
2.925649981728121185e-01
2.913419724194118432e-01
2.906543240090802005e-01
2.917238461164820551e-01
2.918908923598064753e-01
2.901168033764056631e-01
2.895106677987207000e-01
2.884113635002929499e-01
2.875233665532100913e-01
2.881935649889671991e-01
2.871182953680787575e-01
2.863165899311641560e-01
2.863309736709165332e-01
2.857543867897754941e-01
2.849588157946154610e-01
2.844843963271422860e-01
2.835993167266330772e-01
2.838941629214212226e-01
2.817947627633601293e-01
2.807447529475869397e-01
2.799476999748300443e-01
2.786809303012908190e-01
2.794604975911174627e-01
2.781179405654878867e-01
2.769283470323289365e-01
2.764906594948093321e-01
2.752194298848817944e-01
2.755806817938419861e-01
2.728792094713422545e-01
2.713529465277206842e-01
2.712339663533330780e-01
2.696934982571398409e-01
2.699196326438449978e-01
2.671523004709471794e-01
2.655642713139171329e-01
2.679729023234970198e-01
2.649391213363169184e-01
2.634215362195816423e-01
2.621943414523101312e-01
2.604871281554540507e-01
2.605172294267752431e-01
2.584877368150181320e-01
2.567599122600202621e-01
2.550336984994073797e-01
2.531187409936157540e-01
2.553770643678048291e-01
2.559294422920131984e-01
2.520717229846285434e-01
2.510278242551180483e-01
2.486322927559618812e-01
2.469869352155505959e-01
2.471662282220000728e-01
2.479252758354866248e-01
2.461710739852832619e-01
2.456993667327798114e-01
2.464758519503875700e-01
2.484953559342263363e-01
2.431332858150428988e-01
2.425924766124708531e-01
2.445494351175406811e-01
2.482490237087051632e-01
2.438646814951903607e-01
2.430097185709310104e-01
2.492830177424741889e-01
2.462190384596143478e-01
2.425129958152468790e-01
2.422674657427447142e-01
2.438463311671084099e-01
2.469444106770413150e-01
2.455342744154711543e-01
2.418886480752692192e-01
2.416239095822575456e-01
2.417702221195517920e-01
2.411229256422158240e-01
2.408713530699094774e-01
2.420278824357067204e-01
2.415896821616482226e-01
2.410600426504753147e-01
2.442222190939200566e-01
2.425665264509268004e-01
2.406470501029845943e-01
2.405451795648061442e-01
2.406014761660184575e-01
2.421381147384020771e-01
2.408194473026783466e-01
2.416462631399354244e-01
2.405013206723304320e-01
2.405308582965440811e-01
2.400180039028818602e-01
2.399265985003525836e-01
2.410378562959284432e-01
2.406315428894210129e-01
2.397864530149457218e-01
2.397243522221617074e-01
2.399598307895572935e-01
2.407751926560924849e-01
2.399714925364925255e-01
2.405626641036732183e-01
2.405211319851265905e-01
2.414209035645704660e-01
2.401991997836576687e-01
2.396079682077225659e-01
2.395721305385266620e-01
2.407846170236765948e-01
2.401740899662643258e-01
2.397430917052059129e-01
2.402532571892455060e-01
2.396475215846148865e-01
2.406701301906503110e-01
2.399123273344707652e-01
2.400052013111504401e-01
2.397508071237102190e-01
2.404394385196163553e-01
2.397696119428592842e-01
2.398803009373302597e-01
2.393916562860481934e-01
2.393873307855665100e-01
2.393316533707926519e-01
2.393236961228847326e-01
2.397955115102510248e-01
2.402808730626533329e-01
2.396283755961331474e-01
2.398502469436699647e-01
2.396161154619528277e-01
2.399991796289756563e-01
2.395912817314456156e-01
2.394866972018429019e-01
2.395673947485240651e-01
2.392390800027340836e-01
2.392228476840746465e-01
2.396935439120781997e-01
2.394976724010966507e-01
2.393811888921139053e-01
2.395514203399123909e-01
2.392421141293215037e-01
2.393475929719839357e-01
2.396666824403980156e-01
2.394090834598500139e-01
2.398595663669595979e-01
2.393836981861957591e-01
2.391802426559418437e-01
2.391720492658178099e-01
2.394311258449822732e-01
2.393219804174778753e-01
2.391720492658178099e-01
2.391811509369985433e-01
2.391706367720410897e-01
2.391711496064411469e-01
2.391714324906273337e-01
2.391747321663706405e-01
2.391780482209446834e-01
2.391696268025904626e-01
2.391768906775296744e-01
2.400794354871140790e-01
2.407914487493191258e-01
2.395325665878640375e-01
2.400309133568235831e-01
2.392926131142651958e-01
2.391696268025904626e-01
2.395316291302319600e-01
2.391710992653623968e-01
2.391717770584748104e-01
2.391700571500396943e-01
2.391725322409536947e-01
2.391712286120734055e-01
2.391710659766610458e-01
2.391677597549883849e-01
2.395496849942629902e-01
2.397271417457571552e-01
2.393207727396523543e-01
2.398494224303776567e-01
2.393009978257227832e-01
