5.936875247790299737e-01
5.466917861481963570e-01
6.014346603122437962e-01
5.367382159600504465e-01
4.976517969707680011e-01
4.341697317802890588e-01
3.338514741067778457e-01
2.708870511703763695e-01
1.249989814048193537e-01
9.008143295474724255e-03
6.966095798816485107e-02
7.478604725945214859e-02
3.481000378438636744e-02
7.294544854593221217e-02
7.379214760930863370e-02
7.438131567256478505e-02
5.720435736308226993e-02
5.097678215163736759e-02
1.418738740846563484e-01
2.605640677937226535e-02
6.119979649519224907e-02
1.372386496028465963e-02
3.548354441151091443e-02
1.274743211978468516e-02
3.188605566362956445e-02
9.824141662280183596e-04
5.072799783444326138e-03
1.589924876155912603e-02
3.106769182715352073e-03
6.997596038640363503e-03
1.971607728649349411e-03
6.180216948286521017e-03
8.306657730301481024e-04
1.802081591798287974e-03
8.670763355000943307e-04
2.661171936391593107e-03
6.434855540560224796e-05
1.013948629806638024e-04
1.001022799628770166e-03
3.745326843749285928e-04
5.413135981542360753e-04
1.460182531674014683e-04
3.119051376225812078e-04
3.164917476627948645e-05
6.834557708423893985e-05
2.605934498434159252e-05
1.220500088725540166e-04
1.772438137837006877e-05
2.346323531965399667e-05
6.720493798251236939e-05
2.749409111268974470e-06
8.355375906266004904e-06
2.888343741558330180e-05
6.070893371679098038e-06
1.180167267034182288e-05
3.367725324832093747e-06
1.220387059697181087e-05
1.499824033079910635e-06
