2.146784277073126024e-01
1.631105650281281516e-01
2.139708320280886422e-01
1.716294098625854581e-01
8.681382683657523636e-02
2.621462737335111814e-02
6.410664729672899131e-02
3.374917677239540614e-01
7.449341800166608962e-02
1.845809986940921688e-01
1.849143532521657640e-02
4.662598921490923587e-02
2.298549618166667585e-02
6.466526040617570636e-02
2.167415485459511792e-03
8.172339587303234509e-03
2.909146637915605016e-02
6.914817570930820168e-03
1.158749676616399604e-02
2.674420000843391598e-03
1.172890010698546259e-02
2.325184825939130562e-03
2.507940040806788673e-03
1.368685553245319042e-03
3.483985374941100943e-03
1.010305034491842946e-03
4.537310900598612307e-03
4.786984692221052384e-04
8.668123232660196464e-04
2.339781288713593810e-03
1.759265486842576109e-04
5.247923496727313619e-04
1.949755417482990083e-04
8.517486331769408281e-04
1.430298709480526398e-04
