9.674566088432686728e-01
9.601451689774321840e-01
9.693494996613476467e-01
9.651798286175122810e-01
9.589760486115940230e-01
9.595322752515272891e-01
9.687057528083911073e-01
9.688142618009866203e-01
9.658428395401368327e-01
9.711985934352539429e-01
9.596643090052942027e-01
9.587131162477863233e-01
9.570150725840074202e-01
9.504801436349119559e-01
9.465400030022679267e-01
9.375677655196614779e-01
9.303716994748619795e-01
9.388157058661257270e-01
9.351977175841228451e-01
9.290755986164574987e-01
9.231789388000739560e-01
9.306942220867699955e-01
9.173006676001629334e-01
9.100405391760093554e-01
9.080555337644307112e-01
9.001136875257937930e-01
8.901382811163975894e-01
8.790599539811537744e-01
8.704134657143067777e-01
8.563473501140566047e-01
8.688919667622830856e-01
8.637722139028238821e-01
8.503449143974050051e-01
8.384927344528936288e-01
8.297817344254674321e-01
8.150989182690770996e-01
8.037510705055260773e-01
7.864279803760366727e-01
7.742923372457450881e-01
7.530293277236594918e-01
7.596443438221853750e-01
7.343858229711526242e-01
7.119388982734771165e-01
7.242550266189806685e-01
7.028711212908314021e-01
6.819293354902268289e-01
6.636828069081013304e-01
6.384545191073213166e-01
6.297715387119398045e-01
6.045482995106832291e-01
5.860600750884692456e-01
5.557212580363959376e-01
5.606351553250952247e-01
5.344271085476801630e-01
5.049574500931752752e-01
5.102264562008016480e-01
4.682203755434516390e-01
4.391756511318788414e-01
4.375053615109519844e-01
4.097798096061855411e-01
3.995703682838093185e-01
3.752472456378673771e-01
3.556762317074424473e-01
3.292014588757533611e-01
3.404171186321653941e-01
2.886134747940787282e-01
2.592397988788418539e-01
2.785314932339789662e-01
2.554397283683321751e-01
2.407238036879330023e-01
2.361074330109781405e-01
2.235960042003859449e-01
2.689963799645099796e-01
2.322542903894503352e-01
2.291942056843007114e-01
1.866488181499966759e-01
1.820727095449355959e-01
1.870169381020689858e-01
2.143613571736944223e-01
2.557424555920312370e-01
1.388352358067563852e-01
1.257708946538603767e-01
3.470080572956540932e-01
2.162574015037704855e-01
2.370483747984035716e-01
1.637089390819821411e-01
2.625650336896205861e-01
2.068252756116255586e-01
1.308485913920692800e-01
1.182180396732402938e-01
1.084523749567321005e-01
1.157328325102887634e-01
1.860028439698633296e-01
1.075860546962845721e-01
1.048978315116444460e-01
1.522130223503318502e-01
7.440788832734157587e-02
6.458617511980735415e-02
1.350429114132085662e-01
5.130434577922238226e-02
4.231121138816540395e-02
4.231121138816540395e-02
4.238513435100932369e-02
2.675111054732370874e-02
2.867625793989236893e-02
3.943805778856579458e-02
3.277209477245368596e-02
4.767139147197574367e-02
4.823056800459823990e-02
4.559031803500102065e-02
3.868589939366207098e-02
4.077988032245627448e-02
2.644470760471107074e-02
2.468923489773378055e-02
2.980929352724404069e-02
2.428957152585009549e-02
2.290725045582642228e-02
2.267079734493737675e-02
2.173606298005226201e-02
2.197479349828845852e-02
1.544077234618002059e-02
1.365084694170837221e-02
1.874584435221826606e-02
1.281531822653536601e-02
1.137410953869288921e-02
1.461679157455553213e-02
1.038766805285373795e-02
9.332593936648758692e-03
1.372429919357243122e-02
8.733858572844810375e-03
8.141584627705422683e-03
6.602116705197946800e-03
5.883632501474389542e-03
1.516209387310574197e-02
6.273596661927172136e-03
7.164164038034548376e-03
1.779343636550279051e-02
1.134597699866812803e-02
1.129798021722949741e-02
6.181271428843282401e-03
8.880423520675639892e-03
1.023229876762254964e-02
7.464792434324074577e-03
1.037258158732057289e-02
8.020159428058004636e-03
1.192482903796676652e-02
7.884710273444617279e-03
1.023298868240107851e-02
7.536234937058461369e-03
1.062325519849594002e-02
7.237774805095464892e-03
8.334837828652408298e-03
7.020979590749543142e-03
7.765633126631588112e-03
7.973144195232206854e-03
6.886188241861601611e-03
8.156947587321217163e-03
6.804932604721369849e-03
7.586592970909578071e-03
6.721838785485156897e-03
9.057729710494344388e-03
6.557680219800188226e-03
7.507371116788785770e-03
6.559386607160488936e-03
7.166058430969290960e-03
6.541109767440045353e-03
6.153066999214251709e-03
6.554583462041629893e-03
7.676123785827493329e-03
6.239650539173524635e-03
6.484795368399076665e-03
6.895535985453227212e-03
6.156253827256819022e-03
5.999289786280170844e-03
6.772497638006358400e-03
6.133976287215681111e-03
5.450282973993969549e-03
5.461717893471607077e-03
7.086390580122947647e-03
6.011207753996217207e-03
5.018165407606356432e-03
4.894409727543846955e-03
5.736253197321072861e-03
5.665768419924166466e-03
5.198437933679245226e-03
6.077814264892733576e-03
5.028414094955913072e-03
6.008325205703601846e-03
5.420119983889692961e-03
6.602319180598281712e-03
5.512444818360884291e-03
4.547317718329391134e-03
4.479544783641764560e-03
5.030360551408263881e-03
5.681501128504073961e-03
5.271982141579201198e-03
4.448986447168512548e-03
4.421732137389500217e-03
4.498131176124076092e-03
4.071932761128049805e-03
4.000426393062528341e-03
4.000426393062528341e-03
5.037820165229578429e-03
4.347635656569481810e-03
5.879491245975421165e-03
3.879203769087680165e-03
8.948552370040108173e-03
4.929489424006172626e-03
4.435980878444545361e-03
4.553929511443288725e-03
7.015179832973506002e-03
8.576378891744340649e-03
6.130557419600890512e-03
6.939237705277045976e-03
5.379370415773632175e-03
5.051978505516085960e-03
8.246603535857599532e-03
4.607369612934841818e-03
6.328822019456836756e-03
4.506968333259253612e-03
6.256499388905156778e-03
4.332591810904617979e-03
3.259979715387273380e-03
3.247515806585998810e-03
4.982985200840506224e-03
4.266781791174567573e-03
5.298001576732325191e-03
4.057561789716834788e-03
4.009659358461981071e-03
3.713286982557018057e-03
4.718371081725347693e-03
3.944283838713480428e-03
4.198889705746222667e-03
4.638373237463189191e-03
3.884411629917039477e-03
3.753865949297163773e-03
4.675015913238822485e-03
3.776633656284222873e-03
3.615867860234378561e-03
4.281166380805334626e-03
3.682914951693372352e-03
3.052886260858977963e-03
3.019942870072123142e-03
3.541640148736147076e-03
3.268636542113512178e-03
3.200595275680395702e-03
3.789527352505706048e-03
3.449804317499305384e-03
3.032678882749162419e-03
4.490895493037827535e-03
3.315193460545984294e-03
2.552166373376185682e-03
2.471824071637263032e-03
3.633439061151433336e-03
3.271831184276541293e-03
3.138679275258349222e-03
2.512900854782840199e-03
3.074058837314042059e-03
2.769918572394503009e-03
2.560891249138164127e-03
2.239517117679890035e-03
2.186750815530102976e-03
2.755939457569467343e-03
2.673630786889646949e-03
2.931539147311368332e-03
2.700214071172823971e-03
1.825223509331785898e-03
1.720964327035390262e-03
2.356440031685225200e-03
2.234170138688096330e-03
3.123969819697203221e-03
2.425835688773858578e-03
2.747994419087684825e-03
2.426338798712568412e-03
2.466119026626412136e-03
2.009360638237644991e-03
2.006259474039984170e-03
1.676473636644804088e-03
1.617280478873550642e-03
1.840918696227156204e-03
2.494519855271160047e-03
2.148822134705130615e-03
1.533018998025159618e-03
1.494036403903664656e-03
2.301191962770676724e-03
2.033741835678837262e-03
1.496273130923153616e-03
1.256276717406024090e-03
1.175426198043560966e-03
1.394293550687986105e-03
1.634506627735232698e-03
1.195200984024147317e-03
1.459084712464031597e-03
9.885586352907926866e-04
9.386674131841576951e-04
9.696666956351407407e-04
1.227340702322887722e-03
1.008136870231712834e-03
7.830495853740071510e-04
7.431368246054725901e-04
6.069827973156360912e-04
5.466919189728303152e-04
5.466919189728303152e-04
1.777665662485605758e-03
4.620057475421934789e-03
2.533331201530208965e-03
4.733581169887424167e-03
2.687560033157065931e-03
1.829200388459906179e-03
2.297272411907691492e-03
6.942880697879960650e-04
3.453397135424474129e-04
9.442825422192657747e-03
2.255352211262162676e-03
2.316473125767326557e-03
3.837679711264807558e-03
1.469288303371896198e-03
2.349630745306030555e-03
1.374539083478176771e-03
2.868074102218010069e-03
1.320389291737500415e-03
2.684167456548092190e-03
1.325832634314960679e-03
3.570124937148033695e-03
1.232817446890410729e-03
1.745275188861916682e-03
2.970533159569299642e-03
1.011070540101410842e-03
1.708464297910272656e-03
1.070514626808294345e-03
2.270705385150617595e-03
8.936978550571073043e-04
1.399226349297122418e-03
9.148142389865387969e-04
1.581747780987186047e-03
8.698209506066145735e-04
1.405187164295274016e-03
8.801702117828824612e-04
1.817271088413230373e-03
7.976932426798644116e-04
9.620805886353389624e-04
1.419325889360001369e-03
7.015465302467882580e-04
1.030508599257129454e-03
7.074729665719203808e-04
1.034855435494308473e-03
6.795282268136082493e-04
8.892047449471363052e-04
6.751138849949711584e-04
8.924073038979463135e-04
6.695400645948534901e-04
9.465093660554479982e-04
6.585325318045898157e-04
9.902986221237419784e-04
6.146226342462757231e-04
1.015526037210223720e-03
5.618444563871838326e-04
7.755198820763586909e-04
5.797161546347018302e-04
6.270506258713171022e-04
4.966493135877270149e-04
7.109365361828157148e-04
5.566560463591274655e-04
5.728787203664875705e-04
6.447323631887380557e-04
5.382819435419960996e-04
7.959348022803514056e-04
5.163945075628006975e-04
4.692889339441563834e-04
4.696478053420882759e-04
6.837637785510608524e-04
4.827682521041376518e-04
4.135249464893853144e-04
4.951640785627597907e-04
3.344829648832536861e-04
3.376519094776542218e-04
3.552649563640652985e-04
4.656693574924819501e-04
2.601666265749091878e-04
2.524326341697413767e-04
4.216063497379796132e-04
2.715233330181643367e-04
4.560008873938370400e-04
2.013724384598569728e-04
1.973270048486464034e-04
4.719711016961669614e-04
3.616257241653153542e-04
5.078514738681150220e-04
3.525647942401732848e-04
3.197769587870435970e-04
2.509682094964382770e-04
3.432810183455758946e-04
3.873943332698415176e-04
2.914772810419519189e-04
6.503401618218607183e-04
2.678517920302603272e-04
1.448764945430891515e-04
1.294478761201256489e-04
3.033575049105063925e-04
2.041434877865233588e-04
