6.818697403517843814e-01
6.882404688736314391e-01
6.976418647794027095e-01
6.648399631708484803e-01
6.363755329642601932e-01
6.194884764463954863e-01
5.623652251053961049e-01
4.746657683141554118e-01
3.153602655573259916e-01
1.926339094393803020e-01
3.960574955123385976e-02
1.638426448147551895e-01
5.819300709140029504e-02
1.706689822714715365e-01
1.681356182311259939e-01
1.707173040533325192e-01
1.216903025269160388e-01
1.253394553452813476e-01
8.539594132179195718e-03
1.321590099490311809e-01
7.554447329241686937e-02
5.393004229641640279e-02
1.766279834924400216e-02
7.168972068296819433e-02
1.409550773839263194e-02
2.252983381566742160e-02
7.261897210276258008e-03
3.088236500252150574e-02
3.226273413290625669e-03
4.494823128300184933e-03
1.472299942359289737e-02
1.669276622886628481e-03
2.941663535840355337e-03
7.901234079204066951e-03
4.681405645663438975e-04
1.739614096578412372e-03
5.707806740753440522e-04
2.696702683180340898e-03
5.736052970037874843e-04
1.609395352044407090e-03
2.681031946383249931e-05
1.284260387202085241e-04
6.244146541506401249e-04
1.952625953398623437e-04
3.510151860557364500e-04
5.875834811308600081e-05
1.611444350382296165e-04
5.634225432649131449e-05
1.420503934057570916e-04
8.561004500640123638e-06
3.829577102898440444e-05
1.454387259092193574e-05
4.989373290453791299e-05
7.646270595240700629e-06
1.356674041186334279e-05
6.572379731006883219e-06
2.277593991351078984e-05
7.162181623332486424e-07
1.865434722025938186e-06
9.136663169817538233e-06
2.647753491902271605e-06
5.206768420418228516e-06
6.847816068633605369e-07
