4.785086816692400991e-01
4.729000472377850040e-01
4.934153700483069338e-01
4.555316678789497198e-01
4.329966220793778353e-01
4.254787403626987263e-01
3.937926234207977938e-01
3.422927930856474177e-01
2.632467930300795844e-01
2.145530805626552073e-01
1.047189863856491376e-01
1.193323457809658539e-02
1.731287355875466005e-03
1.086281636128727524e-01
3.356426513317689597e-03
2.958698766835345939e-01
4.252906658324340228e-03
1.139128455028509679e-01
1.881323784632771279e-02
2.557219930638288119e-03
1.886480186921102309e-02
4.410132672037003765e-02
1.436515939545857101e-02
1.751095888671894141e-02
9.209335610050661813e-03
6.778068316774077395e-03
2.085461709120051133e-03
3.031685966218278239e-03
1.239202550753049081e-03
4.735889093249401327e-03
2.597886938253690658e-04
7.749442647397852824e-04
2.352469459637962501e-03
3.712851705179875950e-04
8.735142242219939845e-04
3.569265436300650407e-04
1.000111061914443766e-03
3.300416652551874108e-05
1.295165662089647896e-04
4.193274072910035954e-04
8.886717233980157005e-05
1.857574026080666130e-04
5.089412090408806932e-05
1.722721787082992506e-04
2.339059737888060653e-05
4.129149866816117509e-05
1.822494196690449542e-05
7.471735197428497344e-05
6.114547970392791854e-06
1.123239066291858990e-05
3.555573715674498203e-05
4.769575310481499741e-06
9.922374118120913522e-06
4.620110797048937457e-06
1.550335414401970979e-05
7.110228552598130136e-07
8.541468587974776483e-07
6.188060545975204718e-06
1.917830354081218047e-06
3.486255315765518503e-06
5.667495339700678869e-07
7.165799047470500227e-07
3.210479158077816919e-07
1.598026924343187716e-06
1.339668311839403714e-07
3.761396141221950984e-07
1.418007895548356601e-07
5.972585463975832454e-07
9.146437351947867000e-08
1.001408205247855676e-07
3.251152068672880091e-07
1.919805203698388141e-08
2.699179368903514842e-08
1.381145495749080965e-07
3.406920878745722803e-08
8.072025226013579413e-08
5.371736166992491235e-09
1.407833838396044257e-08
3.818677096756317724e-08
4.851875345934786310e-09
1.264059013017515554e-08
6.348811698586587227e-09
7.010675928675880186e-09
3.105924406554549932e-09
1.326995713313294800e-08
6.556951648306608149e-10
2.693854139756979293e-09
6.403808261445931294e-09
7.423968106934353273e-10
2.545705646284091017e-09
1.327695065000966679e-09
1.292082885129275382e-09
6.141676056614642221e-10
2.007633725931157187e-09
5.788192147804238630e-11
6.416334130676659697e-11
7.468270446508995519e-10
2.731712633874394669e-10
4.073252846126251825e-10
1.028612750531010533e-10
2.373876650807460464e-10
1.775113389612670289e-11
5.049938245349494537e-11
1.135570526500373489e-10
1.503464019947386987e-11
2.194666670618516946e-11
1.464717236387969024e-11
5.073430564550562849e-11
3.874678355941796326e-14
1.294564455633917532e-11
2.315247993323055198e-11
5.346834086594753899e-12
7.116307543242328393e-12
6.615152869926532730e-12
3.418931804333169566e-12
7.313261107810831163e-12
2.294386902690348506e-12
2.823075107016848051e-12
2.575495372525438142e-12
5.424549698318514857e-13
2.671751708760439215e-12
1.260991311369252799e-12
1.221800438599984773e-12
5.494493748869899719e-13
6.918909889463975560e-13
2.259303855112193560e-13
1.407762795224698493e-12
7.127631818093504990e-14
3.392841563254478388e-13
6.261657858885882888e-14
4.701794509287537949e-13
3.352873534367972752e-14
8.459899447643692838e-14
1.021405182655144017e-14
2.678968158420502732e-13
3.685940441755519714e-14
7.571721027943567606e-14
4.418687638008123031e-14
2.953193245502916398e-14
2.797762022055394482e-14
1.021405182655144017e-14
1.186435601699453724e-02
3.406041437894469226e-04
9.228887000097829585e-03
5.080059860085084367e-03
5.482188347418093244e-03
2.719926685272655575e-03
2.563151786322714898e-03
1.172623639048797628e-03
1.469159924935459216e-03
4.947217348710841733e-04
8.262005891495061149e-04
1.601251722801455557e-04
5.102426587083597198e-04
1.315530576802004248e-04
2.912532520582544748e-04
4.686836282385975494e-05
1.801980830190563765e-04
5.433064811710686115e-05
1.015466556099076101e-04
1.554005579995632047e-05
6.231465243877742921e-05
1.949887260310756432e-05
3.509264842804782347e-05
5.832557445795139017e-06
2.152440240721364972e-05
6.346730654582799502e-06
1.218556418336458336e-05
1.731850134412127318e-06
7.523700256140131160e-06
2.469028849483301258e-06
4.209091527096475716e-06
7.933832508744131928e-07
2.554479868965842115e-06
6.757724051453806169e-07
1.467282293221572331e-06
2.233198804768576906e-07
9.093962968220736798e-07
2.858300702790472769e-07
5.067557525828547682e-07
8.927098171795933013e-08
3.046311087828712516e-07
8.713028964990598979e-08
1.768613796526707915e-07
2.404236498776413100e-08
1.083761325126886277e-07
3.653670177516943340e-08
6.121631512812086839e-08
1.166921359541106540e-08
3.784703328513217002e-08
9.698599257035311894e-09
2.124166376127334388e-08
3.089672073741667191e-09
1.353944634185921814e-08
4.350730442581607349e-09
7.268320612041634377e-09
1.561375473357884403e-09
4.075704884698438946e-09
9.943432743853009015e-10
2.589526038043743483e-09
6.183247247548706582e-10
1.410336514240384531e-09
2.688533840000673081e-10
9.385802135497556264e-10
2.876581195465632845e-10
4.907941830722961640e-10
1.076858602289121336e-10
2.310052149567809465e-10
1.773483582212520560e-10
7.257883183342528355e-11
1.773746705069356722e-10
5.261369118159109348e-11
7.767675391789907735e-11
7.680189817449445400e-12
6.801637031372820275e-11
3.347522259389279498e-11
2.684197308866487219e-11
9.007683487993745075e-12
2.114997066371415713e-11
7.801537194040975010e-13
4.268962960907174420e-11
3.648414903523189423e-12
1.385469516890225350e-11
4.293676525435330404e-12
1.590061415868149197e-12
5.814015935357019771e-12
6.571743149663689110e-12
3.973710249738360289e-12
2.220224004645388050e-12
3.597122599785507191e-13
4.823585975088917621e-12
1.093791723860704224e-12
2.109534769090259942e-12
5.708766792622554931e-13
1.030842078364457848e-12
2.404743071338089067e-13
5.799805080641817767e-13
9.092726571680032066e-14
3.664846204287641740e-13
1.207922650792170316e-13
1.838529328779259231e-13
5.262457136723242002e-14
1.056932319443149026e-13
1.687538997430237941e-14
5.995204332975845318e-14
2.930988785010413267e-14
2.597921877622866305e-14
8.215650382226158399e-15
8.215650382226158399e-15
9.751165118852656022e-03
5.257261589276307490e-03
1.170819808404055529e-02
3.072754390035625782e-03
9.644208795707154280e-03
2.047658987326173019e-03
4.739375105309973080e-03
9.652108376295709391e-04
3.189198901546119735e-03
8.066853329424805708e-04
1.730990412432076297e-03
2.739126579026640584e-04
1.105791861026883538e-03
3.381706018565910910e-04
6.180868810098383292e-04
1.015062125482302235e-04
3.732308793802374680e-04
1.112508023528580026e-04
2.123210157205512871e-04
3.013885187541642807e-05
1.321684029635949997e-04
4.329008411563251002e-05
7.354737221665352820e-05
1.413134208250177437e-05
4.424584993056868143e-05
1.152801669168646015e-05
2.568270948255513275e-05
4.189462504688989952e-06
1.571229883401414895e-05
4.713597501870836481e-06
8.906560485799630555e-06
1.307472915157426030e-06
5.506546404632217673e-06
1.770029695924435487e-06
3.077975791021536622e-06
5.591706131458096252e-07
1.864201834678169689e-06
5.130724967106203849e-07
1.072846923189096913e-06
1.518531951294477267e-07
6.639584941847687105e-07
2.181544026536030856e-07
3.703610507166388288e-07
7.086045639148608188e-08
2.237116210057621402e-07
5.847621409316161589e-08
1.293052025452823273e-07
2.067307602882095807e-08
7.949184288591482073e-08
2.419028799494071791e-08
4.479374993149320971e-08
6.995801271614254802e-09
2.742346305595333433e-08
8.518477812025082585e-09
1.552978745600341881e-08
2.473794724622280228e-09
9.580181203894255759e-09
2.913769892032291864e-09
5.374221512255417110e-09
8.572638154902278984e-10
3.269243320502823735e-09
1.004310079544268319e-09
1.867208165862166425e-09
2.779978469646948724e-10
1.166377661121487108e-09
3.685414196041847390e-10
6.432824273261417147e-10
1.198805499313948530e-10
3.814113469502444786e-10
1.041072783536378665e-10
2.257144471329297630e-10
3.667888215375114669e-11
1.347761902081856533e-10
4.058420266517259734e-11
7.885736508228546882e-11
9.772072040448165353e-12
5.150380122387332449e-11
1.727551435237728583e-11
2.681521671377140592e-11
6.914246952760549902e-12
1.454680820245357609e-11
2.487676731277588260e-12
9.711786930211019353e-12
3.220756994437579124e-12
5.091482790930967894e-12
1.259214954529852548e-12
2.403188759103613847e-12
1.824540518668982259e-12
6.199485369506874122e-13
1.846967023766410421e-12
6.201705815556124435e-13
9.340306306171441975e-13
2.666755705149626010e-13
2.526867604046856286e-13
1.036171148882658599e-12
3.415046023746981518e-13
1.516564651637963834e-13
2.071676163950542104e-13
3.187450303698824428e-13
1.747491040759996395e-13
8.582023980352460057e-14
2.146061106600427593e-13
6.150635556423367234e-14
7.660538869913580129e-14
6.350475700855895411e-14
1.909583602355269250e-14
8.226752612472409965e-14
2.886579864025407005e-14
4.307665335545607377e-14
9.992007221626408864e-15
3.219646771412953967e-15
4.185540802836840157e-14
5.950795411990839057e-14
7.105427357601001859e-15
