5.936875247790295296e-01
6.029485004983579088e-01
5.471107718130399089e-01
5.350855698234203706e-01
4.937305443620583212e-01
4.303294966268801369e-01
3.276107634111381506e-01
2.592685579600755297e-01
1.092310461652232778e-01
1.988335952671649309e-02
6.415770773987472531e-02
7.418157141862780080e-02
1.892726287608348379e-02
2.146390705599465765e-01
7.502512604202582480e-02
7.500014873305582697e-02
7.541399530662307171e-02
5.708723658160463899e-02
5.587741830904702223e-02
1.306811956192136526e-01
2.731497105531599523e-02
6.778346743021979037e-02
1.252919745085001590e-02
2.341432521657915711e-02
9.250093652913737863e-03
4.590431573866859960e-02
4.713670743331066504e-03
7.701020988649442955e-03
2.028820937891051557e-02
1.348804489981314525e-03
4.497942423607459439e-03
1.088305286980650877e-02
9.411794818656726846e-04
3.996295228156920842e-03
1.911088319770160027e-03
2.336224694972299787e-03
8.588362802424143183e-04
3.118904937536193245e-03
2.206218503580936741e-04
3.041958640810360492e-04
1.390995193884525527e-03
2.991859590948386938e-04
3.820045338380761990e-04
1.322182948849670581e-04
6.532756134038919527e-04
6.155689172593348246e-05
1.497698355730214814e-04
5.726914340731248387e-05
2.508369467564275368e-04
3.637077584162096144e-05
