7.323441036043131236e-01
7.419937241985443688e-01
7.275065103122393406e-01
7.272746050191705169e-01
7.308462763918073257e-01
7.410756699942558923e-01
7.147774011893814894e-01
7.348158898736389943e-01
7.302380239248896787e-01
7.206261224957737355e-01
7.160233970051046448e-01
7.199128509758832006e-01
7.152261812298768007e-01
7.109622306754883603e-01
7.071338536807605379e-01
7.108604668431075524e-01
6.901204619625316283e-01
6.805770963724786515e-01
6.975934639159178108e-01
7.012190223674760192e-01
6.943054208074364020e-01
6.839403968192904193e-01
6.703513706853461152e-01
6.605198792878944625e-01
6.754803909622532077e-01
6.639243183168437312e-01
6.609043517997308381e-01
6.430983824164134832e-01
6.319143862582148330e-01
6.217912923548734039e-01
6.063659550112917573e-01
6.069487098735909525e-01
6.153937953226620294e-01
6.026478315050396439e-01
5.921483282310054941e-01
5.590769565760803639e-01
5.372246788703322062e-01
5.613155723972276245e-01
5.160019661523977952e-01
4.905368577799354979e-01
4.893514408608879984e-01
4.644158517120925422e-01
4.843017344436695293e-01
4.654321881445602216e-01
4.419975062094479989e-01
4.201980832432052892e-01
3.945789602450936462e-01
3.676534562751180291e-01
3.182706117723925754e-01
2.780939675111840925e-01
3.073821186091011404e-01
2.869588214119928038e-01
2.901140481632037416e-01
2.376592907621841722e-01
2.098247108417176099e-01
2.027844269517858899e-01
1.765624179864727639e-01
1.410911434335323511e-01
1.136900350206152543e-01
1.053047149403456562e-01
7.940346676499010492e-02
8.064197102733905442e-02
8.732048779736845123e-02
5.008820247669787395e-02
3.307113375184522752e-02
2.307328082179105344e-02
1.418945774954150085e-02
6.138094653012116098e-02
2.971618665407038673e-02
2.916361605246575728e-02
2.335370316957063874e-02
3.283054697301546199e-02
7.868171168939508409e-02
1.260021304092904249e-01
4.335636767588535445e-02
6.941276485671521446e-02
4.186094933648876193e-02
1.995065342648594253e-03
2.264030776662151467e-03
2.760613577034998212e-02
5.677944079932939481e-02
2.457682347482392782e-02
6.521265947680177089e-02
1.865193785728225251e-02
2.067193569188940927e-02
3.247085231764867963e-03
2.448880589575430644e-02
8.003283387613402411e-02
1.317755507010665017e-02
1.055718732344335109e-03
1.596778231996887065e-03
2.541361913483153323e-02
1.413695796052460985e-02
3.621316444715039218e-02
1.332655364656532004e-02
5.687878641744137376e-03
8.097746434475250332e-03
6.061988985569310984e-03
3.286881351048476230e-02
5.787507170959660385e-03
2.440155694132917219e-03
6.979359608620616662e-03
1.150543952688876104e-02
3.604433871047696414e-03
1.193311669273044995e-02
2.890290835910525047e-03
9.437407451832191541e-03
2.608269128626439226e-03
7.810137711687481499e-03
2.561103889299309877e-03
7.690358752326487135e-03
2.546396211203449944e-03
5.917579473993628270e-03
1.528781807983770058e-03
3.929677894615513090e-03
1.464405372362032054e-03
4.842173629823198766e-03
1.202151229074854832e-03
4.319981196819533409e-03
1.096513377811358936e-03
3.135751662107333360e-03
1.160212684182093668e-03
3.624484019705720428e-03
1.119020626352273950e-03
4.615914439691892746e-03
9.855601936564761800e-04
2.473575447467735167e-03
9.006072236492634886e-04
2.307035732847628751e-03
6.652056978461162728e-04
1.777343280401688652e-03
6.640766171137624241e-04
2.409854992319715450e-03
4.716707836054379044e-04
1.613327827110100365e-03
5.155610350953132581e-04
1.141315174427504076e-03
5.326238166392105455e-04
1.702173864488898403e-03
4.717617658042128070e-04
1.276280975524124450e-03
4.847388439199740162e-04
2.097997201511603294e-03
3.795322612999418865e-04
1.071239253191302865e-03
4.149659386655235593e-04
9.642723318455947989e-04
2.956314803578274919e-04
7.691975666366257514e-04
3.081651050367284483e-04
6.414261839986501457e-04
2.466378465968421807e-04
5.533591348318989134e-04
2.426878257570930231e-04
5.512906404295803142e-04
2.249394008754235230e-04
8.676157479947654849e-04
1.914277463761493436e-04
8.355101166934719714e-04
1.951026220652352094e-04
4.545930423632826844e-04
1.951501243423470200e-04
9.242650923184658751e-04
1.379443111804157240e-04
3.695943079855545932e-04
1.450324863957463961e-04
3.690147052236580905e-04
1.383779410616403638e-04
2.707195882740709436e-04
1.188106583392967153e-04
2.213912410965468425e-04
1.853882540452378436e-04
2.696533710221382663e-04
1.005003203022880598e-04
3.670674414988361889e-04
7.811965642023910306e-05
2.703182654063551738e-04
8.617383080511409332e-05
2.354322097926075941e-04
8.744282942796388625e-05
2.265497990046050347e-04
8.423764718756832082e-05
3.066022662200351689e-04
5.512446584043928510e-05
1.970568079949774898e-04
6.144340343550158678e-05
1.432190071257721797e-04
6.525557163172823749e-05
2.005774200587451261e-04
4.976678441659387886e-05
1.058722894241581614e-04
4.759286387312489097e-05
1.256694941701441692e-04
3.867544153157709275e-05
9.409652997494077908e-05
4.037961260161537780e-05
9.130995130712804553e-05
3.938536554748406360e-05
1.593043906343849514e-04
3.029163082246544292e-05
6.789930519079945270e-05
3.096130970159371998e-05
8.374788419540646345e-05
2.745168076534465484e-05
1.256714000893444094e-04
2.045241800685548839e-05
9.047375830506521055e-05
2.076469495404520416e-05
4.302513370824101457e-05
2.041365866312094823e-05
3.089328559169324251e-05
6.860419857679378453e-05
1.608543763864656029e-05
4.921564440052428324e-05
1.732719663016801803e-05
6.030474386997664027e-05
1.215069238147403752e-05
3.323087818851711006e-05
1.441088937148560234e-05
4.426129954882007667e-05
1.309775656677114597e-05
3.349554152187739220e-05
1.243583551269189513e-05
2.683341779019521312e-05
9.256882261166055059e-06
2.771680209778804027e-05
8.973603791040396516e-06
3.366819945893606558e-05
8.451243352358694949e-06
2.203350806151416208e-05
7.748174761457171655e-06
3.007419355638418779e-05
6.401229256436380410e-06
1.572871929456098883e-05
6.683420083031244019e-06
1.981976849163569199e-05
5.594565662958572716e-06
1.493892432735677289e-05
5.638791073292459544e-06
2.205916038766631004e-05
4.878376629435798861e-06
1.087954223710774215e-05
4.233691322075294750e-06
1.220875261009890522e-05
3.947068134557696339e-06
1.457287799555562202e-05
3.462396747866414159e-06
9.537458688479993896e-06
3.506883129111848518e-06
7.613710107379212388e-06
3.065090730225428217e-06
1.201196646882785046e-05
2.541995218208192853e-06
7.082862208185325414e-06
2.543039587021844739e-06
7.589230884175179881e-06
2.467639067749161086e-06
9.838742758172536185e-06
1.889767438201239713e-06
4.429997009780528572e-06
1.996334029641388952e-06
5.307404947640925741e-06
1.754108489127048642e-06
4.915241545111470600e-06
1.542608089599717403e-06
5.487189084552035467e-06
1.469576825785523511e-06
3.046385758653791243e-06
1.441092958631706722e-06
5.442562882596035934e-06
9.635270450392141584e-07
3.051944357790326023e-06
1.170045279885734146e-06
2.572538284173475631e-06
1.162761453565863690e-06
4.352335577939570044e-06
7.530177393855197465e-07
2.615039705666788450e-06
8.464482494918712518e-07
1.780985352306529990e-06
8.387533869669283604e-07
3.793136604257618671e-06
5.545589478739287870e-07
5.545589478739287870e-07
1.149807037010619482e-03
3.131484433796960509e-03
3.245215379273913570e-04
3.230811511949482906e-04
1.058620120242104168e-02
6.354681884742974241e-03
9.679676760691036108e-04
1.416411206672241185e-03
1.646604713404409281e-02
4.385923377056788475e-03
5.506486689685563540e-03
2.485972184663065576e-03
6.146733484401645242e-03
1.872581844689413799e-03
5.525020078500642029e-03
1.289564472327975331e-03
2.846054868137937177e-03
1.132629384389849392e-03
3.133817676449046630e-03
7.649138451077952539e-04
1.551549663793894140e-03
6.661235139481247458e-04
2.317277062919176345e-03
5.274073038423754411e-04
1.351022720641692487e-03
5.228544610877960963e-04
1.490144150582350946e-03
5.017339803040643531e-04
1.373335277153442391e-03
4.193831874296227724e-04
1.402046007211277256e-03
3.052434023114170003e-04
6.363825181729954039e-04
2.955105811766056689e-04
9.388218083616894916e-04
2.149178390490336099e-04
6.298763249571459610e-04
2.357023380216149988e-04
7.348141068699298728e-04
2.160302704518057837e-04
7.623442849155059875e-04
1.706036987181303033e-04
6.647086727465945089e-04
1.210044717158131888e-04
4.756413321168606601e-04
1.539732821685957376e-04
2.437254733499427672e-04
4.917433920713643047e-04
1.219199021857964027e-04
2.600392951213059689e-04
1.140145650616597450e-04
4.540409038781278994e-04
9.229505238195212513e-05
4.776748300384658918e-04
8.087268750900378222e-05
1.794193310520331153e-04
8.108634730985553318e-05
2.804841088033249719e-04
7.081903224570584854e-05
3.452376544684776505e-04
6.083941746026777508e-05
2.498645552935219172e-04
4.766602086603288768e-05
9.148371527567533690e-05
2.331655432185053556e-04
4.410081885308780869e-05
1.186713234634373393e-04
4.148150401250827457e-05
1.026868807383340965e-04
4.347875920152066698e-05
1.152177394426745494e-04
3.548555832633137896e-05
1.334801292243170678e-04
3.379522013358116084e-05
1.244958599463386051e-04
2.936601207070843600e-05
7.150375198439196112e-05
2.896346249814385487e-05
3.886411955766888582e-05
6.459443850004298326e-05
1.902573660272910416e-05
8.334297469392293323e-05
1.738060506140115535e-05
4.951191643787211660e-05
1.886708218956645311e-05
4.460711245579673800e-05
1.776199231628972086e-05
4.657224534887483003e-05
1.571846851888825114e-05
5.020445834769127202e-05
1.439875730147033295e-05
3.884578195800791889e-05
1.295130295508872820e-05
5.289328373014878792e-05
1.187742730412999492e-05
2.643843608385321176e-05
8.359156380977061929e-06
2.309509340903126429e-05
8.507467108453958815e-06
2.182085787028054114e-05
7.982122529170965208e-06
3.108513502370069403e-05
7.056867552202028548e-06
2.050148802268392245e-05
6.993857104675704761e-06
2.120923034443222832e-05
6.175820007392474054e-06
1.685367461723430438e-05
5.754631629106832236e-06
2.301008493632572538e-05
4.751280005876878931e-06
1.180758107854895655e-05
3.758083841232107147e-06
9.367324774078866767e-06
3.876209743847169875e-06
8.591897464271802676e-06
3.707893462934208628e-06
1.397722376184074022e-05
2.757090343696866341e-06
9.267449004868311135e-06
3.120146000568091438e-06
9.201120568014253820e-06
2.664123040174715129e-06
7.069837228423914155e-06
2.613789787719866808e-06
1.008951270631275321e-05
1.841949744174620207e-06
4.171746564196610052e-06
1.836548077394084544e-06
4.823027635159071735e-06
1.706934379397395674e-06
3.258358423519069902e-06
1.495270937623693897e-06
4.760456891017561531e-06
1.323997213864558375e-06
3.396476702111073109e-06
1.241255447204103746e-06
4.404338224461845641e-06
1.097860388266092002e-06
3.635075765839879125e-06
1.141064017384785245e-06
2.389312629080819761e-06
8.259103837504611079e-07
3.235347421082224173e-06
7.437046631864063784e-07
2.549930712913983655e-06
7.322032687939739048e-07
1.657407055710713450e-06
6.902938542996395199e-07
2.212746686880429081e-06
5.466708289381116970e-07
1.444583115572939391e-06
5.668543513470680750e-07
1.622070694429211812e-06
4.945499245678774969e-07
1.821620901565346173e-06
4.528181619667392965e-07
9.484585731245331885e-07
3.809816383482100832e-07
1.263087139768970246e-06
3.054353874265558488e-07
1.238225584065943963e-06
3.025086615648930888e-07
7.652425623172476321e-07
3.196556958018348382e-07
6.672690541220660521e-07
2.581267797285846655e-07
7.887279123153234650e-07
2.402490603126139490e-07
9.170975318051333147e-07
2.252658969359444541e-07
6.945357244880767666e-07
2.159206763385768113e-07
8.066576886456289230e-07
1.833329594802535212e-07
3.863988891072978049e-07
1.805221029327341853e-07
3.770635632616148314e-07
1.456384985942804633e-07
4.906214638999983890e-07
1.278915815472458917e-07
5.365036622739793870e-07
1.229266336499890144e-07
2.690216175382786901e-07
1.211466058581578409e-07
3.398797193687741469e-07
1.047511254403943326e-07
4.102524989724187776e-07
9.076555929077301244e-08
2.949826334308625064e-07
9.569483505611486862e-08
3.592699484578076863e-07
7.237560761819139543e-08
1.568207460556081401e-07
7.149983616283606125e-08
2.373199110561330372e-07
6.068590219232561367e-08
2.005498824786400291e-07
5.410104919612024332e-08
1.366551296566598239e-07
5.667584834778693903e-08
2.159434639992241500e-07
4.901924888223163634e-08
1.920370756858247319e-07
4.238778050780211970e-08
2.101832555778671008e-07
3.611069798736821213e-08
7.116712252841495001e-08
1.345846745159917646e-07
2.881114713471077948e-08
1.327868033307311180e-07
2.872847071344608594e-08
6.558184972860203743e-08
3.039761231615756287e-08
1.025013448563427687e-07
2.502730556130927653e-08
6.925573869942525107e-08
2.562259171501324317e-08
7.529269629991119928e-08
2.362210549389232028e-08
9.114544086141762591e-08
1.955062312042343819e-08
7.592521478194669271e-08
1.732731713666169071e-08
7.950022085090324708e-08
1.367954027831075337e-08
2.245480423823664751e-08
4.900593641998796102e-08
1.188191955936446220e-08
4.560812394416302595e-08
1.216938128045796930e-08
5.628614885289096037e-08
9.647098231369000132e-09
5.052919271886224806e-08
9.944026713171183474e-09
1.844206021228700365e-08
2.975209156819147438e-08
1.002275284989195825e-08
1.975908314744145855e-08
9.226004960005695921e-09
2.323597436681978934e-08
8.269714579789422260e-09
8.269714579789422260e-09
3.160276103021719685e-03
5.032196384864295879e-03
9.339059812055405807e-03
1.867737419151249689e-03
4.695786197080331625e-03
4.587805047354454047e-03
6.023758248674737636e-03
2.026931102030560261e-03
1.018045206790818558e-02
4.313901295651345613e-03
1.151532459266557673e-02
2.372510574773945002e-03
4.748657327157679298e-03
2.224532985930061102e-03
7.984837312704384793e-03
1.869638864449574278e-03
5.011513199268402552e-03
2.149649254044816438e-03
8.071458050424418218e-03
1.710171984685371349e-03
3.507869276303088313e-03
1.505969576851895475e-03
2.512758092480860128e-03
1.107573500039649161e-03
2.628609396397640907e-03
1.012884378049694334e-03
2.989010117388390952e-03
9.438693826985256052e-04
3.058952864713471165e-03
8.350050694514443705e-04
2.676703784102230088e-03
7.936740918532692035e-04
3.278830939919985532e-03
7.640626312178655510e-04
3.468311368569176878e-03
6.597977849891467628e-04
1.522787798814873028e-03
7.262044101544740116e-04
1.069472583407726773e-03
5.035022270168942882e-04
1.870252424027718519e-03
4.066762407753943265e-04
1.853933623710779521e-03
3.755264037234029573e-04
6.967035193620185751e-04
8.702107371038048100e-04
3.632318459672045918e-04
1.032425458569075083e-03
3.377085089312226174e-04
1.098457941053787579e-03
3.133700718532805851e-04
8.995797636512925521e-04
3.160145357112842390e-04
1.042661174758263698e-03
2.762428661354787707e-04
9.550675407308251152e-04
1.987143611440478352e-04
5.108424281198287176e-04
1.845021738876573281e-04
6.314035375463156186e-04
1.574129097920984321e-04
3.798600374921301537e-04
1.695833376875732768e-04
4.311380287104205067e-04
1.521493265542739337e-04
3.507690485650138967e-04
1.477068896577060642e-04
4.808136124573314518e-04
1.340314752783511310e-04
4.715122490495105012e-04
1.134033645729948248e-04
4.185524669110263218e-04
7.586267829085002745e-05
2.228846419987107197e-04
8.529298176163102596e-05
1.949165720537271440e-04
7.849666495440832392e-05
2.355186732931890958e-04
6.883015165548567182e-05
1.829588691792949362e-04
7.017638990658436882e-05
1.376341166585692832e-04
6.346275959712155412e-05
2.246725870884702658e-04
5.557927331067968879e-05
1.276079860730305882e-04
5.210129838117971701e-05
1.593523996522572261e-04
3.389600412617710390e-05
1.183079796793773397e-04
3.368449775820181458e-05
7.885839220556078999e-05
3.555185699488649931e-05
1.211525760760334691e-04
2.896012471953479661e-05
1.124588069248977362e-04
2.893275780846416012e-05
6.146853417043907086e-05
2.900934785976527763e-05
8.917779060424457782e-05
2.343071502775018189e-05
8.982918626665448159e-05
2.143750886163253710e-05
7.748181554356747824e-05
1.348643693532824983e-05
4.151715672906508559e-05
1.573941927957012155e-05
3.572609125690462406e-05
1.598004658498464181e-05
2.337090717918766103e-05
4.610135906824019969e-05
1.219109532091255943e-05
4.609363772933861014e-05
1.218384883572287691e-05
4.322265678391445931e-05
9.439960029444804945e-06
2.451042328599495335e-05
1.094150486391498589e-05
2.288853625809217363e-05
9.975422636476771743e-06
2.343453936037853680e-05
6.873267530127513680e-06
3.026961749907908228e-05
6.201752705159435664e-06
1.307298606301188215e-05
6.143277271108971149e-06
2.190831651027735916e-05
4.935774016390226393e-06
1.283048459099767058e-05
5.699401772973899938e-06
1.954917133428768494e-05
4.417507348808413781e-06
2.203115446242076558e-05
3.727664597885649300e-06
9.493107101854469931e-06
4.517821501570651321e-06
1.213906367769634898e-05
2.855697523340694488e-06
4.551581208489530184e-06
1.051349823377734083e-05
2.513003539705849221e-06
1.128857785503978306e-05
2.223006864254806203e-06
5.799237075998497914e-06
2.272170461115052831e-06
4.605003067648105741e-06
2.144627671452070672e-06
8.811411814857450508e-06
1.773365428614503969e-06
5.574589047152578303e-06
1.990992384515166691e-06
4.076993961654729048e-06
1.731589248654685775e-06
3.258264163474855479e-06
1.310148763256080429e-06
4.815066967589487490e-06
9.916041167068456730e-07
2.733238848140473465e-06
1.038374548456566515e-06
4.611600506243540565e-06
8.557055733993124136e-07
1.873091350246269826e-06
3.742322651101304132e-06
7.909043114873171021e-07
1.892892456223371767e-06
8.845711966243285929e-07
2.301212569721933221e-06
7.911421563422393888e-07
3.247750920309933065e-06
6.879333526166320212e-07
1.960525258248857483e-06
5.670269177526776616e-07
1.993469681105253244e-06
4.170059128005831894e-07
7.979096247057171354e-07
1.576144566084458631e-06
3.593250332833974880e-07
1.521501136747538396e-06
3.506201801117825312e-07
7.280273841558937420e-07
9.820071874555580393e-07
3.567758734002168808e-07
1.542790819653028223e-06
3.090496975000078805e-07
7.492888195459457279e-07
3.424194383594425517e-07
1.314326273038624038e-06
2.721201173283560593e-07
7.923115989960649586e-07
2.505709872924199999e-07
7.542733408971713516e-07
1.717039380677576332e-07
2.665872401719227014e-07
6.524954321296405624e-07
1.430089973109005541e-07
7.391355467678550895e-07
1.337359936126603088e-07
6.853895445635416195e-07
1.349638396597185874e-07
4.513815291540268504e-07
1.370850000181889072e-07
2.594461425697858203e-07
5.361464582298580694e-07
1.064413833740118775e-07
2.240037909606584776e-07
2.239325503916589355e-07
2.851334977016506400e-07
1.007459783375352913e-07
2.397922758134996002e-07
1.045424616874512935e-07
3.255996329221133578e-07
6.799747853669657616e-08
2.069132929438666224e-07
6.281272058039633066e-08
1.334297705657405686e-07
1.331150942807113324e-07
2.405919801162781368e-07
5.498575417206552629e-08
3.171100406706983676e-07
4.859874469520519824e-08
9.791153199323332501e-08
1.801312298210788754e-07
4.369940842519071111e-08
1.714430805099809163e-07
4.357797045440037209e-08
2.010811696040448737e-07
3.907889223331295625e-08
9.074384976770488720e-08
4.217867399791686012e-08
1.102325520863089992e-07
2.824825051650492469e-08
1.019358994991392819e-07
2.654869790674752039e-08
9.840973791419571626e-08
2.260406462006869788e-08
1.158946306700769924e-07
1.768241519872759682e-08
4.020129307225062121e-08
3.396641234942876508e-08
7.430981308065298663e-08
1.711410591020978700e-08
6.382421779971281239e-08
1.699918072972650407e-08
6.593438794944006531e-08
1.612674582762707587e-08
3.585725982802046019e-08
1.594029341855929260e-08
3.878151977332322531e-08
1.236240765312146550e-08
3.602411569048058482e-08
1.186636144900887757e-08
3.743940013567481628e-08
9.560467084668289317e-09
1.790981651872414204e-08
8.382071814416747202e-09
3.408095239354480555e-08
6.702552290960284154e-09
2.949571742405510122e-08
7.083965303245065570e-09
2.860538461657569087e-08
6.674354513513947040e-09
1.307625319135752306e-08
5.944841841021286655e-09
2.333846793600713454e-08
4.880880144497723450e-09
1.126597970468878884e-08
5.218142029583816566e-09
1.908827129692980407e-08
3.759341393738679926e-09
1.458500031858989132e-08
3.460902342489191597e-09
6.274181285625957116e-09
1.098777369090697675e-08
3.086331745727477482e-09
6.307291910978563010e-09
1.607668231873304876e-08
2.421086775505898459e-09
5.677323056119121247e-09
8.021763031607065386e-09
3.186444330616211573e-09
6.064018287510464233e-09
2.820721767271550107e-09
6.235196581272361982e-09
2.636654228282964141e-09
8.570854581613218670e-09
2.122261255621538112e-09
1.082689216058696502e-08
1.823997175520730707e-09
3.714342389216085394e-09
1.785446568369764009e-09
8.834120879264162340e-09
1.225049173214642906e-09
5.471425201797330828e-09
1.484860900902162939e-09
7.852192118740219939e-09
1.129658255827337143e-09
5.109445977424798002e-09
1.232207669232820990e-09
1.387211567838164683e-09
2.140431498709460811e-09
9.940819278853041396e-10
3.228699085866537644e-09
8.969855969098716741e-10
2.486212347108107679e-09
8.121240346881108962e-10
3.742067988810049428e-09
6.880896963323834825e-10
2.949588684408865902e-09
6.216379633272595129e-10
1.013617301204305932e-09
1.422566509035050331e-09
5.652739387684846406e-10
