6.360197177307645999e-01
6.506049299904930194e-01
6.012366714102663767e-01
5.794189067403920923e-01
5.303618846143700605e-01
4.746179965715972005e-01
3.639980567264360367e-01
2.826852364097387493e-01
2.767578624071067583e-01
2.767446164251307072e-01
2.708762799812185484e-01
2.593752180223647397e-01
2.453865638344862043e-01
2.398986113426437861e-01
2.226250857446986364e-01
2.000613753507424208e-01
1.697190299844845152e-01
1.573496551449559133e-01
1.573496551449559133e-01
1.573496551449559133e-01
1.573496551449559133e-01
1.573496551449559133e-01
