7.148797534667132858e-01
7.198589317809804822e-01
7.239284167103638978e-01
7.098473573112051849e-01
6.999987824632050160e-01
6.926630541045977196e-01
6.725678026704666745e-01
6.487974319491287556e-01
5.984955121022805802e-01
5.475846439772247276e-01
4.290980857301016638e-01
3.145152994417264036e-01
1.085629994355776784e-01
1.079724557028828302e-01
3.516688560353129489e-01
1.964410947567967192e-01
1.343421022689642585e-01
2.035081469426607281e-01
7.713082238800295087e-02
2.714188985005192567e-01
5.730533420052807969e-03
3.156128975056438080e-02
1.168445219263700707e-01
3.018018166073799247e-02
5.727725022365504071e-02
9.248068229994466094e-03
4.656854246341501913e-02
1.184661029989797498e-02
2.655315702690619339e-02
2.458975281886210951e-03
5.104927038056650268e-03
1.398214703642053358e-02
7.495949503204535347e-04
4.665367285300536793e-03
1.626327949027617237e-03
4.752172259083753403e-03
7.592990950654465721e-04
1.239613740775413753e-03
7.408003506534921456e-04
1.462525052652319246e-03
4.650821626488443883e-04
1.934540904919734849e-03
5.622841226693431338e-05
3.608946167512616654e-04
8.584145465460046864e-04
1.398053263285126135e-04
3.913397536002838351e-04
1.466488344952221468e-04
2.294285106054783085e-04
4.608496853331089937e-05
2.583459823590761317e-04
4.992439501483314501e-05
2.533774140223155058e-05
1.380464856526320006e-05
8.883157146533093851e-05
3.020560327893218044e-05
5.992536564558559320e-05
7.955090459699221128e-07
2.548439764904486537e-05
2.437223252327314071e-06
2.935284912797264667e-05
1.156023922721516328e-05
1.002545045936109602e-05
2.494065183933358298e-06
8.299647276110988514e-06
7.381593092325999805e-07
