5.221193463888140762e-01
5.193744183125722502e-01
5.290193520698527330e-01
5.095285276506891226e-01
4.953005768474936232e-01
4.898013507870443428e-01
4.663725365289915770e-01
4.258246755331178690e-01
3.557224555632509944e-01
3.064974555391364319e-01
1.870206756106672641e-01
6.691970560354432163e-02
1.949294852690819368e-02
4.268084589129816919e-02
3.877846453221605039e-01
1.339266371290392943e-02
1.389705888190082561e-01
1.260627839959682639e-02
7.159309310028838524e-03
8.980852258464233628e-03
5.140317803506766481e-03
8.248114555811769666e-02
1.755013291573215284e-02
1.644634971984992866e-02
1.855667134156013809e-02
5.069006193279657069e-03
4.268084589129761408e-02
1.266292732603901960e-02
1.829415040830406625e-02
7.275878936125357299e-03
8.245123933754650025e-03
3.982249097199019872e-03
1.183065436555508221e-02
1.263520934779993610e-05
1.261847041812425019e-03
5.831920895860598364e-03
1.748275965132606302e-03
3.159904909927790939e-03
5.760648973966997488e-04
1.771455636787377941e-03
4.824567746427588233e-04
1.087354415647445727e-03
1.667522513681962693e-04
6.295007476826430803e-04
2.017206361043522023e-04
3.542588988609818301e-04
6.203901332513250821e-05
